Run,Iteration,agent-0,agent-1,agent-2,agent-3,agent-4,agent-5,agent-6,agent-7,agent-8,agent-9,agent-10,agent-11,agent-12,agent-13,agent-14,agent-15,agent-16,agent-17,agent-18,agent-19,agent-20,agent-21,agent-22,agent-23,agent-24,agent-25,agent-26,agent-27,agent-28,agent-29,agent-30,agent-31,agent-32,agent-33,agent-34,agent-35,agent-36,agent-37,agent-38,agent-39,agent-40,agent-41,agent-42,agent-43,agent-44,agent-45,agent-46,agent-47,agent-48,agent-49,agent-50,agent-51,agent-52,agent-53,agent-54,agent-55,agent-56,agent-57,agent-58,agent-59,agent-60,agent-61,agent-62,agent-63,agent-64,agent-65,agent-66,agent-67,agent-68,agent-69,agent-70,agent-71,agent-72,agent-73,agent-74,agent-75,agent-76,agent-77,agent-78,agent-79,agent-80,agent-81,agent-82,agent-83,agent-84,agent-85,agent-86,agent-87,agent-88,agent-89,agent-90,agent-91,agent-92,agent-93,agent-94,agent-95,agent-96,agent-97,agent-98,agent-99,agent-100,agent-101,agent-102,agent-103,agent-104,agent-105,agent-106,agent-107,agent-108,agent-109,agent-110,agent-111,agent-112,agent-113,agent-114,agent-115,agent-116,agent-117,agent-118,agent-119,agent-120,agent-121,agent-122,agent-123,agent-124,agent-125,agent-126,agent-127,agent-128,agent-129,agent-130,agent-131,agent-132,agent-133,agent-134,agent-135,agent-136,agent-137,agent-138,agent-139,agent-140,agent-141,agent-142,agent-143,agent-144,agent-145,agent-146,agent-147,agent-148,agent-149,agent-150,agent-151,agent-152,agent-153,agent-154,agent-155,agent-156,agent-157,agent-158,agent-159,agent-160,agent-161,agent-162,agent-163,agent-164,agent-165,agent-166,agent-167,agent-168,agent-169,agent-170,agent-171,agent-172,agent-173,agent-174,agent-175,agent-176,agent-177,agent-178,agent-179,agent-180,agent-181,agent-182,agent-183,agent-184,agent-185,agent-186,agent-187,agent-188,agent-189,agent-190,agent-191,agent-192,agent-193,agent-194,agent-195,agent-196,agent-197,agent-198,agent-199
0,0,434.375202935332,415.73284161818884,361.18211703972975,482.8321152697477,343.0421309619583,487.1769500339308,271.0624866654241,446.606641234888,181.30088424413125,427.0681472503907,468.798389098634,466.9695150064383,333.76093096911876,464.10969913167537,436.9167019779112,467.17692821289654,475.6559369027824,387.6734269554243,483.24734570631495,376.6180120051737,475.6525720126528,454.7350113430496,432.28231633491157,337.1485518200771,431.46106145772166,452.92879287768176,451.1516518450493,423.0634943540836,399.610004837167,427.73148331047287,471.7075701448667,480.73444702456567,458.30239188548546,429.67388920756576,422.07368915386456,468.14460727010055,465.6852041579456,426.9287339608814,368.84119628391505,484.857237725197,495.78544586816525,485.5259160601116,388.89341932756554,302.85559799728486,438.6510574391179,368.2506312839173,334.59739819086997,266.7773240954273,402.1538754991247,374.08478012676505,366.3775248269128,450.652653794994,484.37401802700606,420.23879911205444,491.8488910540018,478.31780267096883,404.51935872340755,467.40478261360136,390.12147583122885,444.56904123359107,388.42000975401254,492.3797209189242,406.0544088972266,409.12937037545476,481.1264754917061,279.99934226087214,61.526232252510624,429.74195511135684,452.2433035555061,479.9172377678455,168.28741047019335,401.5181130916737,451.83814870737655,352.54408201513974,483.21452986711125,446.505101995546,382.5602139695302,328.49930512840166,472.8363495097653,441.2440977809547,420.90340272906707,341.1930655326817,470.9975966161156,390.2976182988019,394.41007963522014,277.19619433471945,438.3493874425056,371.05279271235537,337.02389645582235,404.1630784935976,249.37202376821,369.8196707203482,404.0781674544732,319.0916371802236,198.58145076713973,484.23243062207786,439.22520809874555,152.19814022705253,432.8718666577188,368.78812488935165,406.6655102717361,442.2761293080063,411.5329393492601,426.76434303713023,450.4362302240684,384.91058212670737,419.57819460169964,462.05640401113686,439.0306503352901,335.6450995205764,472.5257979546765,479.11101200663904,433.5192005097892,467.0966995473217,438.3107239065258,448.36504269272217,447.590637938198,416.5590567568954,479.05076091486075,370.19130298195404,381.6398540081417,486.14404189884493,357.75488549577346,330.79650397800856,403.3009079258295,415.44991409053387,419.73112079240207,484.33817668239504,460.69943748975714,381.15044984064366,403.11021066728125,369.81970468190843,426.2345050126867,457.3635833918108,478.7878927162214,444.6617415965263,362.44948422421317,431.4907331026554,470.6877053441992,449.45524870706214,476.3967226492115,345.9747395164704,428.23972663676807,465.216993743903,419.4319408651247,480.4113454719025,404.7325757177729,229.91799028229926,454.34143011525555,458.47827326214514,391.5314884055834,427.5092510170268,334.8811630081195,430.0480676201229,408.22754544502595,329.52545081240646,470.1523159072358,376.280949069441,320.5865961111046,371.39987221614757,449.30396150599955,380.6546436278985,225.29902980249537,448.88390968399995,399.6512887440392,432.48264607723166,310.8367745706553,444.67972235489185,375.090462741555,307.81815558762696,476.9956311447239,443.76405650159387,274.78855367826,431.4129308949103,472.5722631190913,360.0353377981305,369.21788750707884,376.41501066557976,396.99380356190284,485.3133822025616,472.81773317041467,257.98169125154413,484.1009762339129,403.2307487385879,421.09245122123764,449.3625925526957,477.3834100896288,437.8627549514134,327.10129148478165,474.569996316524,352.6177826948738,483.7537736946192,256.8691528934223,247.66140357239925,455.14956352476804,289.4869622477078,465.1575289187166,237.63940100573367,398.7081103825617,475.72303636256254
0,1,434.375202935332,415.73284161818884,361.18211703972975,482.9242587343196,343.0421309619583,486.6588397782695,271.2586637620612,446.606641234888,181.4087049248021,428.7422031086767,468.798389098634,466.321380205053,333.8659392943138,464.10969913167537,436.9167019779112,467.17692821289654,475.6559369027824,387.70953979829113,483.24734570631495,376.6180120051737,475.6525720126528,454.4352890376126,432.28231633491157,337.3616113554747,431.9006388102614,453.37665046375633,450.2774174601278,423.0634943540836,399.610004837167,427.73148331047287,470.11691008348083,480.460829768312,457.41991802874435,429.67388920756576,422.30108953634976,469.074651338662,465.6852041579456,426.6271761265375,368.84119628391505,484.4657469999198,495.78544586816525,484.41174970514606,388.50896587637664,302.85559799728486,438.6510574391179,368.2506312839173,334.59739819086997,266.7773240954273,402.1538754991247,374.08478012676505,366.3775248269128,449.915948523547,483.9965328936817,420.23879911205444,491.39307802721515,478.31780267096883,404.51935872340755,465.1596302728582,390.12147583122885,445.1212841514171,389.0342116583279,492.3797209189242,406.0544088972266,409.12937037545476,481.1264754917061,279.80007659312463,61.526232252510624,429.98081962995633,450.7633455304396,479.48374916003615,168.06538409753713,401.7741647116884,450.95848417014,351.7035188709086,483.21452986711125,446.505101995546,382.5602139695302,329.0883662631307,472.2979277400564,441.20544405858357,420.90340272906707,341.54927281378747,470.9975966161156,390.2976182988019,394.31846311751536,277.19619433471945,435.63053212067155,371.3969398879254,336.9957992154869,404.62504518268406,249.37202376821,370.4024123808801,404.8612698943025,319.5625543191868,198.58145076713973,484.23243062207786,440.20814262361387,152.19814022705253,432.8718666577188,368.78812488935165,406.09600217903494,445.17054362325695,411.5329393492601,426.76434303713023,451.11137883558723,383.5948221502253,419.57819460169964,462.05640401113686,439.0306503352901,335.6450995205764,472.5257979546765,479.11101200663904,433.5192005097892,467.0966995473217,438.3107239065258,448.36504269272217,447.590637938198,416.1573199177331,479.3910746615821,370.19130298195404,381.6398540081417,484.8461549436661,357.75488549577346,330.79650397800856,403.00337304392514,415.44991409053387,419.73112079240207,484.33817668239504,460.69943748975714,381.15044984064366,403.11021066728125,369.81970468190843,426.2345050126867,457.5872710511446,478.63966884368193,444.6617415965263,361.46933629248616,431.64089290673553,470.6877053441992,449.45524870706214,476.36551683677123,345.6560581841949,427.9293724539271,465.216993743903,419.4319408651247,480.4045374203017,404.7325757177729,230.24069804663569,454.34143011525555,458.47827326214514,391.1159500648022,426.0528490012698,334.4865107200414,430.0480676201229,408.22754544502595,330.54148060563415,470.1523159072358,376.280949069441,320.2581014390622,371.39987221614757,449.30396150599955,380.6546436278985,225.29902980249537,448.88390968399995,399.5012198734811,432.48264607723166,310.8367745706553,444.67972235489185,373.13122851398384,307.81815558762696,476.353103799285,443.76405650159387,274.78855367826,431.4129308949103,473.0396574640326,360.0353377981305,369.21788750707884,375.63552297613575,394.7091066489714,483.4005049169395,472.81773317041467,257.98169125154413,484.1009762339129,403.2307487385879,421.09245122123764,449.3625925526957,477.3834100896288,437.8627549514134,327.10129148478165,474.569996316524,352.6177826948738,483.7537736946192,256.8691528934223,247.66140357239925,455.14956352476804,289.4869622477078,465.11471356252764,237.63940100573367,399.5148977606685,475.72303636256254
0,2,434.375202935332,415.73284161818884,361.18211703972975,482.9242587343196,343.0421309619583,486.6588397782695,271.2586637620612,446.606641234888,181.4087049248021,428.8159611924157,468.798389098634,466.321380205053,333.8659392943138,464.10969913167537,436.9167019779112,467.17692821289654,475.6559369027824,387.70953979829113,483.24734570631495,376.6180120051737,476.33200455338556,454.4352890376126,432.28231633491157,337.3616113554747,431.9006388102614,453.37665046375633,450.2774174601278,423.0634943540836,399.610004837167,427.73148331047287,470.11691008348083,480.460829768312,457.41991802874435,429.67388920756576,422.30108953634976,469.074651338662,465.6852041579456,426.6271761265375,368.84119628391505,484.4657469999198,499.4837057940848,485.2084796117536,388.50896587637664,302.85559799728486,439.69542705652276,368.2506312839173,334.59739819086997,266.7773240954273,402.14293762023965,375.49416309576804,366.3775248269128,449.915948523547,483.9965328936817,420.23879911205444,493.1137140740354,478.31780267096883,404.51935872340755,465.1596302728582,390.3737726832829,445.1212841514171,389.0342116583279,492.3797209189242,406.0544088972266,409.12937037545476,481.1264754917061,279.80007659312463,61.526232252510624,429.98081962995633,451.6040492057316,479.7341428560032,168.2959907178689,401.7741647116884,450.95848417014,351.7035188709086,483.21452986711125,446.505101995546,382.5602139695302,329.0883662631307,472.2979277400564,441.20544405858357,420.90340272906707,341.54927281378747,470.9975966161156,390.2976182988019,394.31846311751536,277.19619433471945,435.63053212067155,371.3969398879254,336.9957992154869,404.62504518268406,249.37202376821,370.4024123808801,404.8612698943025,319.5625543191868,198.58145076713973,484.23243062207786,440.20814262361387,152.19814022705253,432.8718666577188,369.8126861375311,406.09600217903494,445.17054362325695,411.5329393492601,426.76434303713023,450.9382080942838,383.5948221502253,419.57819460169964,462.05640401113686,439.0306503352901,335.6450995205764,472.21110813640746,479.65482360267526,433.9810086861403,467.0966995473217,438.3107239065258,448.36504269272217,447.590637938198,416.1573199177331,479.3910746615821,370.19130298195404,381.6398540081417,484.8461549436661,357.75488549577346,330.79650397800856,403.00337304392514,414.8223653119731,419.73112079240207,484.33817668239504,462.71507922556,381.15044984064366,403.38822324020947,369.81970468190843,426.2345050126867,457.5872710511446,478.63966884368193,444.6617415965263,361.46933629248616,431.4907331026554,471.8126626999334,449.45524870706214,476.36551683677123,345.6560581841949,428.23972663676807,465.216993743903,419.4319408651247,480.4045374203017,404.7325757177729,230.24069804663569,454.34143011525555,458.47827326214514,391.1159500648022,428.8856163404461,334.4865107200414,430.0480676201229,408.22754544502595,330.8379878379363,470.1523159072358,376.280949069441,320.2581014390622,371.39987221614757,449.30396150599955,379.75813202842573,225.29902980249537,449.88545601565426,399.4433809061803,432.48264607723166,310.8367745706553,444.67972235489185,373.13122851398384,308.2467997505207,476.353103799285,443.76405650159387,274.78855367826,435.0785552350792,472.5722631190913,360.0353377981305,371.140715630984,376.41501066557976,396.99380356190284,483.4005049169395,472.81773317041467,258.575551103391,484.1009762339129,404.7250605720123,422.5000557964448,449.7761740571596,478.4488328568696,437.8627549514134,327.10129148478165,474.569996316524,352.7601453236895,483.7537736946192,256.8691528934223,247.66140357239925,455.14956352476804,289.4869622477078,465.11471356252764,237.63940100573367,399.5148977606685,475.72303636256254
0,3,434.375202935332,415.73284161818884,361.18211703972975,482.9242587343196,343.0421309619583,486.6588397782695,271.2586637620612,446.606641234888,181.43930909079947,428.8159611924157,468.798389098634,466.321380205053,333.8659392943138,464.10969913167537,436.9167019779112,467.17692821289654,475.6559369027824,387.70953979829113,483.24734570631495,377.7754186169259,476.33200455338556,454.4352890376126,432.28231633491157,337.3616113554747,431.9006388102614,453.37665046375633,450.2774174601278,423.0634943540836,399.610004837167,427.73148331047287,470.11691008348083,480.460829768312,457.41991802874435,429.67388920756576,422.30108953634976,469.074651338662,465.6852041579456,426.6271761265375,368.84119628391505,484.4657469999198,499.4837057940848,485.2084796117536,388.50896587637664,302.85559799728486,439.69542705652276,368.2506312839173,334.59739819086997,266.7773240954273,402.1538754991247,375.49416309576804,366.3775248269128,449.915948523547,483.9965328936817,420.23879911205444,493.1137140740354,478.31780267096883,404.51935872340755,465.1596302728582,390.3737726832829,445.1212841514171,389.0342116583279,492.3797209189242,406.0544088972266,409.12937037545476,481.1264754917061,279.80007659312463,61.45379517509201,429.98081962995633,451.6923537184896,479.7341428560032,168.2959907178689,401.7741647116884,450.95848417014,351.7035188709086,483.21452986711125,446.505101995546,382.5602139695302,329.0883662631307,472.2979277400564,441.20544405858357,420.90340272906707,341.54927281378747,470.9975966161156,390.2976182988019,394.31846311751536,277.19619433471945,435.63053212067155,371.3969398879254,336.9957992154869,404.62504518268406,249.37202376821,370.4024123808801,404.8612698943025,319.5625543191868,198.58145076713973,484.23243062207786,440.20814262361387,152.93940708326784,432.8718666577188,369.8126861375311,406.09600217903494,445.17054362325695,411.5329393492601,426.76434303713023,451.11137883558723,383.5948221502253,419.57819460169964,462.05640401113686,439.0306503352901,335.6450995205764,472.5257979546765,479.11101200663904,433.9810086861403,467.0966995473217,438.3107239065258,448.36504269272217,447.590637938198,416.1573199177331,479.3910746615821,370.19130298195404,381.6398540081417,484.8461549436661,357.75488549577346,330.79650397800856,403.00337304392514,414.8223653119731,419.73112079240207,484.33817668239504,462.71507922556,381.15044984064366,403.38822324020947,369.81970468190843,426.2345050126867,457.5872710511446,479.96305289986236,444.6617415965263,361.46933629248616,431.64089290673553,471.8126626999334,449.45524870706214,476.36551683677123,345.6560581841949,428.23972663676807,465.216993743903,419.4319408651247,480.4045374203017,404.7325757177729,230.24069804663569,454.34143011525555,458.47827326214514,391.1159500648022,428.8856163404461,334.4865107200414,430.0480676201229,408.22754544502595,330.8379878379363,470.1523159072358,376.280949069441,320.2581014390622,371.39987221614757,449.7295047018192,380.6546436278985,225.29902980249537,449.88545601565426,399.5012198734811,432.48264607723166,310.8367745706553,444.67972235489185,373.13122851398384,308.2467997505207,476.353103799285,443.76405650159387,274.78855367826,435.0785552350792,473.0396574640326,360.0353377981305,371.140715630984,376.41501066557976,396.99380356190284,483.4005049169395,472.81773317041467,257.98169125154413,484.1009762339129,404.3563762651335,422.08290945986164,449.3625925526957,478.4488328568696,437.8627549514134,327.10129148478165,474.569996316524,352.6177826948738,483.7537736946192,256.8691528934223,247.66140357239925,455.14956352476804,286.7899230106988,465.1575289187166,237.63940100573367,399.5148977606685,475.72303636256254
0,4,434.375202935332,415.73284161818884,361.18211703972975,482.9242587343196,343.0421309619583,486.6588397782695,271.2586637620612,446.606641234888,181.43930909079947,428.8159611924157,468.798389098634,466.321380205053,333.8659392943138,464.10969913167537,436.9167019779112,467.17692821289654,475.6559369027824,387.70953979829113,483.24734570631495,377.7754186169259,476.33200455338556,454.4352890376126,432.28231633491157,337.3616113554747,431.9006388102614,453.37665046375633,450.2774174601278,423.0634943540836,399.610004837167,427.73148331047287,470.11691008348083,480.460829768312,457.41991802874435,429.67388920756576,422.30108953634976,469.074651338662,465.6852041579456,426.6271761265375,368.84119628391505,484.4657469999198,499.4837057940848,485.2084796117536,388.50896587637664,302.85559799728486,439.69542705652276,368.2506312839173,334.59739819086997,266.7773240954273,402.1538754991247,375.49416309576804,366.3775248269128,449.915948523547,483.9965328936817,420.23879911205444,493.1137140740354,478.31780267096883,404.51935872340755,465.1596302728582,390.3737726832829,445.1212841514171,389.0342116583279,492.3797209189242,406.0544088972266,409.12937037545476,481.1264754917061,279.80007659312463,61.45379517509201,429.98081962995633,451.6923537184896,479.7341428560032,168.2959907178689,401.8316985171921,450.95848417014,351.7035188709086,483.21452986711125,446.505101995546,382.5602139695302,329.0883662631307,472.2979277400564,441.20544405858357,420.90340272906707,341.1930655326817,470.9975966161156,390.2976182988019,394.31846311751536,277.19619433471945,435.63053212067155,371.3969398879254,336.9957992154869,404.62504518268406,249.37202376821,370.4024123808801,404.8612698943025,319.5625543191868,198.58145076713973,484.23243062207786,440.54239633565453,152.93940708326784,432.8718666577188,369.8126861375311,406.09600217903494,445.17054362325695,411.5329393492601,426.76434303713023,451.11137883558723,383.5948221502253,419.57819460169964,462.05640401113686,439.0306503352901,336.57594952083946,472.5257979546765,479.11101200663904,433.9810086861403,467.0966995473217,438.3107239065258,448.36504269272217,447.590637938198,416.1573199177331,479.3910746615821,370.19130298195404,381.6398540081417,484.8461549436661,357.75488549577346,330.79650397800856,403.00337304392514,414.8223653119731,419.73112079240207,484.33817668239504,462.71507922556,381.15044984064366,403.38822324020947,369.81970468190843,426.2345050126867,457.5872710511446,479.96305289986236,444.6617415965263,361.46933629248616,431.4907331026554,471.8126626999334,449.45524870706214,476.36551683677123,345.6560581841949,428.23972663676807,465.216993743903,419.4319408651247,480.4045374203017,404.7325757177729,230.24069804663569,454.34143011525555,458.47827326214514,391.1159500648022,428.8856163404461,334.4865107200414,430.0480676201229,408.22754544502595,330.8379878379363,470.1523159072358,376.280949069441,320.2581014390622,371.39987221614757,449.7295047018192,380.6546436278985,225.29902980249537,449.88545601565426,399.6512887440392,432.48264607723166,310.8367745706553,444.67972235489185,373.13122851398384,308.2467997505207,476.353103799285,443.76405650159387,274.78855367826,435.0785552350792,472.5722631190913,360.0353377981305,371.140715630984,376.388449671829,395.4957918902491,483.4005049169395,472.81773317041467,257.98169125154413,484.1009762339129,404.3563762651335,422.5000557964448,449.3625925526957,478.4488328568696,437.8627549514134,327.10129148478165,474.569996316524,352.7601453236895,483.7537736946192,256.8691528934223,247.66140357239925,455.14956352476804,286.7899230106988,465.1575289187166,237.63940100573367,399.5148977606685,475.72303636256254
0,5,434.375202935332,415.73284161818884,361.18211703972975,482.9242587343196,343.0421309619583,486.6588397782695,271.2586637620612,446.606641234888,181.43930909079947,428.8159611924157,468.798389098634,466.321380205053,333.8659392943138,464.10969913167537,436.9167019779112,467.17692821289654,475.6559369027824,387.70953979829113,483.24734570631495,377.7754186169259,476.33200455338556,454.4352890376126,432.28231633491157,337.3616113554747,431.9006388102614,453.37665046375633,450.2774174601278,423.0634943540836,399.610004837167,427.73148331047287,470.11691008348083,480.460829768312,457.41991802874435,429.67388920756576,422.30108953634976,469.074651338662,465.6852041579456,426.6271761265375,368.84119628391505,484.4657469999198,499.4837057940848,485.2084796117536,388.50896587637664,302.85559799728486,439.69542705652276,368.2506312839173,334.59739819086997,266.7773240954273,402.1538754991247,375.49416309576804,366.3775248269128,449.915948523547,483.9965328936817,420.23879911205444,493.1137140740354,478.31780267096883,404.51935872340755,465.1596302728582,390.3737726832829,445.1212841514171,389.0342116583279,492.3797209189242,406.0544088972266,409.12937037545476,481.1264754917061,279.80007659312463,61.45379517509201,429.98081962995633,451.6923537184896,479.7341428560032,168.2959907178689,401.8316985171921,450.95848417014,351.7035188709086,483.21452986711125,446.505101995546,382.5602139695302,329.0883662631307,472.2979277400564,441.20544405858357,420.90340272906707,341.1930655326817,470.9975966161156,390.2976182988019,394.31846311751536,277.19619433471945,435.63053212067155,371.3969398879254,336.9957992154869,404.62504518268406,249.37202376821,370.4024123808801,404.8612698943025,319.5625543191868,198.58145076713973,484.23243062207786,440.54239633565453,152.93940708326784,432.8718666577188,369.8126861375311,406.09600217903494,445.17054362325695,411.5329393492601,426.76434303713023,451.11137883558723,383.5948221502253,419.57819460169964,462.05640401113686,439.0306503352901,336.57594952083946,472.5257979546765,479.11101200663904,433.9810086861403,467.0966995473217,438.3107239065258,448.36504269272217,447.590637938198,416.1573199177331,479.3910746615821,370.19130298195404,381.6398540081417,484.8461549436661,357.75488549577346,330.79650397800856,403.00337304392514,414.8223653119731,419.73112079240207,484.33817668239504,462.71507922556,381.15044984064366,403.38822324020947,369.81970468190843,426.2345050126867,457.5872710511446,479.96305289986236,444.6617415965263,361.46933629248616,431.4907331026554,471.8126626999334,449.45524870706214,476.36551683677123,345.6560581841949,428.23972663676807,465.216993743903,419.4319408651247,480.4045374203017,404.7325757177729,230.24069804663569,454.34143011525555,458.47827326214514,391.1159500648022,428.8856163404461,334.4865107200414,430.0480676201229,408.22754544502595,330.8379878379363,470.1523159072358,376.280949069441,320.2581014390622,371.39987221614757,449.7295047018192,380.6546436278985,225.29902980249537,449.88545601565426,399.6512887440392,432.48264607723166,310.8367745706553,444.67972235489185,373.13122851398384,308.2467997505207,476.353103799285,443.76405650159387,274.78855367826,435.0785552350792,472.5722631190913,360.0353377981305,371.140715630984,376.388449671829,396.99380356190284,483.4005049169395,472.81773317041467,257.98169125154413,484.1009762339129,404.3563762651335,422.5000557964448,449.3625925526957,478.4488328568696,437.8627549514134,327.10129148478165,474.569996316524,352.7601453236895,483.7537736946192,256.8691528934223,247.66140357239925,455.14956352476804,286.7899230106988,465.1575289187166,237.63940100573367,399.5148977606685,475.72303636256254
0,6,434.375202935332,415.73284161818884,361.18211703972975,482.9242587343196,343.0421309619583,486.6588397782695,271.2586637620612,446.606641234888,181.43930909079947,428.8159611924157,468.798389098634,466.321380205053,333.8659392943138,464.10969913167537,436.9167019779112,467.17692821289654,475.6559369027824,387.70953979829113,483.24734570631495,377.7754186169259,476.33200455338556,454.4352890376126,432.28231633491157,337.3616113554747,431.9006388102614,453.37665046375633,450.2774174601278,423.0634943540836,399.610004837167,427.73148331047287,470.11691008348083,480.460829768312,457.41991802874435,429.67388920756576,422.30108953634976,469.074651338662,465.6852041579456,426.6271761265375,368.84119628391505,484.4657469999198,499.4837057940848,485.2084796117536,388.50896587637664,302.85559799728486,439.69542705652276,368.2506312839173,334.59739819086997,266.7773240954273,402.1538754991247,375.49416309576804,366.3775248269128,449.915948523547,483.9965328936817,420.23879911205444,493.1137140740354,478.31780267096883,404.51935872340755,465.1596302728582,390.3737726832829,445.1212841514171,389.0342116583279,492.3797209189242,406.0544088972266,409.12937037545476,481.1264754917061,279.80007659312463,61.45379517509201,429.98081962995633,451.6923537184896,479.7341428560032,168.2959907178689,401.8316985171921,450.95848417014,351.7035188709086,483.21452986711125,446.505101995546,382.5602139695302,329.0883662631307,472.2979277400564,441.20544405858357,420.90340272906707,341.1930655326817,470.9975966161156,390.2976182988019,394.31846311751536,277.19619433471945,435.63053212067155,371.3969398879254,336.9957992154869,404.62504518268406,249.37202376821,370.4024123808801,404.8612698943025,319.5625543191868,198.58145076713973,484.23243062207786,440.54239633565453,152.93940708326784,432.8718666577188,369.8126861375311,406.09600217903494,445.17054362325695,411.5329393492601,426.76434303713023,451.11137883558723,383.5948221502253,419.57819460169964,462.05640401113686,439.0306503352901,336.57594952083946,472.5257979546765,479.11101200663904,433.9810086861403,467.0966995473217,438.3107239065258,448.36504269272217,447.590637938198,416.1573199177331,479.3910746615821,370.19130298195404,381.6398540081417,484.8461549436661,357.75488549577346,330.79650397800856,403.00337304392514,414.8223653119731,419.73112079240207,484.33817668239504,462.71507922556,381.15044984064366,403.38822324020947,369.81970468190843,426.2345050126867,457.5872710511446,479.96305289986236,444.6617415965263,361.46933629248616,431.4907331026554,471.8126626999334,449.45524870706214,476.36551683677123,345.6560581841949,428.23972663676807,465.216993743903,419.4319408651247,480.4045374203017,404.7325757177729,230.24069804663569,454.34143011525555,458.47827326214514,391.1159500648022,428.8856163404461,334.4865107200414,430.0480676201229,408.22754544502595,330.8379878379363,470.1523159072358,376.280949069441,320.2581014390622,371.39987221614757,449.7295047018192,380.6546436278985,225.29902980249537,449.88545601565426,399.6512887440392,432.48264607723166,310.8367745706553,444.67972235489185,373.13122851398384,308.2467997505207,476.353103799285,443.76405650159387,274.78855367826,435.0785552350792,472.5722631190913,360.0353377981305,371.140715630984,376.388449671829,396.99380356190284,483.4005049169395,472.81773317041467,257.98169125154413,484.1009762339129,404.3563762651335,422.5000557964448,449.3625925526957,478.4488328568696,437.8627549514134,327.10129148478165,474.569996316524,352.7601453236895,483.7537736946192,256.8691528934223,247.66140357239925,455.14956352476804,286.7899230106988,465.1575289187166,237.63940100573367,399.5148977606685,475.72303636256254
0,7,434.375202935332,415.73284161818884,361.18211703972975,482.9242587343196,343.0421309619583,486.6588397782695,271.2586637620612,446.606641234888,181.43930909079947,428.8159611924157,468.798389098634,466.321380205053,333.8659392943138,464.10969913167537,436.9167019779112,467.17692821289654,475.6559369027824,387.70953979829113,483.24734570631495,377.7754186169259,476.33200455338556,454.4352890376126,432.28231633491157,337.3616113554747,431.9006388102614,453.37665046375633,450.2774174601278,423.0634943540836,399.610004837167,427.73148331047287,470.11691008348083,480.460829768312,457.41991802874435,429.67388920756576,422.30108953634976,469.074651338662,465.6852041579456,426.6271761265375,368.84119628391505,484.4657469999198,499.4837057940848,485.2084796117536,388.50896587637664,302.85559799728486,439.69542705652276,368.2506312839173,334.59739819086997,266.7773240954273,402.1538754991247,375.49416309576804,366.3775248269128,449.915948523547,483.9965328936817,420.23879911205444,493.1137140740354,478.31780267096883,404.51935872340755,465.1596302728582,390.3737726832829,445.1212841514171,389.0342116583279,492.3797209189242,406.0544088972266,409.12937037545476,481.1264754917061,279.80007659312463,61.45379517509201,429.98081962995633,451.6923537184896,479.7341428560032,168.2959907178689,401.8316985171921,450.95848417014,351.7035188709086,483.21452986711125,446.505101995546,382.5602139695302,329.0883662631307,472.2979277400564,441.20544405858357,420.90340272906707,341.1930655326817,470.9975966161156,390.2976182988019,394.31846311751536,277.19619433471945,435.63053212067155,371.3969398879254,336.9957992154869,404.62504518268406,249.37202376821,370.4024123808801,404.8612698943025,319.5625543191868,198.58145076713973,484.23243062207786,440.54239633565453,152.93940708326784,432.8718666577188,369.8126861375311,406.09600217903494,445.17054362325695,411.5329393492601,426.76434303713023,451.11137883558723,383.5948221502253,419.57819460169964,462.05640401113686,439.0306503352901,336.57594952083946,472.5257979546765,479.11101200663904,433.9810086861403,467.0966995473217,438.3107239065258,448.36504269272217,447.590637938198,416.1573199177331,479.3910746615821,370.19130298195404,381.6398540081417,484.8461549436661,357.75488549577346,330.79650397800856,403.00337304392514,414.8223653119731,419.73112079240207,484.33817668239504,462.71507922556,381.15044984064366,403.38822324020947,369.81970468190843,426.2345050126867,457.5872710511446,479.96305289986236,444.6617415965263,361.46933629248616,431.4907331026554,471.8126626999334,449.45524870706214,476.36551683677123,345.6560581841949,428.23972663676807,465.216993743903,419.4319408651247,480.4045374203017,404.7325757177729,230.24069804663569,454.34143011525555,458.47827326214514,391.1159500648022,428.8856163404461,334.4865107200414,430.0480676201229,408.22754544502595,330.8379878379363,470.1523159072358,376.280949069441,320.2581014390622,371.39987221614757,449.7295047018192,380.6546436278985,225.29902980249537,449.88545601565426,399.6512887440392,432.48264607723166,310.8367745706553,444.67972235489185,373.13122851398384,308.2467997505207,476.353103799285,443.76405650159387,274.78855367826,435.0785552350792,472.5722631190913,360.0353377981305,371.140715630984,376.388449671829,396.99380356190284,483.4005049169395,472.81773317041467,257.98169125154413,484.1009762339129,404.3563762651335,422.5000557964448,449.3625925526957,478.4488328568696,437.8627549514134,327.10129148478165,474.569996316524,352.7601453236895,483.7537736946192,256.8691528934223,247.66140357239925,455.14956352476804,286.7899230106988,465.1575289187166,237.63940100573367,399.5148977606685,475.72303636256254
0,8,434.375202935332,415.73284161818884,361.18211703972975,482.9242587343196,343.0421309619583,486.6588397782695,271.2586637620612,446.606641234888,181.43930909079947,428.8159611924157,468.798389098634,466.321380205053,333.8659392943138,464.10969913167537,436.9167019779112,467.17692821289654,475.6559369027824,387.70953979829113,483.24734570631495,377.7754186169259,476.33200455338556,454.4352890376126,432.28231633491157,337.3616113554747,431.9006388102614,453.37665046375633,450.2774174601278,423.0634943540836,399.610004837167,427.73148331047287,470.11691008348083,480.460829768312,457.41991802874435,429.67388920756576,422.30108953634976,469.074651338662,465.6852041579456,426.6271761265375,368.84119628391505,484.4657469999198,499.4837057940848,485.2084796117536,388.50896587637664,302.85559799728486,439.69542705652276,368.2506312839173,334.59739819086997,266.7773240954273,402.1538754991247,375.49416309576804,366.3775248269128,449.915948523547,483.9965328936817,420.23879911205444,493.1137140740354,478.31780267096883,404.51935872340755,465.1596302728582,390.3737726832829,445.1212841514171,389.0342116583279,492.3797209189242,406.0544088972266,409.12937037545476,481.1264754917061,279.80007659312463,61.45379517509201,429.98081962995633,451.6923537184896,479.7341428560032,168.2959907178689,401.8316985171921,450.95848417014,351.7035188709086,483.21452986711125,446.505101995546,382.5602139695302,329.0883662631307,472.2979277400564,441.20544405858357,420.90340272906707,341.1930655326817,470.9975966161156,390.2976182988019,394.31846311751536,277.19619433471945,435.63053212067155,371.3969398879254,336.9957992154869,404.62504518268406,249.37202376821,370.4024123808801,404.8612698943025,319.5625543191868,198.58145076713973,484.23243062207786,440.54239633565453,152.93940708326784,432.8718666577188,369.8126861375311,406.09600217903494,445.17054362325695,411.5329393492601,426.76434303713023,451.11137883558723,383.5948221502253,419.57819460169964,462.05640401113686,439.0306503352901,336.57594952083946,472.5257979546765,479.11101200663904,433.9810086861403,467.0966995473217,438.3107239065258,448.36504269272217,447.590637938198,416.1573199177331,479.3910746615821,370.19130298195404,381.6398540081417,484.8461549436661,357.75488549577346,330.79650397800856,403.00337304392514,414.8223653119731,419.73112079240207,484.33817668239504,462.71507922556,381.15044984064366,403.38822324020947,369.81970468190843,426.2345050126867,457.5872710511446,479.96305289986236,444.6617415965263,361.46933629248616,431.4907331026554,471.8126626999334,449.45524870706214,476.36551683677123,345.6560581841949,428.23972663676807,465.216993743903,419.4319408651247,480.4045374203017,404.7325757177729,230.24069804663569,454.34143011525555,458.47827326214514,391.1159500648022,428.8856163404461,334.4865107200414,430.0480676201229,408.22754544502595,330.8379878379363,470.1523159072358,376.280949069441,320.2581014390622,371.39987221614757,449.7295047018192,380.6546436278985,225.29902980249537,449.88545601565426,399.6512887440392,432.48264607723166,310.8367745706553,444.67972235489185,373.13122851398384,308.2467997505207,476.353103799285,443.76405650159387,274.78855367826,435.0785552350792,472.5722631190913,360.0353377981305,371.140715630984,376.388449671829,396.99380356190284,483.4005049169395,472.81773317041467,257.98169125154413,484.1009762339129,404.3563762651335,422.5000557964448,449.3625925526957,478.4488328568696,437.8627549514134,327.10129148478165,474.569996316524,352.7601453236895,483.7537736946192,256.8691528934223,247.66140357239925,455.14956352476804,286.7899230106988,465.1575289187166,237.63940100573367,399.5148977606685,475.72303636256254
0,9,434.375202935332,415.73284161818884,361.18211703972975,482.9242587343196,343.0421309619583,486.6588397782695,271.2586637620612,446.606641234888,181.43930909079947,428.8159611924157,468.798389098634,466.321380205053,333.8659392943138,464.10969913167537,436.9167019779112,467.17692821289654,475.6559369027824,387.70953979829113,483.24734570631495,377.7754186169259,476.33200455338556,454.4352890376126,432.28231633491157,337.3616113554747,431.9006388102614,453.37665046375633,450.2774174601278,423.0634943540836,399.610004837167,427.73148331047287,470.11691008348083,480.460829768312,457.41991802874435,429.67388920756576,422.30108953634976,469.074651338662,465.6852041579456,426.6271761265375,368.84119628391505,484.4657469999198,499.4837057940848,485.2084796117536,388.50896587637664,302.85559799728486,439.69542705652276,368.2506312839173,334.59739819086997,266.7773240954273,402.1538754991247,375.49416309576804,366.3775248269128,449.915948523547,483.9965328936817,420.23879911205444,493.1137140740354,478.31780267096883,404.51935872340755,465.1596302728582,390.3737726832829,445.1212841514171,389.0342116583279,492.3797209189242,406.0544088972266,409.12937037545476,481.1264754917061,279.80007659312463,61.45379517509201,429.98081962995633,451.6923537184896,479.7341428560032,168.2959907178689,401.8316985171921,450.95848417014,351.7035188709086,483.21452986711125,446.505101995546,382.5602139695302,329.0883662631307,472.2979277400564,441.20544405858357,420.90340272906707,341.1930655326817,470.9975966161156,390.2976182988019,394.31846311751536,277.19619433471945,435.63053212067155,371.3969398879254,336.9957992154869,404.62504518268406,249.37202376821,370.4024123808801,404.8612698943025,319.5625543191868,198.58145076713973,484.23243062207786,440.54239633565453,152.93940708326784,432.8718666577188,369.8126861375311,406.09600217903494,445.17054362325695,411.5329393492601,426.76434303713023,451.11137883558723,383.5948221502253,419.57819460169964,462.05640401113686,439.0306503352901,336.57594952083946,472.5257979546765,479.11101200663904,433.9810086861403,467.0966995473217,438.3107239065258,448.36504269272217,447.590637938198,416.1573199177331,479.3910746615821,370.19130298195404,381.6398540081417,484.8461549436661,357.75488549577346,330.79650397800856,403.00337304392514,414.8223653119731,419.73112079240207,484.33817668239504,462.71507922556,381.15044984064366,403.38822324020947,369.81970468190843,426.2345050126867,457.5872710511446,479.96305289986236,444.6617415965263,361.46933629248616,431.4907331026554,471.8126626999334,449.45524870706214,476.36551683677123,345.6560581841949,428.23972663676807,465.216993743903,419.4319408651247,480.4045374203017,404.7325757177729,230.24069804663569,454.34143011525555,458.47827326214514,391.1159500648022,428.8856163404461,334.4865107200414,430.0480676201229,408.22754544502595,330.8379878379363,470.1523159072358,376.280949069441,320.2581014390622,371.39987221614757,449.7295047018192,380.6546436278985,225.29902980249537,449.88545601565426,399.6512887440392,432.48264607723166,310.8367745706553,444.67972235489185,373.13122851398384,308.2467997505207,476.353103799285,443.76405650159387,274.78855367826,435.0785552350792,472.5722631190913,360.0353377981305,371.140715630984,376.388449671829,396.99380356190284,483.4005049169395,472.81773317041467,257.98169125154413,484.1009762339129,404.3563762651335,422.5000557964448,449.3625925526957,478.4488328568696,437.8627549514134,327.10129148478165,474.569996316524,352.7601453236895,483.7537736946192,256.8691528934223,247.66140357239925,455.14956352476804,286.7899230106988,465.1575289187166,237.63940100573367,399.5148977606685,475.72303636256254
0,10,434.375202935332,415.73284161818884,361.18211703972975,482.9242587343196,343.0421309619583,486.6588397782695,271.2586637620612,446.606641234888,181.43930909079947,428.8159611924157,468.798389098634,466.321380205053,333.8659392943138,464.10969913167537,436.9167019779112,467.17692821289654,475.6559369027824,387.70953979829113,483.24734570631495,377.7754186169259,476.33200455338556,454.4352890376126,432.28231633491157,337.3616113554747,431.9006388102614,453.37665046375633,450.2774174601278,423.0634943540836,399.610004837167,427.73148331047287,470.11691008348083,480.460829768312,457.41991802874435,429.67388920756576,422.30108953634976,469.074651338662,465.6852041579456,426.6271761265375,368.84119628391505,484.4657469999198,499.4837057940848,485.2084796117536,388.50896587637664,302.85559799728486,439.69542705652276,368.2506312839173,334.59739819086997,266.7773240954273,402.1538754991247,375.49416309576804,366.3775248269128,449.915948523547,483.9965328936817,420.23879911205444,493.1137140740354,478.31780267096883,404.51935872340755,465.1596302728582,390.3737726832829,445.1212841514171,389.0342116583279,492.3797209189242,406.0544088972266,409.12937037545476,481.1264754917061,279.80007659312463,61.45379517509201,429.98081962995633,451.6923537184896,479.7341428560032,168.2959907178689,401.8316985171921,450.95848417014,351.7035188709086,483.21452986711125,446.505101995546,382.5602139695302,329.0883662631307,472.2979277400564,441.20544405858357,420.90340272906707,341.1930655326817,470.9975966161156,390.2976182988019,394.31846311751536,277.19619433471945,435.63053212067155,371.3969398879254,336.9957992154869,404.62504518268406,249.37202376821,370.4024123808801,404.8612698943025,319.5625543191868,198.58145076713973,484.23243062207786,440.54239633565453,152.93940708326784,432.8718666577188,369.8126861375311,406.09600217903494,445.17054362325695,411.5329393492601,426.76434303713023,451.11137883558723,383.5948221502253,419.57819460169964,462.05640401113686,439.0306503352901,336.57594952083946,472.5257979546765,479.11101200663904,433.9810086861403,467.0966995473217,438.3107239065258,448.36504269272217,447.590637938198,416.1573199177331,479.3910746615821,370.19130298195404,381.6398540081417,484.8461549436661,357.75488549577346,330.79650397800856,403.00337304392514,414.8223653119731,419.73112079240207,484.33817668239504,462.71507922556,381.15044984064366,403.38822324020947,369.81970468190843,426.2345050126867,457.5872710511446,479.96305289986236,444.6617415965263,361.46933629248616,431.4907331026554,471.8126626999334,449.45524870706214,476.36551683677123,345.6560581841949,428.23972663676807,465.216993743903,419.4319408651247,480.4045374203017,404.7325757177729,230.24069804663569,454.34143011525555,458.47827326214514,391.1159500648022,428.8856163404461,334.4865107200414,430.0480676201229,408.22754544502595,330.8379878379363,470.1523159072358,376.280949069441,320.2581014390622,371.39987221614757,449.7295047018192,380.6546436278985,225.29902980249537,449.88545601565426,399.6512887440392,432.48264607723166,310.8367745706553,444.67972235489185,373.13122851398384,308.2467997505207,476.353103799285,443.76405650159387,274.78855367826,435.0785552350792,472.5722631190913,360.0353377981305,371.140715630984,376.388449671829,396.99380356190284,483.4005049169395,472.81773317041467,257.98169125154413,484.1009762339129,404.3563762651335,422.5000557964448,449.3625925526957,478.4488328568696,437.8627549514134,327.10129148478165,474.569996316524,352.7601453236895,483.7537736946192,256.8691528934223,247.66140357239925,455.14956352476804,286.7899230106988,465.1575289187166,237.63940100573367,399.5148977606685,475.72303636256254
0,11,434.375202935332,415.73284161818884,361.18211703972975,482.9242587343196,343.0421309619583,486.6588397782695,271.2586637620612,446.606641234888,181.43930909079947,428.8159611924157,468.798389098634,466.321380205053,333.8659392943138,464.10969913167537,436.9167019779112,467.17692821289654,475.6559369027824,387.70953979829113,483.24734570631495,377.7754186169259,476.33200455338556,454.4352890376126,432.28231633491157,337.3616113554747,431.9006388102614,453.37665046375633,450.2774174601278,423.0634943540836,399.610004837167,427.73148331047287,470.11691008348083,480.460829768312,457.41991802874435,429.67388920756576,422.30108953634976,469.074651338662,465.6852041579456,426.6271761265375,368.84119628391505,484.4657469999198,499.4837057940848,485.2084796117536,388.50896587637664,302.85559799728486,439.69542705652276,368.2506312839173,334.59739819086997,266.7773240954273,402.1538754991247,375.49416309576804,366.3775248269128,449.915948523547,483.9965328936817,420.23879911205444,493.1137140740354,478.31780267096883,404.51935872340755,465.1596302728582,390.3737726832829,445.1212841514171,389.0342116583279,492.3797209189242,406.0544088972266,409.12937037545476,481.1264754917061,279.80007659312463,61.45379517509201,429.98081962995633,451.6923537184896,479.7341428560032,168.2959907178689,401.8316985171921,450.95848417014,351.7035188709086,483.21452986711125,446.505101995546,382.5602139695302,329.0883662631307,472.2979277400564,441.20544405858357,420.90340272906707,341.1930655326817,470.9975966161156,390.2976182988019,394.31846311751536,277.19619433471945,435.63053212067155,371.3969398879254,336.9957992154869,404.62504518268406,249.37202376821,370.4024123808801,404.8612698943025,319.5625543191868,198.58145076713973,484.23243062207786,440.54239633565453,152.93940708326784,432.8718666577188,369.8126861375311,406.09600217903494,445.17054362325695,411.5329393492601,426.76434303713023,451.11137883558723,383.5948221502253,419.57819460169964,462.05640401113686,439.0306503352901,336.57594952083946,472.5257979546765,479.11101200663904,433.9810086861403,467.0966995473217,438.3107239065258,448.36504269272217,447.590637938198,416.1573199177331,479.3910746615821,370.19130298195404,381.6398540081417,484.8461549436661,357.75488549577346,330.79650397800856,403.00337304392514,414.8223653119731,419.73112079240207,484.33817668239504,462.71507922556,381.15044984064366,403.38822324020947,369.81970468190843,426.2345050126867,457.5872710511446,479.96305289986236,444.6617415965263,361.46933629248616,431.4907331026554,471.8126626999334,449.45524870706214,476.36551683677123,345.6560581841949,428.23972663676807,465.216993743903,419.4319408651247,480.4045374203017,404.7325757177729,230.24069804663569,454.34143011525555,458.47827326214514,391.1159500648022,428.8856163404461,334.4865107200414,430.0480676201229,408.22754544502595,330.8379878379363,470.1523159072358,376.280949069441,320.2581014390622,371.39987221614757,449.7295047018192,380.6546436278985,225.29902980249537,449.88545601565426,399.6512887440392,432.48264607723166,310.8367745706553,444.67972235489185,373.13122851398384,308.2467997505207,476.353103799285,443.76405650159387,274.78855367826,435.0785552350792,472.5722631190913,360.0353377981305,371.140715630984,376.388449671829,396.99380356190284,483.4005049169395,472.81773317041467,257.98169125154413,484.1009762339129,404.3563762651335,422.5000557964448,449.3625925526957,478.4488328568696,437.8627549514134,327.10129148478165,474.569996316524,352.7601453236895,483.7537736946192,256.8691528934223,247.66140357239925,455.14956352476804,286.7899230106988,465.1575289187166,237.63940100573367,399.5148977606685,475.72303636256254
0,12,434.375202935332,415.73284161818884,361.18211703972975,482.9242587343196,343.0421309619583,486.6588397782695,271.2586637620612,446.606641234888,181.43930909079947,428.8159611924157,468.798389098634,466.321380205053,333.8659392943138,464.10969913167537,436.9167019779112,467.17692821289654,475.6559369027824,387.70953979829113,483.24734570631495,377.7754186169259,476.33200455338556,454.4352890376126,432.28231633491157,337.3616113554747,431.9006388102614,453.37665046375633,450.2774174601278,423.0634943540836,399.610004837167,427.73148331047287,470.11691008348083,480.460829768312,457.41991802874435,429.67388920756576,422.30108953634976,469.074651338662,465.6852041579456,426.6271761265375,368.84119628391505,484.4657469999198,499.4837057940848,485.2084796117536,388.50896587637664,302.85559799728486,439.69542705652276,368.2506312839173,334.59739819086997,266.7773240954273,402.1538754991247,375.49416309576804,366.3775248269128,449.915948523547,483.9965328936817,420.23879911205444,493.1137140740354,478.31780267096883,404.51935872340755,465.1596302728582,390.3737726832829,445.1212841514171,389.0342116583279,492.3797209189242,406.0544088972266,409.12937037545476,481.1264754917061,279.80007659312463,61.45379517509201,429.98081962995633,451.6923537184896,479.7341428560032,168.2959907178689,401.8316985171921,450.95848417014,351.7035188709086,483.21452986711125,446.505101995546,382.5602139695302,329.0883662631307,472.2979277400564,441.20544405858357,420.90340272906707,341.1930655326817,470.9975966161156,390.2976182988019,394.31846311751536,277.19619433471945,435.63053212067155,371.3969398879254,336.9957992154869,404.62504518268406,249.37202376821,370.4024123808801,404.8612698943025,319.5625543191868,198.58145076713973,484.23243062207786,440.54239633565453,152.93940708326784,432.8718666577188,369.8126861375311,406.09600217903494,445.17054362325695,411.5329393492601,426.76434303713023,451.11137883558723,383.5948221502253,419.57819460169964,462.05640401113686,439.0306503352901,336.57594952083946,472.5257979546765,479.11101200663904,433.9810086861403,467.0966995473217,438.3107239065258,448.36504269272217,447.590637938198,416.1573199177331,479.3910746615821,370.19130298195404,381.6398540081417,484.8461549436661,357.75488549577346,330.79650397800856,403.00337304392514,414.8223653119731,419.73112079240207,484.33817668239504,462.71507922556,381.15044984064366,403.38822324020947,369.81970468190843,426.2345050126867,457.5872710511446,479.96305289986236,444.6617415965263,361.46933629248616,431.4907331026554,471.8126626999334,449.45524870706214,476.36551683677123,345.6560581841949,428.23972663676807,465.216993743903,419.4319408651247,480.4045374203017,404.7325757177729,230.24069804663569,454.34143011525555,458.47827326214514,391.1159500648022,428.8856163404461,334.4865107200414,430.0480676201229,408.22754544502595,330.8379878379363,470.1523159072358,376.280949069441,320.2581014390622,371.39987221614757,449.7295047018192,380.6546436278985,225.29902980249537,449.88545601565426,399.6512887440392,432.48264607723166,310.8367745706553,444.67972235489185,373.13122851398384,308.2467997505207,476.353103799285,443.76405650159387,274.78855367826,435.0785552350792,472.5722631190913,360.0353377981305,371.140715630984,376.388449671829,396.99380356190284,483.4005049169395,472.81773317041467,257.98169125154413,484.1009762339129,404.3563762651335,422.5000557964448,449.3625925526957,478.4488328568696,437.8627549514134,327.10129148478165,474.569996316524,352.7601453236895,483.7537736946192,256.8691528934223,247.66140357239925,455.14956352476804,286.7899230106988,465.1575289187166,237.63940100573367,399.5148977606685,475.72303636256254
0,13,434.375202935332,415.73284161818884,361.18211703972975,482.9242587343196,343.0421309619583,486.6588397782695,271.2586637620612,446.606641234888,181.43930909079947,428.8159611924157,468.798389098634,466.321380205053,333.8659392943138,464.10969913167537,436.9167019779112,467.17692821289654,475.6559369027824,387.70953979829113,483.24734570631495,377.7754186169259,476.33200455338556,454.4352890376126,432.28231633491157,337.3616113554747,431.9006388102614,453.37665046375633,450.2774174601278,423.0634943540836,399.610004837167,427.73148331047287,470.11691008348083,480.460829768312,457.41991802874435,429.67388920756576,422.30108953634976,469.074651338662,465.6852041579456,426.6271761265375,368.84119628391505,484.4657469999198,499.4837057940848,485.2084796117536,388.50896587637664,302.85559799728486,439.69542705652276,368.2506312839173,334.59739819086997,266.7773240954273,402.1538754991247,375.49416309576804,366.3775248269128,449.915948523547,483.9965328936817,420.23879911205444,493.1137140740354,478.31780267096883,404.51935872340755,465.1596302728582,390.3737726832829,445.1212841514171,389.0342116583279,492.3797209189242,406.0544088972266,409.12937037545476,481.1264754917061,279.80007659312463,61.45379517509201,429.98081962995633,451.6923537184896,479.7341428560032,168.2959907178689,401.8316985171921,450.95848417014,351.7035188709086,483.21452986711125,446.505101995546,382.5602139695302,329.0883662631307,472.2979277400564,441.20544405858357,420.90340272906707,341.1930655326817,470.9975966161156,390.2976182988019,394.31846311751536,277.19619433471945,435.63053212067155,371.3969398879254,336.9957992154869,404.62504518268406,249.37202376821,370.4024123808801,404.8612698943025,319.5625543191868,198.58145076713973,484.23243062207786,440.54239633565453,152.93940708326784,432.8718666577188,369.8126861375311,406.09600217903494,445.17054362325695,411.5329393492601,426.76434303713023,451.11137883558723,383.5948221502253,419.57819460169964,462.05640401113686,439.0306503352901,336.57594952083946,472.5257979546765,479.11101200663904,433.9810086861403,467.0966995473217,438.3107239065258,448.36504269272217,447.590637938198,416.1573199177331,479.3910746615821,370.19130298195404,381.6398540081417,484.8461549436661,357.75488549577346,330.79650397800856,403.00337304392514,414.8223653119731,419.73112079240207,484.33817668239504,462.71507922556,381.15044984064366,403.38822324020947,369.81970468190843,426.2345050126867,457.5872710511446,479.96305289986236,444.6617415965263,361.46933629248616,431.4907331026554,471.8126626999334,449.45524870706214,476.36551683677123,345.6560581841949,428.23972663676807,465.216993743903,419.4319408651247,480.4045374203017,404.7325757177729,230.24069804663569,454.34143011525555,458.47827326214514,391.1159500648022,428.8856163404461,334.4865107200414,430.0480676201229,408.22754544502595,330.8379878379363,470.1523159072358,376.280949069441,320.2581014390622,371.39987221614757,449.7295047018192,380.6546436278985,225.29902980249537,449.88545601565426,399.6512887440392,432.48264607723166,310.8367745706553,444.67972235489185,373.13122851398384,308.2467997505207,476.353103799285,443.76405650159387,274.78855367826,435.0785552350792,472.5722631190913,360.0353377981305,371.140715630984,376.388449671829,396.99380356190284,483.4005049169395,472.81773317041467,257.98169125154413,484.1009762339129,404.3563762651335,422.5000557964448,449.3625925526957,478.4488328568696,437.8627549514134,327.10129148478165,474.569996316524,352.7601453236895,483.7537736946192,256.8691528934223,247.66140357239925,455.14956352476804,286.7899230106988,465.1575289187166,237.63940100573367,399.5148977606685,475.72303636256254
0,14,434.375202935332,415.73284161818884,361.18211703972975,482.9242587343196,343.0421309619583,486.6588397782695,271.2586637620612,446.606641234888,181.43930909079947,428.8159611924157,468.798389098634,466.321380205053,333.8659392943138,464.10969913167537,436.9167019779112,467.17692821289654,475.6559369027824,387.70953979829113,483.24734570631495,377.7754186169259,476.33200455338556,454.4352890376126,432.28231633491157,337.3616113554747,431.9006388102614,453.37665046375633,450.2774174601278,423.0634943540836,399.610004837167,427.73148331047287,470.11691008348083,480.460829768312,457.41991802874435,429.67388920756576,422.30108953634976,469.074651338662,465.6852041579456,426.6271761265375,368.84119628391505,484.4657469999198,499.4837057940848,485.2084796117536,388.50896587637664,302.85559799728486,439.69542705652276,368.2506312839173,334.59739819086997,266.7773240954273,402.1538754991247,375.49416309576804,366.3775248269128,449.915948523547,483.9965328936817,420.23879911205444,493.1137140740354,478.31780267096883,404.51935872340755,465.1596302728582,390.3737726832829,445.1212841514171,389.0342116583279,492.3797209189242,406.0544088972266,409.12937037545476,481.1264754917061,279.80007659312463,61.45379517509201,429.98081962995633,451.6923537184896,479.7341428560032,168.2959907178689,401.8316985171921,450.95848417014,351.7035188709086,483.21452986711125,446.505101995546,382.5602139695302,329.0883662631307,472.2979277400564,441.20544405858357,420.90340272906707,341.1930655326817,470.9975966161156,390.2976182988019,394.31846311751536,277.19619433471945,435.63053212067155,371.3969398879254,336.9957992154869,404.62504518268406,249.37202376821,370.4024123808801,404.8612698943025,319.5625543191868,198.58145076713973,484.23243062207786,440.54239633565453,152.93940708326784,432.8718666577188,369.8126861375311,406.09600217903494,445.17054362325695,411.5329393492601,426.76434303713023,451.11137883558723,383.5948221502253,419.57819460169964,462.05640401113686,439.0306503352901,336.57594952083946,472.5257979546765,479.11101200663904,433.9810086861403,467.0966995473217,438.3107239065258,448.36504269272217,447.590637938198,416.1573199177331,479.3910746615821,370.19130298195404,381.6398540081417,484.8461549436661,357.75488549577346,330.79650397800856,403.00337304392514,414.8223653119731,419.73112079240207,484.33817668239504,462.71507922556,381.15044984064366,403.38822324020947,369.81970468190843,426.2345050126867,457.5872710511446,479.96305289986236,444.6617415965263,361.46933629248616,431.4907331026554,471.8126626999334,449.45524870706214,476.36551683677123,345.6560581841949,428.23972663676807,465.216993743903,419.4319408651247,480.4045374203017,404.7325757177729,230.24069804663569,454.34143011525555,458.47827326214514,391.1159500648022,428.8856163404461,334.4865107200414,430.0480676201229,408.22754544502595,330.8379878379363,470.1523159072358,376.280949069441,320.2581014390622,371.39987221614757,449.7295047018192,380.6546436278985,225.29902980249537,449.88545601565426,399.6512887440392,432.48264607723166,310.8367745706553,444.67972235489185,373.13122851398384,308.2467997505207,476.353103799285,443.76405650159387,274.78855367826,435.0785552350792,472.5722631190913,360.0353377981305,371.140715630984,376.388449671829,396.99380356190284,483.4005049169395,472.81773317041467,257.98169125154413,484.1009762339129,404.3563762651335,422.5000557964448,449.3625925526957,478.4488328568696,437.8627549514134,327.10129148478165,474.569996316524,352.7601453236895,483.7537736946192,256.8691528934223,247.66140357239925,455.14956352476804,286.7899230106988,465.1575289187166,237.63940100573367,399.5148977606685,475.72303636256254
0,15,434.375202935332,415.73284161818884,361.18211703972975,482.9242587343196,343.0421309619583,486.6588397782695,271.2586637620612,446.606641234888,181.43930909079947,428.8159611924157,468.798389098634,466.321380205053,333.8659392943138,464.10969913167537,436.9167019779112,467.17692821289654,475.6559369027824,387.70953979829113,483.24734570631495,377.7754186169259,476.33200455338556,454.4352890376126,432.28231633491157,337.3616113554747,431.9006388102614,453.37665046375633,450.2774174601278,423.0634943540836,399.610004837167,427.73148331047287,470.11691008348083,480.460829768312,457.41991802874435,429.67388920756576,422.30108953634976,469.074651338662,465.6852041579456,426.6271761265375,368.84119628391505,484.4657469999198,499.4837057940848,485.2084796117536,388.50896587637664,302.85559799728486,439.69542705652276,368.2506312839173,334.59739819086997,266.7773240954273,402.1538754991247,375.49416309576804,366.3775248269128,449.915948523547,483.9965328936817,420.23879911205444,493.1137140740354,478.31780267096883,404.51935872340755,465.1596302728582,390.3737726832829,445.1212841514171,389.0342116583279,492.3797209189242,406.0544088972266,409.12937037545476,481.1264754917061,279.80007659312463,61.45379517509201,429.98081962995633,451.6923537184896,479.7341428560032,168.2959907178689,401.8316985171921,450.95848417014,351.7035188709086,483.21452986711125,446.505101995546,382.5602139695302,329.0883662631307,472.2979277400564,441.20544405858357,420.90340272906707,341.1930655326817,470.9975966161156,390.2976182988019,394.31846311751536,277.19619433471945,435.63053212067155,371.3969398879254,336.9957992154869,404.62504518268406,249.37202376821,370.4024123808801,404.8612698943025,319.5625543191868,198.58145076713973,484.23243062207786,440.54239633565453,152.93940708326784,432.8718666577188,369.8126861375311,406.09600217903494,445.17054362325695,411.5329393492601,426.76434303713023,451.11137883558723,383.5948221502253,419.57819460169964,462.05640401113686,439.0306503352901,336.57594952083946,472.5257979546765,479.11101200663904,433.9810086861403,467.0966995473217,438.3107239065258,448.36504269272217,447.590637938198,416.1573199177331,479.3910746615821,370.19130298195404,381.6398540081417,484.8461549436661,357.75488549577346,330.79650397800856,403.00337304392514,414.8223653119731,419.73112079240207,484.33817668239504,462.71507922556,381.15044984064366,403.38822324020947,369.81970468190843,426.2345050126867,457.5872710511446,479.96305289986236,444.6617415965263,361.46933629248616,431.4907331026554,471.8126626999334,449.45524870706214,476.36551683677123,345.6560581841949,428.23972663676807,465.216993743903,419.4319408651247,480.4045374203017,404.7325757177729,230.24069804663569,454.34143011525555,458.47827326214514,391.1159500648022,428.8856163404461,334.4865107200414,430.0480676201229,408.22754544502595,330.8379878379363,470.1523159072358,376.280949069441,320.2581014390622,371.39987221614757,449.7295047018192,380.6546436278985,225.29902980249537,449.88545601565426,399.6512887440392,432.48264607723166,310.8367745706553,444.67972235489185,373.13122851398384,308.2467997505207,476.353103799285,443.76405650159387,274.78855367826,435.0785552350792,472.5722631190913,360.0353377981305,371.140715630984,376.388449671829,396.99380356190284,483.4005049169395,472.81773317041467,257.98169125154413,484.1009762339129,404.3563762651335,422.5000557964448,449.3625925526957,478.4488328568696,437.8627549514134,327.10129148478165,474.569996316524,352.7601453236895,483.7537736946192,256.8691528934223,247.66140357239925,455.14956352476804,286.7899230106988,465.1575289187166,237.63940100573367,399.5148977606685,475.72303636256254
0,16,434.375202935332,415.73284161818884,361.18211703972975,482.9242587343196,343.0421309619583,486.6588397782695,271.2586637620612,446.606641234888,181.43930909079947,428.8159611924157,468.798389098634,466.321380205053,333.8659392943138,464.10969913167537,436.9167019779112,467.17692821289654,475.6559369027824,387.70953979829113,483.24734570631495,377.7754186169259,476.33200455338556,454.4352890376126,432.28231633491157,337.3616113554747,431.9006388102614,453.37665046375633,450.2774174601278,423.0634943540836,399.610004837167,427.73148331047287,470.11691008348083,480.460829768312,457.41991802874435,429.67388920756576,422.30108953634976,469.074651338662,465.6852041579456,426.6271761265375,368.84119628391505,484.4657469999198,499.4837057940848,485.2084796117536,388.50896587637664,302.85559799728486,439.69542705652276,368.2506312839173,334.59739819086997,266.7773240954273,402.1538754991247,375.49416309576804,366.3775248269128,449.915948523547,483.9965328936817,420.23879911205444,493.1137140740354,478.31780267096883,404.51935872340755,465.1596302728582,390.3737726832829,445.1212841514171,389.0342116583279,492.3797209189242,406.0544088972266,409.12937037545476,481.1264754917061,279.80007659312463,61.45379517509201,429.98081962995633,451.6923537184896,479.7341428560032,168.2959907178689,401.8316985171921,450.95848417014,351.7035188709086,483.21452986711125,446.505101995546,382.5602139695302,329.0883662631307,472.2979277400564,441.20544405858357,420.90340272906707,341.1930655326817,470.9975966161156,390.2976182988019,394.31846311751536,277.19619433471945,435.63053212067155,371.3969398879254,336.9957992154869,404.62504518268406,249.37202376821,370.4024123808801,404.8612698943025,319.5625543191868,198.58145076713973,484.23243062207786,440.54239633565453,152.93940708326784,432.8718666577188,369.8126861375311,406.09600217903494,445.17054362325695,411.5329393492601,426.76434303713023,451.11137883558723,383.5948221502253,419.57819460169964,462.05640401113686,439.0306503352901,336.57594952083946,472.5257979546765,479.11101200663904,433.9810086861403,467.0966995473217,438.3107239065258,448.36504269272217,447.590637938198,416.1573199177331,479.3910746615821,370.19130298195404,381.6398540081417,484.8461549436661,357.75488549577346,330.79650397800856,403.00337304392514,414.8223653119731,419.73112079240207,484.33817668239504,462.71507922556,381.15044984064366,403.38822324020947,369.81970468190843,426.2345050126867,457.5872710511446,479.96305289986236,444.6617415965263,361.46933629248616,431.4907331026554,471.8126626999334,449.45524870706214,476.36551683677123,345.6560581841949,428.23972663676807,465.216993743903,419.4319408651247,480.4045374203017,404.7325757177729,230.24069804663569,454.34143011525555,458.47827326214514,391.1159500648022,428.8856163404461,334.4865107200414,430.0480676201229,408.22754544502595,330.8379878379363,470.1523159072358,376.280949069441,320.2581014390622,371.39987221614757,449.7295047018192,380.6546436278985,225.29902980249537,449.88545601565426,399.6512887440392,432.48264607723166,310.8367745706553,444.67972235489185,373.13122851398384,308.2467997505207,476.353103799285,443.76405650159387,274.78855367826,435.0785552350792,472.5722631190913,360.0353377981305,371.140715630984,376.388449671829,396.99380356190284,483.4005049169395,472.81773317041467,257.98169125154413,484.1009762339129,404.3563762651335,422.5000557964448,449.3625925526957,478.4488328568696,437.8627549514134,327.10129148478165,474.569996316524,352.7601453236895,483.7537736946192,256.8691528934223,247.66140357239925,455.14956352476804,286.7899230106988,465.1575289187166,237.63940100573367,399.5148977606685,475.72303636256254
0,17,434.375202935332,415.73284161818884,361.18211703972975,482.9242587343196,343.0421309619583,486.6588397782695,271.2586637620612,446.606641234888,181.43930909079947,428.8159611924157,468.798389098634,466.321380205053,333.8659392943138,464.10969913167537,436.9167019779112,467.17692821289654,475.6559369027824,387.70953979829113,483.24734570631495,377.7754186169259,476.33200455338556,454.4352890376126,432.28231633491157,337.3616113554747,431.9006388102614,453.37665046375633,450.2774174601278,423.0634943540836,399.610004837167,427.73148331047287,470.11691008348083,480.460829768312,457.41991802874435,429.67388920756576,422.30108953634976,469.074651338662,465.6852041579456,426.6271761265375,368.84119628391505,484.4657469999198,499.4837057940848,485.2084796117536,388.50896587637664,302.85559799728486,439.69542705652276,368.2506312839173,334.59739819086997,266.7773240954273,402.1538754991247,375.49416309576804,366.3775248269128,449.915948523547,483.9965328936817,420.23879911205444,493.1137140740354,478.31780267096883,404.51935872340755,465.1596302728582,390.3737726832829,445.1212841514171,389.0342116583279,492.3797209189242,406.0544088972266,409.12937037545476,481.1264754917061,279.80007659312463,61.45379517509201,429.98081962995633,451.6923537184896,479.7341428560032,168.2959907178689,401.8316985171921,450.95848417014,351.7035188709086,483.21452986711125,446.505101995546,382.5602139695302,329.0883662631307,472.2979277400564,441.20544405858357,420.90340272906707,341.1930655326817,470.9975966161156,390.2976182988019,394.31846311751536,277.19619433471945,435.63053212067155,371.3969398879254,336.9957992154869,404.62504518268406,249.37202376821,370.4024123808801,404.8612698943025,319.5625543191868,198.58145076713973,484.23243062207786,440.54239633565453,152.93940708326784,432.8718666577188,369.8126861375311,406.09600217903494,445.17054362325695,411.5329393492601,426.76434303713023,451.11137883558723,383.5948221502253,419.57819460169964,462.05640401113686,439.0306503352901,336.57594952083946,472.5257979546765,479.11101200663904,433.9810086861403,467.0966995473217,438.3107239065258,448.36504269272217,447.590637938198,416.1573199177331,479.3910746615821,370.19130298195404,381.6398540081417,484.8461549436661,357.75488549577346,330.79650397800856,403.00337304392514,414.8223653119731,419.73112079240207,484.33817668239504,462.71507922556,381.15044984064366,403.38822324020947,369.81970468190843,426.2345050126867,457.5872710511446,479.96305289986236,444.6617415965263,361.46933629248616,431.4907331026554,471.8126626999334,449.45524870706214,476.36551683677123,345.6560581841949,428.23972663676807,465.216993743903,419.4319408651247,480.4045374203017,404.7325757177729,230.24069804663569,454.34143011525555,458.47827326214514,391.1159500648022,428.8856163404461,334.4865107200414,430.0480676201229,408.22754544502595,330.8379878379363,470.1523159072358,376.280949069441,320.2581014390622,371.39987221614757,449.7295047018192,380.6546436278985,225.29902980249537,449.88545601565426,399.6512887440392,432.48264607723166,310.8367745706553,444.67972235489185,373.13122851398384,308.2467997505207,476.353103799285,443.76405650159387,274.78855367826,435.0785552350792,472.5722631190913,360.0353377981305,371.140715630984,376.388449671829,396.99380356190284,483.4005049169395,472.81773317041467,257.98169125154413,484.1009762339129,404.3563762651335,422.5000557964448,449.3625925526957,478.4488328568696,437.8627549514134,327.10129148478165,474.569996316524,352.7601453236895,483.7537736946192,256.8691528934223,247.66140357239925,455.14956352476804,286.7899230106988,465.1575289187166,237.63940100573367,399.5148977606685,475.72303636256254
0,18,434.375202935332,415.73284161818884,361.18211703972975,482.9242587343196,343.0421309619583,486.6588397782695,271.2586637620612,446.606641234888,181.43930909079947,428.8159611924157,468.798389098634,466.321380205053,333.8659392943138,464.10969913167537,436.9167019779112,467.17692821289654,475.6559369027824,387.70953979829113,483.24734570631495,377.7754186169259,476.33200455338556,454.4352890376126,432.28231633491157,337.3616113554747,431.9006388102614,453.37665046375633,450.2774174601278,423.0634943540836,399.610004837167,427.73148331047287,470.11691008348083,480.460829768312,457.41991802874435,429.67388920756576,422.30108953634976,469.074651338662,465.6852041579456,426.6271761265375,368.84119628391505,484.4657469999198,499.4837057940848,485.2084796117536,388.50896587637664,302.85559799728486,439.69542705652276,368.2506312839173,334.59739819086997,266.7773240954273,402.1538754991247,375.49416309576804,366.3775248269128,449.915948523547,483.9965328936817,420.23879911205444,493.1137140740354,478.31780267096883,404.51935872340755,465.1596302728582,390.3737726832829,445.1212841514171,389.0342116583279,492.3797209189242,406.0544088972266,409.12937037545476,481.1264754917061,279.80007659312463,61.45379517509201,429.98081962995633,451.6923537184896,479.7341428560032,168.2959907178689,401.8316985171921,450.95848417014,351.7035188709086,483.21452986711125,446.505101995546,382.5602139695302,329.0883662631307,472.2979277400564,441.20544405858357,420.90340272906707,341.1930655326817,470.9975966161156,390.2976182988019,394.31846311751536,277.19619433471945,435.63053212067155,371.3969398879254,336.9957992154869,404.62504518268406,249.37202376821,370.4024123808801,404.8612698943025,319.5625543191868,198.58145076713973,484.23243062207786,440.54239633565453,152.93940708326784,432.8718666577188,369.8126861375311,406.09600217903494,445.17054362325695,411.5329393492601,426.76434303713023,451.11137883558723,383.5948221502253,419.57819460169964,462.05640401113686,439.0306503352901,336.57594952083946,472.5257979546765,479.11101200663904,433.9810086861403,467.0966995473217,438.3107239065258,448.36504269272217,447.590637938198,416.1573199177331,479.3910746615821,370.19130298195404,381.6398540081417,484.8461549436661,357.75488549577346,330.79650397800856,403.00337304392514,414.8223653119731,419.73112079240207,484.33817668239504,462.71507922556,381.15044984064366,403.38822324020947,369.81970468190843,426.2345050126867,457.5872710511446,479.96305289986236,444.6617415965263,361.46933629248616,431.4907331026554,471.8126626999334,449.45524870706214,476.36551683677123,345.6560581841949,428.23972663676807,465.216993743903,419.4319408651247,480.4045374203017,404.7325757177729,230.24069804663569,454.34143011525555,458.47827326214514,391.1159500648022,428.8856163404461,334.4865107200414,430.0480676201229,408.22754544502595,330.8379878379363,470.1523159072358,376.280949069441,320.2581014390622,371.39987221614757,449.7295047018192,380.6546436278985,225.29902980249537,449.88545601565426,399.6512887440392,432.48264607723166,310.8367745706553,444.67972235489185,373.13122851398384,308.2467997505207,476.353103799285,443.76405650159387,274.78855367826,435.0785552350792,472.5722631190913,360.0353377981305,371.140715630984,376.388449671829,396.99380356190284,483.4005049169395,472.81773317041467,257.98169125154413,484.1009762339129,404.3563762651335,422.5000557964448,449.3625925526957,478.4488328568696,437.8627549514134,327.10129148478165,474.569996316524,352.7601453236895,483.7537736946192,256.8691528934223,247.66140357239925,455.14956352476804,286.7899230106988,465.1575289187166,237.63940100573367,399.5148977606685,475.72303636256254
0,19,434.375202935332,415.73284161818884,361.18211703972975,482.9242587343196,343.0421309619583,486.6588397782695,271.2586637620612,446.606641234888,181.43930909079947,428.8159611924157,468.798389098634,466.321380205053,333.8659392943138,464.10969913167537,436.9167019779112,467.17692821289654,475.6559369027824,387.70953979829113,483.24734570631495,377.7754186169259,476.33200455338556,454.4352890376126,432.28231633491157,337.3616113554747,431.9006388102614,453.37665046375633,450.2774174601278,423.0634943540836,399.610004837167,427.73148331047287,470.11691008348083,480.460829768312,457.41991802874435,429.67388920756576,422.30108953634976,469.074651338662,465.6852041579456,426.6271761265375,368.84119628391505,484.4657469999198,499.4837057940848,485.2084796117536,388.50896587637664,302.85559799728486,439.69542705652276,368.2506312839173,334.59739819086997,266.7773240954273,402.1538754991247,375.49416309576804,366.3775248269128,449.915948523547,483.9965328936817,420.23879911205444,493.1137140740354,478.31780267096883,404.51935872340755,465.1596302728582,390.3737726832829,445.1212841514171,389.0342116583279,492.3797209189242,406.0544088972266,409.12937037545476,481.1264754917061,279.80007659312463,61.45379517509201,429.98081962995633,451.6923537184896,479.7341428560032,168.2959907178689,401.8316985171921,450.95848417014,351.7035188709086,483.21452986711125,446.505101995546,382.5602139695302,329.0883662631307,472.2979277400564,441.20544405858357,420.90340272906707,341.1930655326817,470.9975966161156,390.2976182988019,394.31846311751536,277.19619433471945,435.63053212067155,371.3969398879254,336.9957992154869,404.62504518268406,249.37202376821,370.4024123808801,404.8612698943025,319.5625543191868,198.58145076713973,484.23243062207786,440.54239633565453,152.93940708326784,432.8718666577188,369.8126861375311,406.09600217903494,445.17054362325695,411.5329393492601,426.76434303713023,451.11137883558723,383.5948221502253,419.57819460169964,462.05640401113686,439.0306503352901,336.57594952083946,472.5257979546765,479.11101200663904,433.9810086861403,467.0966995473217,438.3107239065258,448.36504269272217,447.590637938198,416.1573199177331,479.3910746615821,370.19130298195404,381.6398540081417,484.8461549436661,357.75488549577346,330.79650397800856,403.00337304392514,414.8223653119731,419.73112079240207,484.33817668239504,462.71507922556,381.15044984064366,403.38822324020947,369.81970468190843,426.2345050126867,457.5872710511446,479.96305289986236,444.6617415965263,361.46933629248616,431.4907331026554,471.8126626999334,449.45524870706214,476.36551683677123,345.6560581841949,428.23972663676807,465.216993743903,419.4319408651247,480.4045374203017,404.7325757177729,230.24069804663569,454.34143011525555,458.47827326214514,391.1159500648022,428.8856163404461,334.4865107200414,430.0480676201229,408.22754544502595,330.8379878379363,470.1523159072358,376.280949069441,320.2581014390622,371.39987221614757,449.7295047018192,380.6546436278985,225.29902980249537,449.88545601565426,399.6512887440392,432.48264607723166,310.8367745706553,444.67972235489185,373.13122851398384,308.2467997505207,476.353103799285,443.76405650159387,274.78855367826,435.0785552350792,472.5722631190913,360.0353377981305,371.140715630984,376.388449671829,396.99380356190284,483.4005049169395,472.81773317041467,257.98169125154413,484.1009762339129,404.3563762651335,422.5000557964448,449.3625925526957,478.4488328568696,437.8627549514134,327.10129148478165,474.569996316524,352.7601453236895,483.7537736946192,256.8691528934223,247.66140357239925,455.14956352476804,286.7899230106988,465.1575289187166,237.63940100573367,399.5148977606685,475.72303636256254
0,20,434.375202935332,415.73284161818884,361.18211703972975,482.9242587343196,343.0421309619583,486.6588397782695,271.2586637620612,446.606641234888,181.43930909079947,428.8159611924157,468.798389098634,466.321380205053,333.8659392943138,464.10969913167537,436.9167019779112,467.17692821289654,475.6559369027824,387.70953979829113,483.24734570631495,377.7754186169259,476.33200455338556,454.4352890376126,432.28231633491157,337.3616113554747,431.9006388102614,453.37665046375633,450.2774174601278,423.0634943540836,399.610004837167,427.73148331047287,470.11691008348083,480.460829768312,457.41991802874435,429.67388920756576,422.30108953634976,469.074651338662,465.6852041579456,426.6271761265375,368.84119628391505,484.4657469999198,499.4837057940848,485.2084796117536,388.50896587637664,302.85559799728486,439.69542705652276,368.2506312839173,334.59739819086997,266.7773240954273,402.1538754991247,375.49416309576804,366.3775248269128,449.915948523547,483.9965328936817,420.23879911205444,493.1137140740354,478.31780267096883,404.51935872340755,465.1596302728582,390.3737726832829,445.1212841514171,389.0342116583279,492.3797209189242,406.0544088972266,409.12937037545476,481.1264754917061,279.80007659312463,61.45379517509201,429.98081962995633,451.6923537184896,479.7341428560032,168.2959907178689,401.8316985171921,450.95848417014,351.7035188709086,483.21452986711125,446.505101995546,382.5602139695302,329.0883662631307,472.2979277400564,441.20544405858357,420.90340272906707,341.1930655326817,470.9975966161156,390.2976182988019,394.31846311751536,277.19619433471945,435.63053212067155,371.3969398879254,336.9957992154869,404.62504518268406,249.37202376821,370.4024123808801,404.8612698943025,319.5625543191868,198.58145076713973,484.23243062207786,440.54239633565453,152.93940708326784,432.8718666577188,369.8126861375311,406.09600217903494,445.17054362325695,411.5329393492601,426.76434303713023,451.11137883558723,383.5948221502253,419.57819460169964,462.05640401113686,439.0306503352901,336.57594952083946,472.5257979546765,479.11101200663904,433.9810086861403,467.0966995473217,438.3107239065258,448.36504269272217,447.590637938198,416.1573199177331,479.3910746615821,370.19130298195404,381.6398540081417,484.8461549436661,357.75488549577346,330.79650397800856,403.00337304392514,414.8223653119731,419.73112079240207,484.33817668239504,462.71507922556,381.15044984064366,403.38822324020947,369.81970468190843,426.2345050126867,457.5872710511446,479.96305289986236,444.6617415965263,361.46933629248616,431.4907331026554,471.8126626999334,449.45524870706214,476.36551683677123,345.6560581841949,428.23972663676807,465.216993743903,419.4319408651247,480.4045374203017,404.7325757177729,230.24069804663569,454.34143011525555,458.47827326214514,391.1159500648022,428.8856163404461,334.4865107200414,430.0480676201229,408.22754544502595,330.8379878379363,470.1523159072358,376.280949069441,320.2581014390622,371.39987221614757,449.7295047018192,380.6546436278985,225.29902980249537,449.88545601565426,399.6512887440392,432.48264607723166,310.8367745706553,444.67972235489185,373.13122851398384,308.2467997505207,476.353103799285,443.76405650159387,274.78855367826,435.0785552350792,472.5722631190913,360.0353377981305,371.140715630984,376.388449671829,396.99380356190284,483.4005049169395,472.81773317041467,257.98169125154413,484.1009762339129,404.3563762651335,422.5000557964448,449.3625925526957,478.4488328568696,437.8627549514134,327.10129148478165,474.569996316524,352.7601453236895,483.7537736946192,256.8691528934223,247.66140357239925,455.14956352476804,286.7899230106988,465.1575289187166,237.63940100573367,399.5148977606685,475.72303636256254
0,21,434.375202935332,415.73284161818884,361.18211703972975,482.9242587343196,343.0421309619583,486.6588397782695,271.2586637620612,446.606641234888,181.43930909079947,428.8159611924157,468.798389098634,466.321380205053,333.8659392943138,464.10969913167537,436.9167019779112,467.17692821289654,475.6559369027824,387.70953979829113,483.24734570631495,377.7754186169259,476.33200455338556,454.4352890376126,432.28231633491157,337.3616113554747,431.9006388102614,453.37665046375633,450.2774174601278,423.0634943540836,399.610004837167,427.73148331047287,470.11691008348083,480.460829768312,457.41991802874435,429.67388920756576,422.30108953634976,469.074651338662,465.6852041579456,426.6271761265375,368.84119628391505,484.4657469999198,499.4837057940848,485.2084796117536,388.50896587637664,302.85559799728486,439.69542705652276,368.2506312839173,334.59739819086997,266.7773240954273,402.1538754991247,375.49416309576804,366.3775248269128,449.915948523547,483.9965328936817,420.23879911205444,493.1137140740354,478.31780267096883,404.51935872340755,465.1596302728582,390.3737726832829,445.1212841514171,389.0342116583279,492.3797209189242,406.0544088972266,409.12937037545476,481.1264754917061,279.80007659312463,61.45379517509201,429.98081962995633,451.6923537184896,479.7341428560032,168.2959907178689,401.8316985171921,450.95848417014,351.7035188709086,483.21452986711125,446.505101995546,382.5602139695302,329.0883662631307,472.2979277400564,441.20544405858357,420.90340272906707,341.1930655326817,470.9975966161156,390.2976182988019,394.31846311751536,277.19619433471945,435.63053212067155,371.3969398879254,336.9957992154869,404.62504518268406,249.37202376821,370.4024123808801,404.8612698943025,319.5625543191868,198.58145076713973,484.23243062207786,440.54239633565453,152.93940708326784,432.8718666577188,369.8126861375311,406.09600217903494,445.17054362325695,411.5329393492601,426.76434303713023,451.11137883558723,383.5948221502253,419.57819460169964,462.05640401113686,439.0306503352901,336.57594952083946,472.5257979546765,479.11101200663904,433.9810086861403,467.0966995473217,438.3107239065258,448.36504269272217,447.590637938198,416.1573199177331,479.3910746615821,370.19130298195404,381.6398540081417,484.8461549436661,357.75488549577346,330.79650397800856,403.00337304392514,414.8223653119731,419.73112079240207,484.33817668239504,462.71507922556,381.15044984064366,403.38822324020947,369.81970468190843,426.2345050126867,457.5872710511446,479.96305289986236,444.6617415965263,361.46933629248616,431.4907331026554,471.8126626999334,449.45524870706214,476.36551683677123,345.6560581841949,428.23972663676807,465.216993743903,419.4319408651247,480.4045374203017,404.7325757177729,230.24069804663569,454.34143011525555,458.47827326214514,391.1159500648022,428.8856163404461,334.4865107200414,430.0480676201229,408.22754544502595,330.8379878379363,470.1523159072358,376.280949069441,320.2581014390622,371.39987221614757,449.7295047018192,380.6546436278985,225.29902980249537,449.88545601565426,399.6512887440392,432.48264607723166,310.8367745706553,444.67972235489185,373.13122851398384,308.2467997505207,476.353103799285,443.76405650159387,274.78855367826,435.0785552350792,472.5722631190913,360.0353377981305,371.140715630984,376.388449671829,396.99380356190284,483.4005049169395,472.81773317041467,257.98169125154413,484.1009762339129,404.3563762651335,422.5000557964448,449.3625925526957,478.4488328568696,437.8627549514134,327.10129148478165,474.569996316524,352.7601453236895,483.7537736946192,256.8691528934223,247.66140357239925,455.14956352476804,286.7899230106988,465.1575289187166,237.63940100573367,399.5148977606685,475.72303636256254
0,22,434.375202935332,415.73284161818884,361.18211703972975,482.9242587343196,343.0421309619583,486.6588397782695,271.2586637620612,446.606641234888,181.43930909079947,428.8159611924157,468.798389098634,466.321380205053,333.8659392943138,464.10969913167537,436.9167019779112,467.17692821289654,475.6559369027824,387.70953979829113,483.24734570631495,377.7754186169259,476.33200455338556,454.4352890376126,432.28231633491157,337.3616113554747,431.9006388102614,453.37665046375633,450.2774174601278,423.0634943540836,399.610004837167,427.73148331047287,470.11691008348083,480.460829768312,457.41991802874435,429.67388920756576,422.30108953634976,469.074651338662,465.6852041579456,426.6271761265375,368.84119628391505,484.4657469999198,499.4837057940848,485.2084796117536,388.50896587637664,302.85559799728486,439.69542705652276,368.2506312839173,334.59739819086997,266.7773240954273,402.1538754991247,375.49416309576804,366.3775248269128,449.915948523547,483.9965328936817,420.23879911205444,493.1137140740354,478.31780267096883,404.51935872340755,465.1596302728582,390.3737726832829,445.1212841514171,389.0342116583279,492.3797209189242,406.0544088972266,409.12937037545476,481.1264754917061,279.80007659312463,61.45379517509201,429.98081962995633,451.6923537184896,479.7341428560032,168.2959907178689,401.8316985171921,450.95848417014,351.7035188709086,483.21452986711125,446.505101995546,382.5602139695302,329.0883662631307,472.2979277400564,441.20544405858357,420.90340272906707,341.1930655326817,470.9975966161156,390.2976182988019,394.31846311751536,277.19619433471945,435.63053212067155,371.3969398879254,336.9957992154869,404.62504518268406,249.37202376821,370.4024123808801,404.8612698943025,319.5625543191868,198.58145076713973,484.23243062207786,440.54239633565453,152.93940708326784,432.8718666577188,369.8126861375311,406.09600217903494,445.17054362325695,411.5329393492601,426.76434303713023,451.11137883558723,383.5948221502253,419.57819460169964,462.05640401113686,439.0306503352901,336.57594952083946,472.5257979546765,479.11101200663904,433.9810086861403,467.0966995473217,438.3107239065258,448.36504269272217,447.590637938198,416.1573199177331,479.3910746615821,370.19130298195404,381.6398540081417,484.8461549436661,357.75488549577346,330.79650397800856,403.00337304392514,414.8223653119731,419.73112079240207,484.33817668239504,462.71507922556,381.15044984064366,403.38822324020947,369.81970468190843,426.2345050126867,457.5872710511446,479.96305289986236,444.6617415965263,361.46933629248616,431.4907331026554,471.8126626999334,449.45524870706214,476.36551683677123,345.6560581841949,428.23972663676807,465.216993743903,419.4319408651247,480.4045374203017,404.7325757177729,230.24069804663569,454.34143011525555,458.47827326214514,391.1159500648022,428.8856163404461,334.4865107200414,430.0480676201229,408.22754544502595,330.8379878379363,470.1523159072358,376.280949069441,320.2581014390622,371.39987221614757,449.7295047018192,380.6546436278985,225.29902980249537,449.88545601565426,399.6512887440392,432.48264607723166,310.8367745706553,444.67972235489185,373.13122851398384,308.2467997505207,476.353103799285,443.76405650159387,274.78855367826,435.0785552350792,472.5722631190913,360.0353377981305,371.140715630984,376.388449671829,396.99380356190284,483.4005049169395,472.81773317041467,257.98169125154413,484.1009762339129,404.3563762651335,422.5000557964448,449.3625925526957,478.4488328568696,437.8627549514134,327.10129148478165,474.569996316524,352.7601453236895,483.7537736946192,256.8691528934223,247.66140357239925,455.14956352476804,286.7899230106988,465.1575289187166,237.63940100573367,399.5148977606685,475.72303636256254
0,23,434.375202935332,415.73284161818884,361.18211703972975,482.9242587343196,343.0421309619583,486.6588397782695,271.2586637620612,446.606641234888,181.43930909079947,428.8159611924157,468.798389098634,466.321380205053,333.8659392943138,464.10969913167537,436.9167019779112,467.17692821289654,475.6559369027824,387.70953979829113,483.24734570631495,377.7754186169259,476.33200455338556,454.4352890376126,432.28231633491157,337.3616113554747,431.9006388102614,453.37665046375633,450.2774174601278,423.0634943540836,399.610004837167,427.73148331047287,470.11691008348083,480.460829768312,457.41991802874435,429.67388920756576,422.30108953634976,469.074651338662,465.6852041579456,426.6271761265375,368.84119628391505,484.4657469999198,499.4837057940848,485.2084796117536,388.50896587637664,302.85559799728486,439.69542705652276,368.2506312839173,334.59739819086997,266.7773240954273,402.1538754991247,375.49416309576804,366.3775248269128,449.915948523547,483.9965328936817,420.23879911205444,493.1137140740354,478.31780267096883,404.51935872340755,465.1596302728582,390.3737726832829,445.1212841514171,389.0342116583279,492.3797209189242,406.0544088972266,409.12937037545476,481.1264754917061,279.80007659312463,61.45379517509201,429.98081962995633,451.6923537184896,479.7341428560032,168.2959907178689,401.8316985171921,450.95848417014,351.7035188709086,483.21452986711125,446.505101995546,382.5602139695302,329.0883662631307,472.2979277400564,441.20544405858357,420.90340272906707,341.1930655326817,470.9975966161156,390.2976182988019,394.31846311751536,277.19619433471945,435.63053212067155,371.3969398879254,336.9957992154869,404.62504518268406,249.37202376821,370.4024123808801,404.8612698943025,319.5625543191868,198.58145076713973,484.23243062207786,440.54239633565453,152.93940708326784,432.8718666577188,369.8126861375311,406.09600217903494,445.17054362325695,411.5329393492601,426.76434303713023,451.11137883558723,383.5948221502253,419.57819460169964,462.05640401113686,439.0306503352901,336.57594952083946,472.5257979546765,479.11101200663904,433.9810086861403,467.0966995473217,438.3107239065258,448.36504269272217,447.590637938198,416.1573199177331,479.3910746615821,370.19130298195404,381.6398540081417,484.8461549436661,357.75488549577346,330.79650397800856,403.00337304392514,414.8223653119731,419.73112079240207,484.33817668239504,462.71507922556,381.15044984064366,403.38822324020947,369.81970468190843,426.2345050126867,457.5872710511446,479.96305289986236,444.6617415965263,361.46933629248616,431.4907331026554,471.8126626999334,449.45524870706214,476.36551683677123,345.6560581841949,428.23972663676807,465.216993743903,419.4319408651247,480.4045374203017,404.7325757177729,230.24069804663569,454.34143011525555,458.47827326214514,391.1159500648022,428.8856163404461,334.4865107200414,430.0480676201229,408.22754544502595,330.8379878379363,470.1523159072358,376.280949069441,320.2581014390622,371.39987221614757,449.7295047018192,380.6546436278985,225.29902980249537,449.88545601565426,399.6512887440392,432.48264607723166,310.8367745706553,444.67972235489185,373.13122851398384,308.2467997505207,476.353103799285,443.76405650159387,274.78855367826,435.0785552350792,472.5722631190913,360.0353377981305,371.140715630984,376.388449671829,396.99380356190284,483.4005049169395,472.81773317041467,257.98169125154413,484.1009762339129,404.3563762651335,422.5000557964448,449.3625925526957,478.4488328568696,437.8627549514134,327.10129148478165,474.569996316524,352.7601453236895,483.7537736946192,256.8691528934223,247.66140357239925,455.14956352476804,286.7899230106988,465.1575289187166,237.63940100573367,399.5148977606685,475.72303636256254
0,24,434.375202935332,415.73284161818884,361.18211703972975,482.9242587343196,343.0421309619583,486.6588397782695,271.2586637620612,446.606641234888,181.43930909079947,428.8159611924157,468.798389098634,466.321380205053,333.8659392943138,464.10969913167537,436.9167019779112,467.17692821289654,475.6559369027824,387.70953979829113,483.24734570631495,377.7754186169259,476.33200455338556,454.4352890376126,432.28231633491157,337.3616113554747,431.9006388102614,453.37665046375633,450.2774174601278,423.0634943540836,399.610004837167,427.73148331047287,470.11691008348083,480.460829768312,457.41991802874435,429.67388920756576,422.30108953634976,469.074651338662,465.6852041579456,426.6271761265375,368.84119628391505,484.4657469999198,499.4837057940848,485.2084796117536,388.50896587637664,302.85559799728486,439.69542705652276,368.2506312839173,334.59739819086997,266.7773240954273,402.1538754991247,375.49416309576804,366.3775248269128,449.915948523547,483.9965328936817,420.23879911205444,493.1137140740354,478.31780267096883,404.51935872340755,465.1596302728582,390.3737726832829,445.1212841514171,389.0342116583279,492.3797209189242,406.0544088972266,409.12937037545476,481.1264754917061,279.80007659312463,61.45379517509201,429.98081962995633,451.6923537184896,479.7341428560032,168.2959907178689,401.8316985171921,450.95848417014,351.7035188709086,483.21452986711125,446.505101995546,382.5602139695302,329.0883662631307,472.2979277400564,441.20544405858357,420.90340272906707,341.1930655326817,470.9975966161156,390.2976182988019,394.31846311751536,277.19619433471945,435.63053212067155,371.3969398879254,336.9957992154869,404.62504518268406,249.37202376821,370.4024123808801,404.8612698943025,319.5625543191868,198.58145076713973,484.23243062207786,440.54239633565453,152.93940708326784,432.8718666577188,369.8126861375311,406.09600217903494,445.17054362325695,411.5329393492601,426.76434303713023,451.11137883558723,383.5948221502253,419.57819460169964,462.05640401113686,439.0306503352901,336.57594952083946,472.5257979546765,479.11101200663904,433.9810086861403,467.0966995473217,438.3107239065258,448.36504269272217,447.590637938198,416.1573199177331,479.3910746615821,370.19130298195404,381.6398540081417,484.8461549436661,357.75488549577346,330.79650397800856,403.00337304392514,414.8223653119731,419.73112079240207,484.33817668239504,462.71507922556,381.15044984064366,403.38822324020947,369.81970468190843,426.2345050126867,457.5872710511446,479.96305289986236,444.6617415965263,361.46933629248616,431.4907331026554,471.8126626999334,449.45524870706214,476.36551683677123,345.6560581841949,428.23972663676807,465.216993743903,419.4319408651247,480.4045374203017,404.7325757177729,230.24069804663569,454.34143011525555,458.47827326214514,391.1159500648022,428.8856163404461,334.4865107200414,430.0480676201229,408.22754544502595,330.8379878379363,470.1523159072358,376.280949069441,320.2581014390622,371.39987221614757,449.7295047018192,380.6546436278985,225.29902980249537,449.88545601565426,399.6512887440392,432.48264607723166,310.8367745706553,444.67972235489185,373.13122851398384,308.2467997505207,476.353103799285,443.76405650159387,274.78855367826,435.0785552350792,472.5722631190913,360.0353377981305,371.140715630984,376.388449671829,396.99380356190284,483.4005049169395,472.81773317041467,257.98169125154413,484.1009762339129,404.3563762651335,422.5000557964448,449.3625925526957,478.4488328568696,437.8627549514134,327.10129148478165,474.569996316524,352.7601453236895,483.7537736946192,256.8691528934223,247.66140357239925,455.14956352476804,286.7899230106988,465.1575289187166,237.63940100573367,399.5148977606685,475.72303636256254
0,25,434.375202935332,415.73284161818884,361.18211703972975,482.9242587343196,343.0421309619583,486.6588397782695,271.2586637620612,446.606641234888,181.43930909079947,428.8159611924157,468.798389098634,466.321380205053,333.8659392943138,464.10969913167537,436.9167019779112,467.17692821289654,475.6559369027824,387.70953979829113,483.24734570631495,377.7754186169259,476.33200455338556,454.4352890376126,432.28231633491157,337.3616113554747,431.9006388102614,453.37665046375633,450.2774174601278,423.0634943540836,399.610004837167,427.73148331047287,470.11691008348083,480.460829768312,457.41991802874435,429.67388920756576,422.30108953634976,469.074651338662,465.6852041579456,426.6271761265375,368.84119628391505,484.4657469999198,499.4837057940848,485.2084796117536,388.50896587637664,302.85559799728486,439.69542705652276,368.2506312839173,334.59739819086997,266.7773240954273,402.1538754991247,375.49416309576804,366.3775248269128,449.915948523547,483.9965328936817,420.23879911205444,493.1137140740354,478.31780267096883,404.51935872340755,465.1596302728582,390.3737726832829,445.1212841514171,389.0342116583279,492.3797209189242,406.0544088972266,409.12937037545476,481.1264754917061,279.80007659312463,61.45379517509201,429.98081962995633,451.6923537184896,479.7341428560032,168.2959907178689,401.8316985171921,450.95848417014,351.7035188709086,483.21452986711125,446.505101995546,382.5602139695302,329.0883662631307,472.2979277400564,441.20544405858357,420.90340272906707,341.1930655326817,470.9975966161156,390.2976182988019,394.31846311751536,277.19619433471945,435.63053212067155,371.3969398879254,336.9957992154869,404.62504518268406,249.37202376821,370.4024123808801,404.8612698943025,319.5625543191868,198.58145076713973,484.23243062207786,440.54239633565453,152.93940708326784,432.8718666577188,369.8126861375311,406.09600217903494,445.17054362325695,411.5329393492601,426.76434303713023,451.11137883558723,383.5948221502253,419.57819460169964,462.05640401113686,439.0306503352901,336.57594952083946,472.5257979546765,479.11101200663904,433.9810086861403,467.0966995473217,438.3107239065258,448.36504269272217,447.590637938198,416.1573199177331,479.3910746615821,370.19130298195404,381.6398540081417,484.8461549436661,357.75488549577346,330.79650397800856,403.00337304392514,414.8223653119731,419.73112079240207,484.33817668239504,462.71507922556,381.15044984064366,403.38822324020947,369.81970468190843,426.2345050126867,457.5872710511446,479.96305289986236,444.6617415965263,361.46933629248616,431.4907331026554,471.8126626999334,449.45524870706214,476.36551683677123,345.6560581841949,428.23972663676807,465.216993743903,419.4319408651247,480.4045374203017,404.7325757177729,230.24069804663569,454.34143011525555,458.47827326214514,391.1159500648022,428.8856163404461,334.4865107200414,430.0480676201229,408.22754544502595,330.8379878379363,470.1523159072358,376.280949069441,320.2581014390622,371.39987221614757,449.7295047018192,380.6546436278985,225.29902980249537,449.88545601565426,399.6512887440392,432.48264607723166,310.8367745706553,444.67972235489185,373.13122851398384,308.2467997505207,476.353103799285,443.76405650159387,274.78855367826,435.0785552350792,472.5722631190913,360.0353377981305,371.140715630984,376.388449671829,396.99380356190284,483.4005049169395,472.81773317041467,257.98169125154413,484.1009762339129,404.3563762651335,422.5000557964448,449.3625925526957,478.4488328568696,437.8627549514134,327.10129148478165,474.569996316524,352.7601453236895,483.7537736946192,256.8691528934223,247.66140357239925,455.14956352476804,286.7899230106988,465.1575289187166,237.63940100573367,399.5148977606685,475.72303636256254
0,26,434.375202935332,415.73284161818884,361.18211703972975,482.9242587343196,343.0421309619583,486.6588397782695,271.2586637620612,446.606641234888,181.43930909079947,428.8159611924157,468.798389098634,466.321380205053,333.8659392943138,464.10969913167537,436.9167019779112,467.17692821289654,475.6559369027824,387.70953979829113,483.24734570631495,377.7754186169259,476.33200455338556,454.4352890376126,432.28231633491157,337.3616113554747,431.9006388102614,453.37665046375633,450.2774174601278,423.0634943540836,399.610004837167,427.73148331047287,470.11691008348083,480.460829768312,457.41991802874435,429.67388920756576,422.30108953634976,469.074651338662,465.6852041579456,426.6271761265375,368.84119628391505,484.4657469999198,499.4837057940848,485.2084796117536,388.50896587637664,302.85559799728486,439.69542705652276,368.2506312839173,334.59739819086997,266.7773240954273,402.1538754991247,375.49416309576804,366.3775248269128,449.915948523547,483.9965328936817,420.23879911205444,493.1137140740354,478.31780267096883,404.51935872340755,465.1596302728582,390.3737726832829,445.1212841514171,389.0342116583279,492.3797209189242,406.0544088972266,409.12937037545476,481.1264754917061,279.80007659312463,61.45379517509201,429.98081962995633,451.6923537184896,479.7341428560032,168.2959907178689,401.8316985171921,450.95848417014,351.7035188709086,483.21452986711125,446.505101995546,382.5602139695302,329.0883662631307,472.2979277400564,441.20544405858357,420.90340272906707,341.1930655326817,470.9975966161156,390.2976182988019,394.31846311751536,277.19619433471945,435.63053212067155,371.3969398879254,336.9957992154869,404.62504518268406,249.37202376821,370.4024123808801,404.8612698943025,319.5625543191868,198.58145076713973,484.23243062207786,440.54239633565453,152.93940708326784,432.8718666577188,369.8126861375311,406.09600217903494,445.17054362325695,411.5329393492601,426.76434303713023,451.11137883558723,383.5948221502253,419.57819460169964,462.05640401113686,439.0306503352901,336.57594952083946,472.5257979546765,479.11101200663904,433.9810086861403,467.0966995473217,438.3107239065258,448.36504269272217,447.590637938198,416.1573199177331,479.3910746615821,370.19130298195404,381.6398540081417,484.8461549436661,357.75488549577346,330.79650397800856,403.00337304392514,414.8223653119731,419.73112079240207,484.33817668239504,462.71507922556,381.15044984064366,403.38822324020947,369.81970468190843,426.2345050126867,457.5872710511446,479.96305289986236,444.6617415965263,361.46933629248616,431.4907331026554,471.8126626999334,449.45524870706214,476.36551683677123,345.6560581841949,428.23972663676807,465.216993743903,419.4319408651247,480.4045374203017,404.7325757177729,230.24069804663569,454.34143011525555,458.47827326214514,391.1159500648022,428.8856163404461,334.4865107200414,430.0480676201229,408.22754544502595,330.8379878379363,470.1523159072358,376.280949069441,320.2581014390622,371.39987221614757,449.7295047018192,380.6546436278985,225.29902980249537,449.88545601565426,399.6512887440392,432.48264607723166,310.8367745706553,444.67972235489185,373.13122851398384,308.2467997505207,476.353103799285,443.76405650159387,274.78855367826,435.0785552350792,472.5722631190913,360.0353377981305,371.140715630984,376.388449671829,396.99380356190284,483.4005049169395,472.81773317041467,257.98169125154413,484.1009762339129,404.3563762651335,422.5000557964448,449.3625925526957,478.4488328568696,437.8627549514134,327.10129148478165,474.569996316524,352.7601453236895,483.7537736946192,256.8691528934223,247.66140357239925,455.14956352476804,286.7899230106988,465.1575289187166,237.63940100573367,399.5148977606685,475.72303636256254
0,27,434.375202935332,415.73284161818884,361.18211703972975,482.9242587343196,343.0421309619583,486.6588397782695,271.2586637620612,446.606641234888,181.43930909079947,428.8159611924157,468.798389098634,466.321380205053,333.8659392943138,464.10969913167537,436.9167019779112,467.17692821289654,475.6559369027824,387.70953979829113,483.24734570631495,377.7754186169259,476.33200455338556,454.4352890376126,432.28231633491157,337.3616113554747,431.9006388102614,453.37665046375633,450.2774174601278,423.0634943540836,399.610004837167,427.73148331047287,470.11691008348083,480.460829768312,457.41991802874435,429.67388920756576,422.30108953634976,469.074651338662,465.6852041579456,426.6271761265375,368.84119628391505,484.4657469999198,499.4837057940848,485.2084796117536,388.50896587637664,302.85559799728486,439.69542705652276,368.2506312839173,334.59739819086997,266.7773240954273,402.1538754991247,375.49416309576804,366.3775248269128,449.915948523547,483.9965328936817,420.23879911205444,493.1137140740354,478.31780267096883,404.51935872340755,465.1596302728582,390.3737726832829,445.1212841514171,389.0342116583279,492.3797209189242,406.0544088972266,409.12937037545476,481.1264754917061,279.80007659312463,61.45379517509201,429.98081962995633,451.6923537184896,479.7341428560032,168.2959907178689,401.8316985171921,450.95848417014,351.7035188709086,483.21452986711125,446.505101995546,382.5602139695302,329.0883662631307,472.2979277400564,441.20544405858357,420.90340272906707,341.1930655326817,470.9975966161156,390.2976182988019,394.31846311751536,277.19619433471945,435.63053212067155,371.3969398879254,336.9957992154869,404.62504518268406,249.37202376821,370.4024123808801,404.8612698943025,319.5625543191868,198.58145076713973,484.23243062207786,440.54239633565453,152.93940708326784,432.8718666577188,369.8126861375311,406.09600217903494,445.17054362325695,411.5329393492601,426.76434303713023,451.11137883558723,383.5948221502253,419.57819460169964,462.05640401113686,439.0306503352901,336.57594952083946,472.5257979546765,479.11101200663904,433.9810086861403,467.0966995473217,438.3107239065258,448.36504269272217,447.590637938198,416.1573199177331,479.3910746615821,370.19130298195404,381.6398540081417,484.8461549436661,357.75488549577346,330.79650397800856,403.00337304392514,414.8223653119731,419.73112079240207,484.33817668239504,462.71507922556,381.15044984064366,403.38822324020947,369.81970468190843,426.2345050126867,457.5872710511446,479.96305289986236,444.6617415965263,361.46933629248616,431.4907331026554,471.8126626999334,449.45524870706214,476.36551683677123,345.6560581841949,428.23972663676807,465.216993743903,419.4319408651247,480.4045374203017,404.7325757177729,230.24069804663569,454.34143011525555,458.47827326214514,391.1159500648022,428.8856163404461,334.4865107200414,430.0480676201229,408.22754544502595,330.8379878379363,470.1523159072358,376.280949069441,320.2581014390622,371.39987221614757,449.7295047018192,380.6546436278985,225.29902980249537,449.88545601565426,399.6512887440392,432.48264607723166,310.8367745706553,444.67972235489185,373.13122851398384,308.2467997505207,476.353103799285,443.76405650159387,274.78855367826,435.0785552350792,472.5722631190913,360.0353377981305,371.140715630984,376.388449671829,396.99380356190284,483.4005049169395,472.81773317041467,257.98169125154413,484.1009762339129,404.3563762651335,422.5000557964448,449.3625925526957,478.4488328568696,437.8627549514134,327.10129148478165,474.569996316524,352.7601453236895,483.7537736946192,256.8691528934223,247.66140357239925,455.14956352476804,286.7899230106988,465.1575289187166,237.63940100573367,399.5148977606685,475.72303636256254
0,28,434.375202935332,415.73284161818884,361.18211703972975,482.9242587343196,343.0421309619583,486.6588397782695,271.2586637620612,446.606641234888,181.43930909079947,428.8159611924157,468.798389098634,466.321380205053,333.8659392943138,464.10969913167537,436.9167019779112,467.17692821289654,475.6559369027824,387.70953979829113,483.24734570631495,377.7754186169259,476.33200455338556,454.4352890376126,432.28231633491157,337.3616113554747,431.9006388102614,453.37665046375633,450.2774174601278,423.0634943540836,399.610004837167,427.73148331047287,470.11691008348083,480.460829768312,457.41991802874435,429.67388920756576,422.30108953634976,469.074651338662,465.6852041579456,426.6271761265375,368.84119628391505,484.4657469999198,499.4837057940848,485.2084796117536,388.50896587637664,302.85559799728486,439.69542705652276,368.2506312839173,334.59739819086997,266.7773240954273,402.1538754991247,375.49416309576804,366.3775248269128,449.915948523547,483.9965328936817,420.23879911205444,493.1137140740354,478.31780267096883,404.51935872340755,465.1596302728582,390.3737726832829,445.1212841514171,389.0342116583279,492.3797209189242,406.0544088972266,409.12937037545476,481.1264754917061,279.80007659312463,61.45379517509201,429.98081962995633,451.6923537184896,479.7341428560032,168.2959907178689,401.8316985171921,450.95848417014,351.7035188709086,483.21452986711125,446.505101995546,382.5602139695302,329.0883662631307,472.2979277400564,441.20544405858357,420.90340272906707,341.1930655326817,470.9975966161156,390.2976182988019,394.31846311751536,277.19619433471945,435.63053212067155,371.3969398879254,336.9957992154869,404.62504518268406,249.37202376821,370.4024123808801,404.8612698943025,319.5625543191868,198.58145076713973,484.23243062207786,440.54239633565453,152.93940708326784,432.8718666577188,369.8126861375311,406.09600217903494,445.17054362325695,411.5329393492601,426.76434303713023,451.11137883558723,383.5948221502253,419.57819460169964,462.05640401113686,439.0306503352901,336.57594952083946,472.5257979546765,479.11101200663904,433.9810086861403,467.0966995473217,438.3107239065258,448.36504269272217,447.590637938198,416.1573199177331,479.3910746615821,370.19130298195404,381.6398540081417,484.8461549436661,357.75488549577346,330.79650397800856,403.00337304392514,414.8223653119731,419.73112079240207,484.33817668239504,462.71507922556,381.15044984064366,403.38822324020947,369.81970468190843,426.2345050126867,457.5872710511446,479.96305289986236,444.6617415965263,361.46933629248616,431.4907331026554,471.8126626999334,449.45524870706214,476.36551683677123,345.6560581841949,428.23972663676807,465.216993743903,419.4319408651247,480.4045374203017,404.7325757177729,230.24069804663569,454.34143011525555,458.47827326214514,391.1159500648022,428.8856163404461,334.4865107200414,430.0480676201229,408.22754544502595,330.8379878379363,470.1523159072358,376.280949069441,320.2581014390622,371.39987221614757,449.7295047018192,380.6546436278985,225.29902980249537,449.88545601565426,399.6512887440392,432.48264607723166,310.8367745706553,444.67972235489185,373.13122851398384,308.2467997505207,476.353103799285,443.76405650159387,274.78855367826,435.0785552350792,472.5722631190913,360.0353377981305,371.140715630984,376.388449671829,396.99380356190284,483.4005049169395,472.81773317041467,257.98169125154413,484.1009762339129,404.3563762651335,422.5000557964448,449.3625925526957,478.4488328568696,437.8627549514134,327.10129148478165,474.569996316524,352.7601453236895,483.7537736946192,256.8691528934223,247.66140357239925,455.14956352476804,286.7899230106988,465.1575289187166,237.63940100573367,399.5148977606685,475.72303636256254
0,29,434.375202935332,415.73284161818884,361.18211703972975,482.9242587343196,343.0421309619583,486.6588397782695,271.2586637620612,446.606641234888,181.43930909079947,428.8159611924157,468.798389098634,466.321380205053,333.8659392943138,464.10969913167537,436.9167019779112,467.17692821289654,475.6559369027824,387.70953979829113,483.24734570631495,377.7754186169259,476.33200455338556,454.4352890376126,432.28231633491157,337.3616113554747,431.9006388102614,453.37665046375633,450.2774174601278,423.0634943540836,399.610004837167,427.73148331047287,470.11691008348083,480.460829768312,457.41991802874435,429.67388920756576,422.30108953634976,469.074651338662,465.6852041579456,426.6271761265375,368.84119628391505,484.4657469999198,499.4837057940848,485.2084796117536,388.50896587637664,302.85559799728486,439.69542705652276,368.2506312839173,334.59739819086997,266.7773240954273,402.1538754991247,375.49416309576804,366.3775248269128,449.915948523547,483.9965328936817,420.23879911205444,493.1137140740354,478.31780267096883,404.51935872340755,465.1596302728582,390.3737726832829,445.1212841514171,389.0342116583279,492.3797209189242,406.0544088972266,409.12937037545476,481.1264754917061,279.80007659312463,61.45379517509201,429.98081962995633,451.6923537184896,479.7341428560032,168.2959907178689,401.8316985171921,450.95848417014,351.7035188709086,483.21452986711125,446.505101995546,382.5602139695302,329.0883662631307,472.2979277400564,441.20544405858357,420.90340272906707,341.1930655326817,470.9975966161156,390.2976182988019,394.31846311751536,277.19619433471945,435.63053212067155,371.3969398879254,336.9957992154869,404.62504518268406,249.37202376821,370.4024123808801,404.8612698943025,319.5625543191868,198.58145076713973,484.23243062207786,440.54239633565453,152.93940708326784,432.8718666577188,369.8126861375311,406.09600217903494,445.17054362325695,411.5329393492601,426.76434303713023,451.11137883558723,383.5948221502253,419.57819460169964,462.05640401113686,439.0306503352901,336.57594952083946,472.5257979546765,479.11101200663904,433.9810086861403,467.0966995473217,438.3107239065258,448.36504269272217,447.590637938198,416.1573199177331,479.3910746615821,370.19130298195404,381.6398540081417,484.8461549436661,357.75488549577346,330.79650397800856,403.00337304392514,414.8223653119731,419.73112079240207,484.33817668239504,462.71507922556,381.15044984064366,403.38822324020947,369.81970468190843,426.2345050126867,457.5872710511446,479.96305289986236,444.6617415965263,361.46933629248616,431.4907331026554,471.8126626999334,449.45524870706214,476.36551683677123,345.6560581841949,428.23972663676807,465.216993743903,419.4319408651247,480.4045374203017,404.7325757177729,230.24069804663569,454.34143011525555,458.47827326214514,391.1159500648022,428.8856163404461,334.4865107200414,430.0480676201229,408.22754544502595,330.8379878379363,470.1523159072358,376.280949069441,320.2581014390622,371.39987221614757,449.7295047018192,380.6546436278985,225.29902980249537,449.88545601565426,399.6512887440392,432.48264607723166,310.8367745706553,444.67972235489185,373.13122851398384,308.2467997505207,476.353103799285,443.76405650159387,274.78855367826,435.0785552350792,472.5722631190913,360.0353377981305,371.140715630984,376.388449671829,396.99380356190284,483.4005049169395,472.81773317041467,257.98169125154413,484.1009762339129,404.3563762651335,422.5000557964448,449.3625925526957,478.4488328568696,437.8627549514134,327.10129148478165,474.569996316524,352.7601453236895,483.7537736946192,256.8691528934223,247.66140357239925,455.14956352476804,286.7899230106988,465.1575289187166,237.63940100573367,399.5148977606685,475.72303636256254
0,30,434.375202935332,415.73284161818884,361.18211703972975,482.9242587343196,343.0421309619583,486.6588397782695,271.2586637620612,446.606641234888,181.43930909079947,428.8159611924157,468.798389098634,466.321380205053,333.8659392943138,464.10969913167537,436.9167019779112,467.17692821289654,475.6559369027824,387.70953979829113,483.24734570631495,377.7754186169259,476.33200455338556,454.4352890376126,432.28231633491157,337.3616113554747,431.9006388102614,453.37665046375633,450.2774174601278,423.0634943540836,399.610004837167,427.73148331047287,470.11691008348083,480.460829768312,457.41991802874435,429.67388920756576,422.30108953634976,469.074651338662,465.6852041579456,426.6271761265375,368.84119628391505,484.4657469999198,499.4837057940848,485.2084796117536,388.50896587637664,302.85559799728486,439.69542705652276,368.2506312839173,334.59739819086997,266.7773240954273,402.1538754991247,375.49416309576804,366.3775248269128,449.915948523547,483.9965328936817,420.23879911205444,493.1137140740354,478.31780267096883,404.51935872340755,465.1596302728582,390.3737726832829,445.1212841514171,389.0342116583279,492.3797209189242,406.0544088972266,409.12937037545476,481.1264754917061,279.80007659312463,61.45379517509201,429.98081962995633,451.6923537184896,479.7341428560032,168.2959907178689,401.8316985171921,450.95848417014,351.7035188709086,483.21452986711125,446.505101995546,382.5602139695302,329.0883662631307,472.2979277400564,441.20544405858357,420.90340272906707,341.1930655326817,470.9975966161156,390.2976182988019,394.31846311751536,277.19619433471945,435.63053212067155,371.3969398879254,336.9957992154869,404.62504518268406,249.37202376821,370.4024123808801,404.8612698943025,319.5625543191868,198.58145076713973,484.23243062207786,440.54239633565453,152.93940708326784,432.8718666577188,369.8126861375311,406.09600217903494,445.17054362325695,411.5329393492601,426.76434303713023,451.11137883558723,383.5948221502253,419.57819460169964,462.05640401113686,439.0306503352901,336.57594952083946,472.5257979546765,479.11101200663904,433.9810086861403,467.0966995473217,438.3107239065258,448.36504269272217,447.590637938198,416.1573199177331,479.3910746615821,370.19130298195404,381.6398540081417,484.8461549436661,357.75488549577346,330.79650397800856,403.00337304392514,414.8223653119731,419.73112079240207,484.33817668239504,462.71507922556,381.15044984064366,403.38822324020947,369.81970468190843,426.2345050126867,457.5872710511446,479.96305289986236,444.6617415965263,361.46933629248616,431.4907331026554,471.8126626999334,449.45524870706214,476.36551683677123,345.6560581841949,428.23972663676807,465.216993743903,419.4319408651247,480.4045374203017,404.7325757177729,230.24069804663569,454.34143011525555,458.47827326214514,391.1159500648022,428.8856163404461,334.4865107200414,430.0480676201229,408.22754544502595,330.8379878379363,470.1523159072358,376.280949069441,320.2581014390622,371.39987221614757,449.7295047018192,380.6546436278985,225.29902980249537,449.88545601565426,399.6512887440392,432.48264607723166,310.8367745706553,444.67972235489185,373.13122851398384,308.2467997505207,476.353103799285,443.76405650159387,274.78855367826,435.0785552350792,472.5722631190913,360.0353377981305,371.140715630984,376.388449671829,396.99380356190284,483.4005049169395,472.81773317041467,257.98169125154413,484.1009762339129,404.3563762651335,422.5000557964448,449.3625925526957,478.4488328568696,437.8627549514134,327.10129148478165,474.569996316524,352.7601453236895,483.7537736946192,256.8691528934223,247.66140357239925,455.14956352476804,286.7899230106988,465.1575289187166,237.63940100573367,399.5148977606685,475.72303636256254
0,31,434.375202935332,415.73284161818884,361.18211703972975,482.9242587343196,343.0421309619583,486.6588397782695,271.2586637620612,446.606641234888,181.43930909079947,428.8159611924157,468.798389098634,466.321380205053,333.8659392943138,464.10969913167537,436.9167019779112,467.17692821289654,475.6559369027824,387.70953979829113,483.24734570631495,377.7754186169259,476.33200455338556,454.4352890376126,432.28231633491157,337.3616113554747,431.9006388102614,453.37665046375633,450.2774174601278,423.0634943540836,399.610004837167,427.73148331047287,470.11691008348083,480.460829768312,457.41991802874435,429.67388920756576,422.30108953634976,469.074651338662,465.6852041579456,426.6271761265375,368.84119628391505,484.4657469999198,499.4837057940848,485.2084796117536,388.50896587637664,302.85559799728486,439.69542705652276,368.2506312839173,334.59739819086997,266.7773240954273,402.1538754991247,375.49416309576804,366.3775248269128,449.915948523547,483.9965328936817,420.23879911205444,493.1137140740354,478.31780267096883,404.51935872340755,465.1596302728582,390.3737726832829,445.1212841514171,389.0342116583279,492.3797209189242,406.0544088972266,409.12937037545476,481.1264754917061,279.80007659312463,61.45379517509201,429.98081962995633,451.6923537184896,479.7341428560032,168.2959907178689,401.8316985171921,450.95848417014,351.7035188709086,483.21452986711125,446.505101995546,382.5602139695302,329.0883662631307,472.2979277400564,441.20544405858357,420.90340272906707,341.1930655326817,470.9975966161156,390.2976182988019,394.31846311751536,277.19619433471945,435.63053212067155,371.3969398879254,336.9957992154869,404.62504518268406,249.37202376821,370.4024123808801,404.8612698943025,319.5625543191868,198.58145076713973,484.23243062207786,440.54239633565453,152.93940708326784,432.8718666577188,369.8126861375311,406.09600217903494,445.17054362325695,411.5329393492601,426.76434303713023,451.11137883558723,383.5948221502253,419.57819460169964,462.05640401113686,439.0306503352901,336.57594952083946,472.5257979546765,479.11101200663904,433.9810086861403,467.0966995473217,438.3107239065258,448.36504269272217,447.590637938198,416.1573199177331,479.3910746615821,370.19130298195404,381.6398540081417,484.8461549436661,357.75488549577346,330.79650397800856,403.00337304392514,414.8223653119731,419.73112079240207,484.33817668239504,462.71507922556,381.15044984064366,403.38822324020947,369.81970468190843,426.2345050126867,457.5872710511446,479.96305289986236,444.6617415965263,361.46933629248616,431.4907331026554,471.8126626999334,449.45524870706214,476.36551683677123,345.6560581841949,428.23972663676807,465.216993743903,419.4319408651247,480.4045374203017,404.7325757177729,230.24069804663569,454.34143011525555,458.47827326214514,391.1159500648022,428.8856163404461,334.4865107200414,430.0480676201229,408.22754544502595,330.8379878379363,470.1523159072358,376.280949069441,320.2581014390622,371.39987221614757,449.7295047018192,380.6546436278985,225.29902980249537,449.88545601565426,399.6512887440392,432.48264607723166,310.8367745706553,444.67972235489185,373.13122851398384,308.2467997505207,476.353103799285,443.76405650159387,274.78855367826,435.0785552350792,472.5722631190913,360.0353377981305,371.140715630984,376.388449671829,396.99380356190284,483.4005049169395,472.81773317041467,257.98169125154413,484.1009762339129,404.3563762651335,422.5000557964448,449.3625925526957,478.4488328568696,437.8627549514134,327.10129148478165,474.569996316524,352.7601453236895,483.7537736946192,256.8691528934223,247.66140357239925,455.14956352476804,286.7899230106988,465.1575289187166,237.63940100573367,399.5148977606685,475.72303636256254
0,32,434.375202935332,415.73284161818884,361.18211703972975,482.9242587343196,343.0421309619583,486.6588397782695,271.2586637620612,446.606641234888,181.43930909079947,428.8159611924157,468.798389098634,466.321380205053,333.8659392943138,464.10969913167537,436.9167019779112,467.17692821289654,475.6559369027824,387.70953979829113,483.24734570631495,377.7754186169259,476.33200455338556,454.4352890376126,432.28231633491157,337.3616113554747,431.9006388102614,453.37665046375633,450.2774174601278,423.0634943540836,399.610004837167,427.73148331047287,470.11691008348083,480.460829768312,457.41991802874435,429.67388920756576,422.30108953634976,469.074651338662,465.6852041579456,426.6271761265375,368.84119628391505,484.4657469999198,499.4837057940848,485.2084796117536,388.50896587637664,302.85559799728486,439.69542705652276,368.2506312839173,334.59739819086997,266.7773240954273,402.1538754991247,375.49416309576804,366.3775248269128,449.915948523547,483.9965328936817,420.23879911205444,493.1137140740354,478.31780267096883,404.51935872340755,465.1596302728582,390.3737726832829,445.1212841514171,389.0342116583279,492.3797209189242,406.0544088972266,409.12937037545476,481.1264754917061,279.80007659312463,61.45379517509201,429.98081962995633,451.6923537184896,479.7341428560032,168.2959907178689,401.8316985171921,450.95848417014,351.7035188709086,483.21452986711125,446.505101995546,382.5602139695302,329.0883662631307,472.2979277400564,441.20544405858357,420.90340272906707,341.1930655326817,470.9975966161156,390.2976182988019,394.31846311751536,277.19619433471945,435.63053212067155,371.3969398879254,336.9957992154869,404.62504518268406,249.37202376821,370.4024123808801,404.8612698943025,319.5625543191868,198.58145076713973,484.23243062207786,440.54239633565453,152.93940708326784,432.8718666577188,369.8126861375311,406.09600217903494,445.17054362325695,411.5329393492601,426.76434303713023,451.11137883558723,383.5948221502253,419.57819460169964,462.05640401113686,439.0306503352901,336.57594952083946,472.5257979546765,479.11101200663904,433.9810086861403,467.0966995473217,438.3107239065258,448.36504269272217,447.590637938198,416.1573199177331,479.3910746615821,370.19130298195404,381.6398540081417,484.8461549436661,357.75488549577346,330.79650397800856,403.00337304392514,414.8223653119731,419.73112079240207,484.33817668239504,462.71507922556,381.15044984064366,403.38822324020947,369.81970468190843,426.2345050126867,457.5872710511446,479.96305289986236,444.6617415965263,361.46933629248616,431.4907331026554,471.8126626999334,449.45524870706214,476.36551683677123,345.6560581841949,428.23972663676807,465.216993743903,419.4319408651247,480.4045374203017,404.7325757177729,230.24069804663569,454.34143011525555,458.47827326214514,391.1159500648022,428.8856163404461,334.4865107200414,430.0480676201229,408.22754544502595,330.8379878379363,470.1523159072358,376.280949069441,320.2581014390622,371.39987221614757,449.7295047018192,380.6546436278985,225.29902980249537,449.88545601565426,399.6512887440392,432.48264607723166,310.8367745706553,444.67972235489185,373.13122851398384,308.2467997505207,476.353103799285,443.76405650159387,274.78855367826,435.0785552350792,472.5722631190913,360.0353377981305,371.140715630984,376.388449671829,396.99380356190284,483.4005049169395,472.81773317041467,257.98169125154413,484.1009762339129,404.3563762651335,422.5000557964448,449.3625925526957,478.4488328568696,437.8627549514134,327.10129148478165,474.569996316524,352.7601453236895,483.7537736946192,256.8691528934223,247.66140357239925,455.14956352476804,286.7899230106988,465.1575289187166,237.63940100573367,399.5148977606685,475.72303636256254
0,33,434.375202935332,415.73284161818884,361.18211703972975,482.9242587343196,343.0421309619583,486.6588397782695,271.2586637620612,446.606641234888,181.43930909079947,428.8159611924157,468.798389098634,466.321380205053,333.8659392943138,464.10969913167537,436.9167019779112,467.17692821289654,475.6559369027824,387.70953979829113,483.24734570631495,377.7754186169259,476.33200455338556,454.4352890376126,432.28231633491157,337.3616113554747,431.9006388102614,453.37665046375633,450.2774174601278,423.0634943540836,399.610004837167,427.73148331047287,470.11691008348083,480.460829768312,457.41991802874435,429.67388920756576,422.30108953634976,469.074651338662,465.6852041579456,426.6271761265375,368.84119628391505,484.4657469999198,499.4837057940848,485.2084796117536,388.50896587637664,302.85559799728486,439.69542705652276,368.2506312839173,334.59739819086997,266.7773240954273,402.1538754991247,375.49416309576804,366.3775248269128,449.915948523547,483.9965328936817,420.23879911205444,493.1137140740354,478.31780267096883,404.51935872340755,465.1596302728582,390.3737726832829,445.1212841514171,389.0342116583279,492.3797209189242,406.0544088972266,409.12937037545476,481.1264754917061,279.80007659312463,61.45379517509201,429.98081962995633,451.6923537184896,479.7341428560032,168.2959907178689,401.8316985171921,450.95848417014,351.7035188709086,483.21452986711125,446.505101995546,382.5602139695302,329.0883662631307,472.2979277400564,441.20544405858357,420.90340272906707,341.1930655326817,470.9975966161156,390.2976182988019,394.31846311751536,277.19619433471945,435.63053212067155,371.3969398879254,336.9957992154869,404.62504518268406,249.37202376821,370.4024123808801,404.8612698943025,319.5625543191868,198.58145076713973,484.23243062207786,440.54239633565453,152.93940708326784,432.8718666577188,369.8126861375311,406.09600217903494,445.17054362325695,411.5329393492601,426.76434303713023,451.11137883558723,383.5948221502253,419.57819460169964,462.05640401113686,439.0306503352901,336.57594952083946,472.5257979546765,479.11101200663904,433.9810086861403,467.0966995473217,438.3107239065258,448.36504269272217,447.590637938198,416.1573199177331,479.3910746615821,370.19130298195404,381.6398540081417,484.8461549436661,357.75488549577346,330.79650397800856,403.00337304392514,414.8223653119731,419.73112079240207,484.33817668239504,462.71507922556,381.15044984064366,403.38822324020947,369.81970468190843,426.2345050126867,457.5872710511446,479.96305289986236,444.6617415965263,361.46933629248616,431.4907331026554,471.8126626999334,449.45524870706214,476.36551683677123,345.6560581841949,428.23972663676807,465.216993743903,419.4319408651247,480.4045374203017,404.7325757177729,230.24069804663569,454.34143011525555,458.47827326214514,391.1159500648022,428.8856163404461,334.4865107200414,430.0480676201229,408.22754544502595,330.8379878379363,470.1523159072358,376.280949069441,320.2581014390622,371.39987221614757,449.7295047018192,380.6546436278985,225.29902980249537,449.88545601565426,399.6512887440392,432.48264607723166,310.8367745706553,444.67972235489185,373.13122851398384,308.2467997505207,476.353103799285,443.76405650159387,274.78855367826,435.0785552350792,472.5722631190913,360.0353377981305,371.140715630984,376.388449671829,396.99380356190284,483.4005049169395,472.81773317041467,257.98169125154413,484.1009762339129,404.3563762651335,422.5000557964448,449.3625925526957,478.4488328568696,437.8627549514134,327.10129148478165,474.569996316524,352.7601453236895,483.7537736946192,256.8691528934223,247.66140357239925,455.14956352476804,286.7899230106988,465.1575289187166,237.63940100573367,399.5148977606685,475.72303636256254
0,34,434.375202935332,415.73284161818884,361.18211703972975,482.9242587343196,343.0421309619583,486.6588397782695,271.2586637620612,446.606641234888,181.43930909079947,428.8159611924157,468.798389098634,466.321380205053,333.8659392943138,464.10969913167537,436.9167019779112,467.17692821289654,475.6559369027824,387.70953979829113,483.24734570631495,377.7754186169259,476.33200455338556,454.4352890376126,432.28231633491157,337.3616113554747,431.9006388102614,453.37665046375633,450.2774174601278,423.0634943540836,399.610004837167,427.73148331047287,470.11691008348083,480.460829768312,457.41991802874435,429.67388920756576,422.30108953634976,469.074651338662,465.6852041579456,426.6271761265375,368.84119628391505,484.4657469999198,499.4837057940848,485.2084796117536,388.50896587637664,302.85559799728486,439.69542705652276,368.2506312839173,334.59739819086997,266.7773240954273,402.1538754991247,375.49416309576804,366.3775248269128,449.915948523547,483.9965328936817,420.23879911205444,493.1137140740354,478.31780267096883,404.51935872340755,465.1596302728582,390.3737726832829,445.1212841514171,389.0342116583279,492.3797209189242,406.0544088972266,409.12937037545476,481.1264754917061,279.80007659312463,61.45379517509201,429.98081962995633,451.6923537184896,479.7341428560032,168.2959907178689,401.8316985171921,450.95848417014,351.7035188709086,483.21452986711125,446.505101995546,382.5602139695302,329.0883662631307,472.2979277400564,441.20544405858357,420.90340272906707,341.1930655326817,470.9975966161156,390.2976182988019,394.31846311751536,277.19619433471945,435.63053212067155,371.3969398879254,336.9957992154869,404.62504518268406,249.37202376821,370.4024123808801,404.8612698943025,319.5625543191868,198.58145076713973,484.23243062207786,440.54239633565453,152.93940708326784,432.8718666577188,369.8126861375311,406.09600217903494,445.17054362325695,411.5329393492601,426.76434303713023,451.11137883558723,383.5948221502253,419.57819460169964,462.05640401113686,439.0306503352901,336.57594952083946,472.5257979546765,479.11101200663904,433.9810086861403,467.0966995473217,438.3107239065258,448.36504269272217,447.590637938198,416.1573199177331,479.3910746615821,370.19130298195404,381.6398540081417,484.8461549436661,357.75488549577346,330.79650397800856,403.00337304392514,414.8223653119731,419.73112079240207,484.33817668239504,462.71507922556,381.15044984064366,403.38822324020947,369.81970468190843,426.2345050126867,457.5872710511446,479.96305289986236,444.6617415965263,361.46933629248616,431.4907331026554,471.8126626999334,449.45524870706214,476.36551683677123,345.6560581841949,428.23972663676807,465.216993743903,419.4319408651247,480.4045374203017,404.7325757177729,230.24069804663569,454.34143011525555,458.47827326214514,391.1159500648022,428.8856163404461,334.4865107200414,430.0480676201229,408.22754544502595,330.8379878379363,470.1523159072358,376.280949069441,320.2581014390622,371.39987221614757,449.7295047018192,380.6546436278985,225.29902980249537,449.88545601565426,399.6512887440392,432.48264607723166,310.8367745706553,444.67972235489185,373.13122851398384,308.2467997505207,476.353103799285,443.76405650159387,274.78855367826,435.0785552350792,472.5722631190913,360.0353377981305,371.140715630984,376.388449671829,396.99380356190284,483.4005049169395,472.81773317041467,257.98169125154413,484.1009762339129,404.3563762651335,422.5000557964448,449.3625925526957,478.4488328568696,437.8627549514134,327.10129148478165,474.569996316524,352.7601453236895,483.7537736946192,256.8691528934223,247.66140357239925,455.14956352476804,286.7899230106988,465.1575289187166,237.63940100573367,399.5148977606685,475.72303636256254
0,35,434.375202935332,415.73284161818884,361.18211703972975,482.9242587343196,343.0421309619583,486.6588397782695,271.2586637620612,446.606641234888,181.43930909079947,428.8159611924157,468.798389098634,466.321380205053,333.8659392943138,464.10969913167537,436.9167019779112,467.17692821289654,475.6559369027824,387.70953979829113,483.24734570631495,377.7754186169259,476.33200455338556,454.4352890376126,432.28231633491157,337.3616113554747,431.9006388102614,453.37665046375633,450.2774174601278,423.0634943540836,399.610004837167,427.73148331047287,470.11691008348083,480.460829768312,457.41991802874435,429.67388920756576,422.30108953634976,469.074651338662,465.6852041579456,426.6271761265375,368.84119628391505,484.4657469999198,499.4837057940848,485.2084796117536,388.50896587637664,302.85559799728486,439.69542705652276,368.2506312839173,334.59739819086997,266.7773240954273,402.1538754991247,375.49416309576804,366.3775248269128,449.915948523547,483.9965328936817,420.23879911205444,493.1137140740354,478.31780267096883,404.51935872340755,465.1596302728582,390.3737726832829,445.1212841514171,389.0342116583279,492.3797209189242,406.0544088972266,409.12937037545476,481.1264754917061,279.80007659312463,61.45379517509201,429.98081962995633,451.6923537184896,479.7341428560032,168.2959907178689,401.8316985171921,450.95848417014,351.7035188709086,483.21452986711125,446.505101995546,382.5602139695302,329.0883662631307,472.2979277400564,441.20544405858357,420.90340272906707,341.1930655326817,470.9975966161156,390.2976182988019,394.31846311751536,277.19619433471945,435.63053212067155,371.3969398879254,336.9957992154869,404.62504518268406,249.37202376821,370.4024123808801,404.8612698943025,319.5625543191868,198.58145076713973,484.23243062207786,440.54239633565453,152.93940708326784,432.8718666577188,369.8126861375311,406.09600217903494,445.17054362325695,411.5329393492601,426.76434303713023,451.11137883558723,383.5948221502253,419.57819460169964,462.05640401113686,439.0306503352901,336.57594952083946,472.5257979546765,479.11101200663904,433.9810086861403,467.0966995473217,438.3107239065258,448.36504269272217,447.590637938198,416.1573199177331,479.3910746615821,370.19130298195404,381.6398540081417,484.8461549436661,357.75488549577346,330.79650397800856,403.00337304392514,414.8223653119731,419.73112079240207,484.33817668239504,462.71507922556,381.15044984064366,403.38822324020947,369.81970468190843,426.2345050126867,457.5872710511446,479.96305289986236,444.6617415965263,361.46933629248616,431.4907331026554,471.8126626999334,449.45524870706214,476.36551683677123,345.6560581841949,428.23972663676807,465.216993743903,419.4319408651247,480.4045374203017,404.7325757177729,230.24069804663569,454.34143011525555,458.47827326214514,391.1159500648022,428.8856163404461,334.4865107200414,430.0480676201229,408.22754544502595,330.8379878379363,470.1523159072358,376.280949069441,320.2581014390622,371.39987221614757,449.7295047018192,380.6546436278985,225.29902980249537,449.88545601565426,399.6512887440392,432.48264607723166,310.8367745706553,444.67972235489185,373.13122851398384,308.2467997505207,476.353103799285,443.76405650159387,274.78855367826,435.0785552350792,472.5722631190913,360.0353377981305,371.140715630984,376.388449671829,396.99380356190284,483.4005049169395,472.81773317041467,257.98169125154413,484.1009762339129,404.3563762651335,422.5000557964448,449.3625925526957,478.4488328568696,437.8627549514134,327.10129148478165,474.569996316524,352.7601453236895,483.7537736946192,256.8691528934223,247.66140357239925,455.14956352476804,286.7899230106988,465.1575289187166,237.63940100573367,399.5148977606685,475.72303636256254
0,36,434.375202935332,415.73284161818884,361.18211703972975,482.9242587343196,343.0421309619583,486.6588397782695,271.2586637620612,446.606641234888,181.43930909079947,428.8159611924157,468.798389098634,466.321380205053,333.8659392943138,464.10969913167537,436.9167019779112,467.17692821289654,475.6559369027824,387.70953979829113,483.24734570631495,377.7754186169259,476.33200455338556,454.4352890376126,432.28231633491157,337.3616113554747,431.9006388102614,453.37665046375633,450.2774174601278,423.0634943540836,399.610004837167,427.73148331047287,470.11691008348083,480.460829768312,457.41991802874435,429.67388920756576,422.30108953634976,469.074651338662,465.6852041579456,426.6271761265375,368.84119628391505,484.4657469999198,499.4837057940848,485.2084796117536,388.50896587637664,302.85559799728486,439.69542705652276,368.2506312839173,334.59739819086997,266.7773240954273,402.1538754991247,375.49416309576804,366.3775248269128,449.915948523547,483.9965328936817,420.23879911205444,493.1137140740354,478.31780267096883,404.51935872340755,465.1596302728582,390.3737726832829,445.1212841514171,389.0342116583279,492.3797209189242,406.0544088972266,409.12937037545476,481.1264754917061,279.80007659312463,61.45379517509201,429.98081962995633,451.6923537184896,479.7341428560032,168.2959907178689,401.8316985171921,450.95848417014,351.7035188709086,483.21452986711125,446.505101995546,382.5602139695302,329.0883662631307,472.2979277400564,441.20544405858357,420.90340272906707,341.1930655326817,470.9975966161156,390.2976182988019,394.31846311751536,277.19619433471945,435.63053212067155,371.3969398879254,336.9957992154869,404.62504518268406,249.37202376821,370.4024123808801,404.8612698943025,319.5625543191868,198.58145076713973,484.23243062207786,440.54239633565453,152.93940708326784,432.8718666577188,369.8126861375311,406.09600217903494,445.17054362325695,411.5329393492601,426.76434303713023,451.11137883558723,383.5948221502253,419.57819460169964,462.05640401113686,439.0306503352901,336.57594952083946,472.5257979546765,479.11101200663904,433.9810086861403,467.0966995473217,438.3107239065258,448.36504269272217,447.590637938198,416.1573199177331,479.3910746615821,370.19130298195404,381.6398540081417,484.8461549436661,357.75488549577346,330.79650397800856,403.00337304392514,414.8223653119731,419.73112079240207,484.33817668239504,462.71507922556,381.15044984064366,403.38822324020947,369.81970468190843,426.2345050126867,457.5872710511446,479.96305289986236,444.6617415965263,361.46933629248616,431.4907331026554,471.8126626999334,449.45524870706214,476.36551683677123,345.6560581841949,428.23972663676807,465.216993743903,419.4319408651247,480.4045374203017,404.7325757177729,230.24069804663569,454.34143011525555,458.47827326214514,391.1159500648022,428.8856163404461,334.4865107200414,430.0480676201229,408.22754544502595,330.8379878379363,470.1523159072358,376.280949069441,320.2581014390622,371.39987221614757,449.7295047018192,380.6546436278985,225.29902980249537,449.88545601565426,399.6512887440392,432.48264607723166,310.8367745706553,444.67972235489185,373.13122851398384,308.2467997505207,476.353103799285,443.76405650159387,274.78855367826,435.0785552350792,472.5722631190913,360.0353377981305,371.140715630984,376.388449671829,396.99380356190284,483.4005049169395,472.81773317041467,257.98169125154413,484.1009762339129,404.3563762651335,422.5000557964448,449.3625925526957,478.4488328568696,437.8627549514134,327.10129148478165,474.569996316524,352.7601453236895,483.7537736946192,256.8691528934223,247.66140357239925,455.14956352476804,286.7899230106988,465.1575289187166,237.63940100573367,399.5148977606685,475.72303636256254
0,37,434.375202935332,415.73284161818884,361.18211703972975,482.9242587343196,343.0421309619583,486.6588397782695,271.2586637620612,446.606641234888,181.43930909079947,428.8159611924157,468.798389098634,466.321380205053,333.8659392943138,464.10969913167537,436.9167019779112,467.17692821289654,475.6559369027824,387.70953979829113,483.24734570631495,377.7754186169259,476.33200455338556,454.4352890376126,432.28231633491157,337.3616113554747,431.9006388102614,453.37665046375633,450.2774174601278,423.0634943540836,399.610004837167,427.73148331047287,470.11691008348083,480.460829768312,457.41991802874435,429.67388920756576,422.30108953634976,469.074651338662,465.6852041579456,426.6271761265375,368.84119628391505,484.4657469999198,499.4837057940848,485.2084796117536,388.50896587637664,302.85559799728486,439.69542705652276,368.2506312839173,334.59739819086997,266.7773240954273,402.1538754991247,375.49416309576804,366.3775248269128,449.915948523547,483.9965328936817,420.23879911205444,493.1137140740354,478.31780267096883,404.51935872340755,465.1596302728582,390.3737726832829,445.1212841514171,389.0342116583279,492.3797209189242,406.0544088972266,409.12937037545476,481.1264754917061,279.80007659312463,61.45379517509201,429.98081962995633,451.6923537184896,479.7341428560032,168.2959907178689,401.8316985171921,450.95848417014,351.7035188709086,483.21452986711125,446.505101995546,382.5602139695302,329.0883662631307,472.2979277400564,441.20544405858357,420.90340272906707,341.1930655326817,470.9975966161156,390.2976182988019,394.31846311751536,277.19619433471945,435.63053212067155,371.3969398879254,336.9957992154869,404.62504518268406,249.37202376821,370.4024123808801,404.8612698943025,319.5625543191868,198.58145076713973,484.23243062207786,440.54239633565453,152.93940708326784,432.8718666577188,369.8126861375311,406.09600217903494,445.17054362325695,411.5329393492601,426.76434303713023,451.11137883558723,383.5948221502253,419.57819460169964,462.05640401113686,439.0306503352901,336.57594952083946,472.5257979546765,479.11101200663904,433.9810086861403,467.0966995473217,438.3107239065258,448.36504269272217,447.590637938198,416.1573199177331,479.3910746615821,370.19130298195404,381.6398540081417,484.8461549436661,357.75488549577346,330.79650397800856,403.00337304392514,414.8223653119731,419.73112079240207,484.33817668239504,462.71507922556,381.15044984064366,403.38822324020947,369.81970468190843,426.2345050126867,457.5872710511446,479.96305289986236,444.6617415965263,361.46933629248616,431.4907331026554,471.8126626999334,449.45524870706214,476.36551683677123,345.6560581841949,428.23972663676807,465.216993743903,419.4319408651247,480.4045374203017,404.7325757177729,230.24069804663569,454.34143011525555,458.47827326214514,391.1159500648022,428.8856163404461,334.4865107200414,430.0480676201229,408.22754544502595,330.8379878379363,470.1523159072358,376.280949069441,320.2581014390622,371.39987221614757,449.7295047018192,380.6546436278985,225.29902980249537,449.88545601565426,399.6512887440392,432.48264607723166,310.8367745706553,444.67972235489185,373.13122851398384,308.2467997505207,476.353103799285,443.76405650159387,274.78855367826,435.0785552350792,472.5722631190913,360.0353377981305,371.140715630984,376.388449671829,396.99380356190284,483.4005049169395,472.81773317041467,257.98169125154413,484.1009762339129,404.3563762651335,422.5000557964448,449.3625925526957,478.4488328568696,437.8627549514134,327.10129148478165,474.569996316524,352.7601453236895,483.7537736946192,256.8691528934223,247.66140357239925,455.14956352476804,286.7899230106988,465.1575289187166,237.63940100573367,399.5148977606685,475.72303636256254
0,38,434.375202935332,415.73284161818884,361.18211703972975,482.9242587343196,343.0421309619583,486.6588397782695,271.2586637620612,446.606641234888,181.43930909079947,428.8159611924157,468.798389098634,466.321380205053,333.8659392943138,464.10969913167537,436.9167019779112,467.17692821289654,475.6559369027824,387.70953979829113,483.24734570631495,377.7754186169259,476.33200455338556,454.4352890376126,432.28231633491157,337.3616113554747,431.9006388102614,453.37665046375633,450.2774174601278,423.0634943540836,399.610004837167,427.73148331047287,470.11691008348083,480.460829768312,457.41991802874435,429.67388920756576,422.30108953634976,469.074651338662,465.6852041579456,426.6271761265375,368.84119628391505,484.4657469999198,499.4837057940848,485.2084796117536,388.50896587637664,302.85559799728486,439.69542705652276,368.2506312839173,334.59739819086997,266.7773240954273,402.1538754991247,375.49416309576804,366.3775248269128,449.915948523547,483.9965328936817,420.23879911205444,493.1137140740354,478.31780267096883,404.51935872340755,465.1596302728582,390.3737726832829,445.1212841514171,389.0342116583279,492.3797209189242,406.0544088972266,409.12937037545476,481.1264754917061,279.80007659312463,61.45379517509201,429.98081962995633,451.6923537184896,479.7341428560032,168.2959907178689,401.8316985171921,450.95848417014,351.7035188709086,483.21452986711125,446.505101995546,382.5602139695302,329.0883662631307,472.2979277400564,441.20544405858357,420.90340272906707,341.1930655326817,470.9975966161156,390.2976182988019,394.31846311751536,277.19619433471945,435.63053212067155,371.3969398879254,336.9957992154869,404.62504518268406,249.37202376821,370.4024123808801,404.8612698943025,319.5625543191868,198.58145076713973,484.23243062207786,440.54239633565453,152.93940708326784,432.8718666577188,369.8126861375311,406.09600217903494,445.17054362325695,411.5329393492601,426.76434303713023,451.11137883558723,383.5948221502253,419.57819460169964,462.05640401113686,439.0306503352901,336.57594952083946,472.5257979546765,479.11101200663904,433.9810086861403,467.0966995473217,438.3107239065258,448.36504269272217,447.590637938198,416.1573199177331,479.3910746615821,370.19130298195404,381.6398540081417,484.8461549436661,357.75488549577346,330.79650397800856,403.00337304392514,414.8223653119731,419.73112079240207,484.33817668239504,462.71507922556,381.15044984064366,403.38822324020947,369.81970468190843,426.2345050126867,457.5872710511446,479.96305289986236,444.6617415965263,361.46933629248616,431.4907331026554,471.8126626999334,449.45524870706214,476.36551683677123,345.6560581841949,428.23972663676807,465.216993743903,419.4319408651247,480.4045374203017,404.7325757177729,230.24069804663569,454.34143011525555,458.47827326214514,391.1159500648022,428.8856163404461,334.4865107200414,430.0480676201229,408.22754544502595,330.8379878379363,470.1523159072358,376.280949069441,320.2581014390622,371.39987221614757,449.7295047018192,380.6546436278985,225.29902980249537,449.88545601565426,399.6512887440392,432.48264607723166,310.8367745706553,444.67972235489185,373.13122851398384,308.2467997505207,476.353103799285,443.76405650159387,274.78855367826,435.0785552350792,472.5722631190913,360.0353377981305,371.140715630984,376.388449671829,396.99380356190284,483.4005049169395,472.81773317041467,257.98169125154413,484.1009762339129,404.3563762651335,422.5000557964448,449.3625925526957,478.4488328568696,437.8627549514134,327.10129148478165,474.569996316524,352.7601453236895,483.7537736946192,256.8691528934223,247.66140357239925,455.14956352476804,286.7899230106988,465.1575289187166,237.63940100573367,399.5148977606685,475.72303636256254
0,39,434.375202935332,415.73284161818884,361.18211703972975,482.9242587343196,343.0421309619583,486.6588397782695,271.2586637620612,446.606641234888,181.43930909079947,428.8159611924157,468.798389098634,466.321380205053,333.8659392943138,464.10969913167537,436.9167019779112,467.17692821289654,475.6559369027824,387.70953979829113,483.24734570631495,377.7754186169259,476.33200455338556,454.4352890376126,432.28231633491157,337.3616113554747,431.9006388102614,453.37665046375633,450.2774174601278,423.0634943540836,399.610004837167,427.73148331047287,470.11691008348083,480.460829768312,457.41991802874435,429.67388920756576,422.30108953634976,469.074651338662,465.6852041579456,426.6271761265375,368.84119628391505,484.4657469999198,499.4837057940848,485.2084796117536,388.50896587637664,302.85559799728486,439.69542705652276,368.2506312839173,334.59739819086997,266.7773240954273,402.1538754991247,375.49416309576804,366.3775248269128,449.915948523547,483.9965328936817,420.23879911205444,493.1137140740354,478.31780267096883,404.51935872340755,465.1596302728582,390.3737726832829,445.1212841514171,389.0342116583279,492.3797209189242,406.0544088972266,409.12937037545476,481.1264754917061,279.80007659312463,61.45379517509201,429.98081962995633,451.6923537184896,479.7341428560032,168.2959907178689,401.8316985171921,450.95848417014,351.7035188709086,483.21452986711125,446.505101995546,382.5602139695302,329.0883662631307,472.2979277400564,441.20544405858357,420.90340272906707,341.1930655326817,470.9975966161156,390.2976182988019,394.31846311751536,277.19619433471945,435.63053212067155,371.3969398879254,336.9957992154869,404.62504518268406,249.37202376821,370.4024123808801,404.8612698943025,319.5625543191868,198.58145076713973,484.23243062207786,440.54239633565453,152.93940708326784,432.8718666577188,369.8126861375311,406.09600217903494,445.17054362325695,411.5329393492601,426.76434303713023,451.11137883558723,383.5948221502253,419.57819460169964,462.05640401113686,439.0306503352901,336.57594952083946,472.5257979546765,479.11101200663904,433.9810086861403,467.0966995473217,438.3107239065258,448.36504269272217,447.590637938198,416.1573199177331,479.3910746615821,370.19130298195404,381.6398540081417,484.8461549436661,357.75488549577346,330.79650397800856,403.00337304392514,414.8223653119731,419.73112079240207,484.33817668239504,462.71507922556,381.15044984064366,403.38822324020947,369.81970468190843,426.2345050126867,457.5872710511446,479.96305289986236,444.6617415965263,361.46933629248616,431.4907331026554,471.8126626999334,449.45524870706214,476.36551683677123,345.6560581841949,428.23972663676807,465.216993743903,419.4319408651247,480.4045374203017,404.7325757177729,230.24069804663569,454.34143011525555,458.47827326214514,391.1159500648022,428.8856163404461,334.4865107200414,430.0480676201229,408.22754544502595,330.8379878379363,470.1523159072358,376.280949069441,320.2581014390622,371.39987221614757,449.7295047018192,380.6546436278985,225.29902980249537,449.88545601565426,399.6512887440392,432.48264607723166,310.8367745706553,444.67972235489185,373.13122851398384,308.2467997505207,476.353103799285,443.76405650159387,274.78855367826,435.0785552350792,472.5722631190913,360.0353377981305,371.140715630984,376.388449671829,396.99380356190284,483.4005049169395,472.81773317041467,257.98169125154413,484.1009762339129,404.3563762651335,422.5000557964448,449.3625925526957,478.4488328568696,437.8627549514134,327.10129148478165,474.569996316524,352.7601453236895,483.7537736946192,256.8691528934223,247.66140357239925,455.14956352476804,286.7899230106988,465.1575289187166,237.63940100573367,399.5148977606685,475.72303636256254
1,0,352.54408201513974,479.9172377678455,428.00003791206194,432.8718666577188,438.61516412758186,449.53391069846566,482.8321152697477,422.07368915386456,404.0781674544732,480.4045374203017,436.9167019779112,286.7899230106988,414.8223653119731,370.19130298195404,442.2761293080063,484.857237725197,477.3834100896288,387.6734269554243,465.11471356252764,455.05204482983794,337.02389645582235,198.58145076713973,360.0353377981305,449.05762667418276,448.88390968399995,361.18211703972975,443.86874208033163,421.80157742174055,447.9128981196117,446.606641234888,431.4129308949103,458.9869757538317,406.09600217903494,380.97546044335695,330.54148060563415,485.0419899212555,390.2976182988019,439.22520809874555,495.78544586816525,478.1699121225565,483.7571185715089,369.8196707203482,341.1930655326817,452.92879287768176,484.23243062207786,409.12937037545476,470.1523159072358,266.7773240954273,258.26159805678265,446.505101995546,368.78812488935165,224.88645230773173,420.90340272906707,432.48264607723166,460.69943748975714,448.10567239333204,432.28231633491157,61.526232252510624,465.6852041579456,399.610004837167,369.95734927841886,438.3107239065258,375.66774866790826,381.15044984064366,454.34143011525555,373.13122851398384,466.9695150064383,319.0916371802236,476.3506243215418,457.3635833918108,366.3775248269128,451.1516518450493,431.4907331026554,483.7537736946192,334.59739819086997,331.2299589544509,478.0914480974228,475.6525720126528,438.3493874425056,361.34339418663404,437.8111592997461,428.8704955639598,427.73148331047287,279.99934226087214,480.73444702456567,492.3797209189242,478.6320703389099,401.5181130916737,345.6560581841949,429.74195511135684,471.1924004104827,337.1485518200771,420.36072602336816,491.8488910540018,444.56904123359107,471.7075701448667,415.73284161818884,459.83415767694,470.9975966161156,483.21452986711125,406.26829859727394,310.8367745706553,431.46106145772166,368.2506312839173,383.5948221502253,486.6588397782695,404.7325757177729,475.49996148986156,168.06538409753713,427.7932178974628,403.2307487385879,484.33817668239504,391.1159500648022,404.1630784935976,441.2440977809547,152.19814022705253,394.55961663330186,449.915948523547,472.5722631190913,427.6862110889235,320.2581014390622,468.14460727010055,382.5602139695302,369.9247652984614,371.05279271235537,249.37202376821,472.2979277400564,326.6847929668089,395.4957918902491,336.89884934775034,334.954188298997,419.8391280104791,302.83425829175445,357.75488549577346,483.81969572552066,368.84119628391505,401.48098481970874,475.6559369027824,421.09245122123764,352.6177826948738,450.7633455304396,484.0103638520502,181.30088424413125,472.21110813640746,478.9631183700227,390.12147583122885,472.81773317041467,450.3377144613776,484.41174970514606,484.37401802700606,276.8919067077659,343.0421309619583,333.76093096911876,444.67972235489185,416.1573199177331,453.9761911403658,238.0021995940171,399.5012198734811,467.0966995473217,443.61769771123255,230.24069804663569,421.24645265192606,476.353103799285,328.36684479043765,308.2467997505207,374.92161492578003,399.5148977606685,450.95848417014,426.76434303713023,467.17692821289654,465.216993743903,464.10969913167537,465.87573365988027,275.0100321041001,428.8159611924157,403.38822324020947,438.6510574391179,411.5329393492601,469.379001500189,258.575551103391,376.280949069441,404.51935872340755,479.65482360267526,434.375202935332,479.80948378419725,388.50896587637664,433.5192005097892,429.67388920756576,401.51244320248827,371.39987221614757,381.6398540081417,247.66140357239925,389.0342116583279,419.57819460169964,406.6967771668967,271.0624866654241,426.2345050126867,376.6180120051737,457.41991802874435,449.3625925526957
1,1,352.54408201513974,479.7341428560032,426.0528490012698,432.8718666577188,437.8627549514134,449.30396150599955,482.9242587343196,422.30108953634976,404.8612698943025,480.4045374203017,436.9167019779112,286.7899230106988,414.8223653119731,370.19130298195404,445.17054362325695,484.4657469999198,477.3834100896288,387.70953979829113,465.11471356252764,455.14956352476804,336.9957992154869,198.58145076713973,360.0353377981305,449.45524870706214,448.88390968399995,361.18211703972975,443.76405650159387,419.4319408651247,448.36504269272217,446.30180861850636,431.4129308949103,458.9869757538317,406.09600217903494,380.6546436278985,330.54148060563415,484.8461549436661,390.2976182988019,440.20814262361387,495.78544586816525,479.3910746615821,483.40677090425373,370.4024123808801,341.54927281378747,452.92879287768176,484.23243062207786,407.80476954208996,470.1523159072358,266.7773240954273,258.26159805678265,446.505101995546,368.78812488935165,225.29902980249537,420.1614233422977,432.48264607723166,460.69943748975714,447.590637938198,432.28231633491157,61.526232252510624,465.6852041579456,399.610004837167,369.81970468190843,438.3107239065258,376.388449671829,381.15044984064366,454.34143011525555,373.13122851398384,466.321380205053,319.5625543191868,476.3506243215418,457.5872710511446,364.60997569186424,450.2774174601278,431.64089290673553,483.7537736946192,334.59739819086997,330.79650397800856,478.0914480974228,476.33200455338556,435.63053212067155,361.46933629248616,439.0306503352901,430.0480676201229,427.73148331047287,279.80007659312463,480.460829768312,492.3797209189242,478.63966884368193,401.7741647116884,345.6560581841949,429.98081962995633,471.1924004104827,337.3616113554747,419.73112079240207,491.39307802721515,445.1212841514171,470.11691008348083,415.73284161818884,458.47827326214514,470.9975966161156,483.21452986711125,406.26829859727394,310.8367745706553,431.9006388102614,368.2506312839173,383.5948221502253,486.6588397782695,404.7325757177729,474.569996316524,168.06538409753713,426.6271761265375,403.2307487385879,484.33817668239504,391.1159500648022,404.62504518268406,441.20544405858357,152.19814022705253,394.31846311751536,449.915948523547,473.0396574640326,427.9293724539271,320.2581014390622,469.074651338662,382.5602139695302,369.21788750707884,371.3969398879254,249.37202376821,472.2979277400564,327.10129148478165,394.7091066489714,335.6450995205764,334.954188298997,418.88029632584033,302.85559799728486,357.75488549577346,484.1009762339129,368.84119628391505,402.1538754991247,475.6559369027824,421.09245122123764,352.6177826948738,450.7633455304396,483.24734570631495,181.4087049248021,472.5257979546765,478.31780267096883,390.3737726832829,472.81773317041467,450.3377144613776,484.41174970514606,483.9965328936817,277.19619433471945,343.0421309619583,333.8659392943138,444.67972235489185,416.1573199177331,454.4352890376126,237.63940100573367,399.5012198734811,467.0966995473217,445.230563425038,230.24069804663569,421.24645265192606,476.9956311447239,329.0883662631307,308.2467997505207,374.08478012676505,398.7081103825617,450.95848417014,426.76434303713023,467.17692821289654,465.216993743903,464.10969913167537,465.1596302728582,274.78855367826,428.8159611924157,403.38822324020947,438.6510574391179,411.5329393492601,469.90285790677467,257.98169125154413,376.280949069441,404.51935872340755,479.65482360267526,434.375202935332,479.80948378419725,388.50896587637664,433.5192005097892,429.67388920756576,401.51244320248827,371.39987221614757,381.6398540081417,247.66140357239925,389.0342116583279,419.57819460169964,406.6967771668967,271.0624866654241,426.2345050126867,376.6180120051737,457.41991802874435,450.4187806731788
1,2,352.54408201513974,479.7341428560032,426.0528490012698,432.8718666577188,437.8627549514134,449.7295047018192,482.8321152697477,422.30108953634976,404.8612698943025,480.4045374203017,436.9167019779112,289.4869622477078,414.8223653119731,370.19130298195404,445.17054362325695,484.4657469999198,478.4488328568696,387.70953979829113,465.11471356252764,455.14956352476804,336.9957992154869,198.58145076713973,360.0353377981305,449.45524870706214,448.88390968399995,361.18211703972975,443.76405650159387,419.4319408651247,448.36504269272217,446.606641234888,435.0785552350792,458.9869757538317,406.09600217903494,380.6546436278985,330.54148060563415,484.8461549436661,390.2976182988019,440.20814262361387,499.4837057940848,479.3910746615821,485.81461738597596,370.4024123808801,341.54927281378747,453.37665046375633,484.23243062207786,407.80476954208996,470.1523159072358,266.7773240954273,258.26159805678265,446.505101995546,368.78812488935165,225.29902980249537,420.1614233422977,432.48264607723166,462.71507922556,447.590637938198,432.28231633491157,61.75027685704651,465.6852041579456,399.610004837167,369.81970468190843,438.3107239065258,376.41501066557976,381.15044984064366,454.34143011525555,373.13122851398384,466.321380205053,319.5625543191868,476.3506243215418,457.5872710511446,364.60997569186424,451.1516518450493,431.4907331026554,483.7537736946192,334.59739819086997,330.79650397800856,478.0914480974228,476.33200455338556,435.63053212067155,361.46933629248616,439.0306503352901,430.0480676201229,427.73148331047287,280.3949113909326,480.73444702456567,492.3797209189242,478.63966884368193,401.8316985171921,345.6560581841949,430.1199462248626,471.8126626999334,337.3616113554747,419.73112079240207,493.1137140740354,445.1212841514171,470.11691008348083,415.73284161818884,458.47827326214514,470.9975966161156,483.21452986711125,406.26829859727394,310.8367745706553,433.3601042284166,368.2506312839173,383.5948221502253,486.6588397782695,404.7325757177729,474.569996316524,168.2959907178689,426.6271761265375,403.2307487385879,484.33817668239504,391.1159500648022,404.62504518268406,441.2440977809547,152.19814022705253,394.31846311751536,449.915948523547,472.5722631190913,428.23972663676807,320.2581014390622,469.074651338662,382.5602139695302,371.140715630984,371.3969398879254,249.37202376821,472.2979277400564,327.10129148478165,394.7091066489714,336.57594952083946,334.8811630081195,418.88029632584033,302.85559799728486,357.75488549577346,484.1009762339129,368.84119628391505,402.1538754991247,475.6559369027824,422.5000557964448,352.7601453236895,451.6040492057316,483.24734570631495,181.51441878338963,472.21110813640746,478.31780267096883,390.3737726832829,472.81773317041467,450.3377144613776,485.2084796117536,483.9965328936817,277.19619433471945,343.0421309619583,333.8659392943138,444.67972235489185,416.1573199177331,454.4352890376126,237.63940100573367,399.6512887440392,467.0966995473217,444.6617415965263,230.24069804663569,421.24645265192606,476.353103799285,329.0883662631307,308.2467997505207,374.07549137915163,399.5148977606685,450.95848417014,426.76434303713023,467.17692821289654,465.216993743903,464.10969913167537,465.1596302728582,274.78855367826,428.8159611924157,403.38822324020947,438.6510574391179,411.5329393492601,469.90285790677467,257.98169125154413,376.280949069441,404.51935872340755,479.65482360267526,434.375202935332,479.80948378419725,388.50896587637664,433.5192005097892,429.67388920756576,401.51244320248827,371.39987221614757,381.6398540081417,247.66140357239925,389.0342116583279,419.57819460169964,406.6967771668967,271.2586637620612,426.2345050126867,377.7754186169259,457.41991802874435,450.4187806731788
1,3,352.54408201513974,479.7341428560032,426.0528490012698,432.8718666577188,438.6134453576837,449.7295047018192,482.9242587343196,422.30108953634976,404.8612698943025,480.4045374203017,436.9167019779112,289.4869622477078,414.8223653119731,370.19130298195404,445.17054362325695,484.4657469999198,478.4488328568696,387.70953979829113,465.11471356252764,455.14956352476804,336.9957992154869,198.58145076713973,360.0353377981305,449.45524870706214,448.88390968399995,361.18211703972975,443.76405650159387,419.4319408651247,448.36504269272217,446.606641234888,435.0785552350792,462.05640401113686,406.09600217903494,380.6546436278985,330.54148060563415,484.8461549436661,390.2976182988019,440.20814262361387,499.4837057940848,479.3910746615821,485.81461738597596,370.4024123808801,341.54927281378747,453.37665046375633,484.23243062207786,407.80476954208996,470.1523159072358,266.7773240954273,258.26159805678265,446.505101995546,369.8126861375311,225.29902980249537,420.1614233422977,432.48264607723166,462.71507922556,447.590637938198,432.28231633491157,61.75027685704651,465.6852041579456,399.610004837167,369.81970468190843,438.3107239065258,376.388449671829,381.15044984064366,454.34143011525555,373.13122851398384,466.321380205053,319.5625543191868,476.3506243215418,457.5872710511446,364.60997569186424,451.1516518450493,431.64089290673553,483.7537736946192,334.59739819086997,330.79650397800856,478.0914480974228,476.33200455338556,435.63053212067155,361.46933629248616,439.9750990619974,430.0480676201229,427.73148331047287,279.80007659312463,480.460829768312,492.3797209189242,478.63966884368193,401.8316985171921,345.6560581841949,429.98081962995633,471.8126626999334,337.3616113554747,419.73112079240207,493.1137140740354,445.1212841514171,470.11691008348083,417.2138798578107,458.47827326214514,470.9975966161156,483.21452986711125,405.89579739706915,310.8367745706553,431.9006388102614,368.2506312839173,383.5948221502253,486.6588397782695,404.7325757177729,474.569996316524,168.2959907178689,426.6271761265375,403.2307487385879,484.33817668239504,391.1159500648022,404.62504518268406,441.20544405858357,152.93940708326784,394.31846311751536,449.915948523547,472.5722631190913,428.23972663676807,320.2581014390622,469.074651338662,382.5602139695302,371.140715630984,371.3969398879254,249.37202376821,472.2979277400564,327.10129148478165,396.99380356190284,336.94470056440315,334.8811630081195,418.88029632584033,302.85559799728486,357.75488549577346,484.1009762339129,368.84119628391505,402.1538754991247,475.6559369027824,422.5000557964448,352.6177826948738,451.6923537184896,483.24734570631495,181.4087049248021,472.5257979546765,478.31780267096883,390.3737726832829,472.81773317041467,451.11137883558723,484.41174970514606,483.9965328936817,277.19619433471945,343.0421309619583,333.8659392943138,444.67972235489185,416.1573199177331,454.4352890376126,237.63940100573367,399.6512887440392,467.0966995473217,444.6617415965263,230.24069804663569,421.24645265192606,476.9956311447239,329.0883662631307,307.81815558762696,374.08478012676505,398.7081103825617,451.83814870737655,426.76434303713023,467.17692821289654,465.216993743903,464.10969913167537,465.1596302728582,274.78855367826,428.8159611924157,403.38822324020947,438.6510574391179,411.5329393492601,469.90285790677467,257.98169125154413,376.280949069441,404.51935872340755,479.11101200663904,434.375202935332,482.44672809499036,388.50896587637664,433.9810086861403,429.67388920756576,401.51244320248827,371.39987221614757,381.6398540081417,247.66140357239925,388.42000975401254,419.57819460169964,406.6967771668967,271.0624866654241,426.2345050126867,376.6180120051737,457.41991802874435,449.3625925526957
1,4,352.54408201513974,479.7341428560032,426.0528490012698,432.8718666577188,437.8627549514134,449.7295047018192,482.9242587343196,422.30108953634976,404.8612698943025,480.4045374203017,436.9167019779112,289.4869622477078,414.8223653119731,370.19130298195404,445.17054362325695,484.4657469999198,478.4488328568696,387.70953979829113,465.11471356252764,455.14956352476804,336.9957992154869,198.58145076713973,360.0353377981305,449.45524870706214,448.88390968399995,361.18211703972975,443.76405650159387,419.4319408651247,448.36504269272217,446.606641234888,435.0785552350792,462.05640401113686,406.09600217903494,380.6546436278985,330.54148060563415,484.8461549436661,390.2976182988019,440.20814262361387,499.4837057940848,479.3910746615821,485.81461738597596,370.4024123808801,341.54927281378747,453.37665046375633,484.23243062207786,407.80476954208996,470.1523159072358,266.7773240954273,258.26159805678265,446.505101995546,369.8126861375311,225.29902980249537,420.1614233422977,432.48264607723166,462.71507922556,447.590637938198,432.28231633491157,61.75027685704651,465.6852041579456,399.610004837167,369.81970468190843,438.3107239065258,376.41501066557976,381.15044984064366,454.34143011525555,373.13122851398384,466.321380205053,319.5625543191868,476.3506243215418,457.5872710511446,364.60997569186424,451.1516518450493,431.64089290673553,483.7537736946192,334.59739819086997,330.79650397800856,478.0914480974228,476.33200455338556,435.63053212067155,361.46933629248616,439.9750990619974,430.0480676201229,427.73148331047287,279.80007659312463,480.73444702456567,492.3797209189242,478.63966884368193,401.8316985171921,345.6560581841949,430.1199462248626,471.8126626999334,337.3616113554747,419.73112079240207,493.1137140740354,445.1212841514171,470.11691008348083,417.2138798578107,458.47827326214514,470.9975966161156,483.21452986711125,405.89579739706915,310.8367745706553,431.9006388102614,368.2506312839173,383.5948221502253,487.01658553389257,404.7325757177729,474.569996316524,168.2959907178689,426.6271761265375,403.2307487385879,484.33817668239504,391.1159500648022,404.62504518268406,441.20544405858357,152.93940708326784,395.9282001328432,449.915948523547,472.5722631190913,428.23972663676807,320.2581014390622,469.074651338662,382.5602139695302,371.140715630984,371.3969398879254,249.37202376821,472.2979277400564,327.10129148478165,396.99380356190284,336.57594952083946,334.954188298997,418.88029632584033,302.85559799728486,357.75488549577346,484.1009762339129,368.84119628391505,402.1538754991247,475.6559369027824,422.5000557964448,352.6177826948738,451.6923537184896,483.24734570631495,181.51441878338963,474.26978275702595,478.31780267096883,390.3737726832829,472.81773317041467,451.11137883558723,485.2084796117536,483.9965328936817,277.19619433471945,343.0421309619583,333.8659392943138,444.67972235489185,416.1573199177331,454.4352890376126,237.63940100573367,399.92332011500866,467.0966995473217,444.6617415965263,230.24069804663569,421.24645265192606,476.9956311447239,329.0883662631307,308.49474759109785,375.49416309576804,399.5148977606685,451.83814870737655,426.76434303713023,467.17692821289654,465.216993743903,464.10969913167537,465.1596302728582,274.78855367826,428.7422031086767,403.38822324020947,438.6510574391179,411.5329393492601,469.90285790677467,257.98169125154413,376.280949069441,404.51935872340755,479.11101200663904,434.375202935332,482.44672809499036,388.50896587637664,433.59205142774806,429.67388920756576,401.51244320248827,371.39987221614757,381.6398540081417,247.66140357239925,389.0342116583279,419.57819460169964,406.6967771668967,271.2586637620612,426.2345050126867,377.7754186169259,457.41991802874435,449.3625925526957
1,5,351.7035188709086,479.7341428560032,426.0528490012698,432.8718666577188,438.6134453576837,449.7295047018192,482.9242587343196,422.30108953634976,404.8612698943025,480.4045374203017,436.9167019779112,289.4869622477078,414.8223653119731,370.19130298195404,445.17054362325695,484.4657469999198,478.4488328568696,387.70953979829113,465.11471356252764,455.14956352476804,336.9957992154869,198.58145076713973,360.0353377981305,449.45524870706214,448.88390968399995,361.18211703972975,443.76405650159387,419.4319408651247,448.36504269272217,446.606641234888,435.0785552350792,462.05640401113686,406.09600217903494,380.6546436278985,330.54148060563415,484.8461549436661,390.2976182988019,440.20814262361387,499.4837057940848,479.3910746615821,485.81461738597596,370.4024123808801,341.54927281378747,453.37665046375633,484.23243062207786,407.80476954208996,470.1523159072358,266.7773240954273,258.26159805678265,446.505101995546,369.8126861375311,225.29902980249537,420.1614233422977,432.48264607723166,462.71507922556,447.590637938198,432.28231633491157,61.75027685704651,465.6852041579456,399.610004837167,369.81970468190843,438.3107239065258,376.41501066557976,381.15044984064366,454.34143011525555,373.13122851398384,466.321380205053,319.5625543191868,476.3506243215418,457.5872710511446,364.60997569186424,451.1516518450493,431.64089290673553,483.7537736946192,334.59739819086997,330.79650397800856,478.0914480974228,476.33200455338556,435.63053212067155,361.46933629248616,439.9750990619974,430.0480676201229,427.73148331047287,279.80007659312463,480.460829768312,492.3797209189242,478.63966884368193,401.8316985171921,345.6560581841949,429.98081962995633,471.8126626999334,337.3616113554747,419.73112079240207,493.1137140740354,445.1212841514171,470.11691008348083,417.2138798578107,458.47827326214514,470.9975966161156,483.21452986711125,405.89579739706915,310.8367745706553,431.9006388102614,368.2506312839173,383.5948221502253,486.6588397782695,404.7325757177729,474.569996316524,168.2959907178689,426.6271761265375,404.3563762651335,484.33817668239504,391.1159500648022,404.62504518268406,441.20544405858357,152.93940708326784,395.9282001328432,449.915948523547,472.5722631190913,428.23972663676807,320.2581014390622,469.074651338662,382.5602139695302,371.140715630984,371.3969398879254,249.37202376821,472.2979277400564,327.10129148478165,396.99380356190284,336.57594952083946,334.954188298997,418.88029632584033,302.85559799728486,357.75488549577346,484.1009762339129,368.84119628391505,402.1538754991247,475.6559369027824,422.5000557964448,352.6177826948738,451.6923537184896,483.24734570631495,181.51441878338963,474.26978275702595,478.31780267096883,391.107496337838,472.81773317041467,451.11137883558723,485.2084796117536,483.9965328936817,277.19619433471945,343.0421309619583,333.8659392943138,444.67972235489185,416.1573199177331,454.4352890376126,237.63940100573367,399.92332011500866,467.0966995473217,444.6617415965263,230.24069804663569,421.24645265192606,476.9956311447239,329.0883662631307,308.49474759109785,375.49416309576804,399.5148977606685,451.83814870737655,426.76434303713023,467.17692821289654,465.216993743903,464.10969913167537,465.1596302728582,274.78855367826,428.8159611924157,403.38822324020947,438.6510574391179,411.5329393492601,469.379001500189,257.98169125154413,376.280949069441,404.51935872340755,479.11101200663904,434.375202935332,482.44672809499036,388.50896587637664,433.59205142774806,429.67388920756576,401.51244320248827,371.39987221614757,381.6398540081417,247.66140357239925,389.0342116583279,419.57819460169964,406.6967771668967,271.2586637620612,426.2345050126867,377.7754186169259,457.41991802874435,449.3625925526957
1,6,351.7035188709086,479.7341428560032,426.0528490012698,432.8718666577188,438.6134453576837,449.7295047018192,482.9242587343196,422.30108953634976,404.8612698943025,480.4045374203017,436.9167019779112,289.4869622477078,414.8223653119731,370.19130298195404,445.17054362325695,484.4657469999198,478.4488328568696,387.70953979829113,465.11471356252764,455.14956352476804,336.9957992154869,198.58145076713973,360.0353377981305,449.45524870706214,449.55170282500507,361.18211703972975,443.76405650159387,419.4319408651247,448.36504269272217,446.606641234888,435.0785552350792,462.05640401113686,406.09600217903494,380.6546436278985,330.54148060563415,484.8461549436661,390.2976182988019,440.20814262361387,499.4837057940848,479.3910746615821,485.81461738597596,370.4024123808801,341.54927281378747,453.37665046375633,485.40682412874514,407.80476954208996,470.1523159072358,266.7773240954273,258.26159805678265,446.505101995546,369.8126861375311,225.29902980249537,420.1614233422977,432.48264607723166,462.71507922556,447.590637938198,432.28231633491157,61.75027685704651,465.6852041579456,399.610004837167,369.81970468190843,438.3107239065258,376.41501066557976,381.15044984064366,454.34143011525555,373.13122851398384,466.321380205053,319.5625543191868,476.3506243215418,457.5872710511446,364.60997569186424,451.1516518450493,431.64089290673553,483.7537736946192,334.59739819086997,330.79650397800856,478.0914480974228,476.33200455338556,435.63053212067155,361.46933629248616,439.9750990619974,430.0480676201229,427.73148331047287,279.80007659312463,480.460829768312,492.3797209189242,478.7878927162214,401.8316985171921,345.6560581841949,429.98081962995633,471.8126626999334,337.3616113554747,419.73112079240207,493.1137140740354,445.1212841514171,470.11691008348083,417.2138798578107,458.47827326214514,470.9975966161156,483.21452986711125,405.89579739706915,310.8367745706553,431.9006388102614,368.2506312839173,383.5948221502253,486.6588397782695,404.7325757177729,474.569996316524,168.2959907178689,426.6271761265375,404.3563762651335,484.33817668239504,391.1159500648022,404.62504518268406,441.20544405858357,152.93940708326784,395.9282001328432,449.915948523547,472.5722631190913,428.23972663676807,320.2581014390622,469.074651338662,380.8227036578165,371.140715630984,371.3969398879254,249.37202376821,472.2979277400564,327.10129148478165,396.99380356190284,336.57594952083946,334.954188298997,418.88029632584033,302.85559799728486,357.75488549577346,484.1009762339129,368.84119628391505,402.1538754991247,475.6559369027824,422.81773392771623,352.6177826948738,451.6923537184896,483.24734570631495,181.51441878338963,474.26978275702595,478.31780267096883,391.107496337838,472.81773317041467,451.11137883558723,485.2084796117536,483.9965328936817,277.19619433471945,343.0421309619583,333.8659392943138,444.67972235489185,416.1573199177331,454.4352890376126,237.63940100573367,399.92332011500866,467.0966995473217,444.6617415965263,230.24069804663569,421.24645265192606,476.9956311447239,329.0883662631307,308.49474759109785,375.49416309576804,399.5148977606685,451.83814870737655,426.76434303713023,467.17692821289654,465.216993743903,464.10969913167537,465.1596302728582,274.78855367826,428.8159611924157,403.38822324020947,438.6510574391179,411.5329393492601,469.379001500189,257.98169125154413,376.280949069441,404.51935872340755,479.11101200663904,434.375202935332,482.44672809499036,388.50896587637664,433.59205142774806,429.67388920756576,403.00337304392514,371.39987221614757,381.6398540081417,247.66140357239925,389.0342116583279,419.57819460169964,406.6967771668967,271.2586637620612,426.2345050126867,377.7754186169259,457.41991802874435,449.3625925526957
1,7,351.7035188709086,479.7341428560032,426.0528490012698,432.8718666577188,438.6134453576837,449.7295047018192,482.9242587343196,422.30108953634976,404.8612698943025,480.4045374203017,436.9167019779112,289.4869622477078,414.8223653119731,370.19130298195404,445.17054362325695,484.4657469999198,478.4488328568696,387.70953979829113,465.11471356252764,455.14956352476804,336.9957992154869,198.58145076713973,360.0353377981305,449.45524870706214,449.55170282500507,361.18211703972975,443.76405650159387,419.4319408651247,448.36504269272217,446.606641234888,435.0785552350792,462.05640401113686,406.09600217903494,380.6546436278985,330.54148060563415,484.8461549436661,390.2976182988019,440.20814262361387,499.4837057940848,479.3910746615821,485.81461738597596,370.4024123808801,341.54927281378747,453.37665046375633,485.40682412874514,407.80476954208996,470.1523159072358,266.7773240954273,258.26159805678265,446.505101995546,369.8126861375311,225.29902980249537,420.1614233422977,432.48264607723166,462.71507922556,447.590637938198,432.28231633491157,61.75027685704651,465.6852041579456,399.610004837167,369.81970468190843,438.3107239065258,376.388449671829,381.15044984064366,454.34143011525555,373.13122851398384,466.321380205053,319.5625543191868,476.3506243215418,457.5872710511446,364.60997569186424,451.1516518450493,431.64089290673553,483.7537736946192,334.59739819086997,330.79650397800856,478.0914480974228,476.33200455338556,435.63053212067155,361.46933629248616,439.9750990619974,430.0480676201229,427.73148331047287,279.80007659312463,480.460829768312,492.3797209189242,478.7878927162214,401.8316985171921,345.6560581841949,429.98081962995633,471.8126626999334,337.3616113554747,419.73112079240207,493.1137140740354,445.1212841514171,470.11691008348083,417.2138798578107,458.47827326214514,470.9975966161156,483.21452986711125,405.89579739706915,310.8367745706553,431.9006388102614,368.2506312839173,383.5948221502253,486.6588397782695,404.7325757177729,474.569996316524,168.2959907178689,426.6271761265375,404.3563762651335,484.33817668239504,391.1159500648022,404.62504518268406,441.20544405858357,152.93940708326784,395.9282001328432,449.915948523547,472.5722631190913,428.23972663676807,320.2581014390622,469.074651338662,380.8227036578165,371.140715630984,371.3969398879254,249.37202376821,472.2979277400564,327.10129148478165,396.99380356190284,336.57594952083946,334.954188298997,418.88029632584033,302.85559799728486,357.75488549577346,484.1009762339129,368.84119628391505,402.1538754991247,475.6559369027824,422.81773392771623,352.6177826948738,451.6923537184896,483.24734570631495,181.51441878338963,474.26978275702595,478.31780267096883,391.107496337838,472.81773317041467,451.11137883558723,485.2084796117536,483.9965328936817,277.19619433471945,343.0421309619583,333.8659392943138,444.67972235489185,416.1573199177331,454.4352890376126,237.63940100573367,399.92332011500866,467.0966995473217,444.6617415965263,230.24069804663569,421.24645265192606,476.9956311447239,329.0883662631307,308.49474759109785,375.49416309576804,399.5148977606685,451.83814870737655,426.76434303713023,467.17692821289654,465.216993743903,464.10969913167537,465.1596302728582,274.78855367826,428.8159611924157,403.38822324020947,438.6510574391179,411.5329393492601,469.379001500189,257.98169125154413,376.280949069441,404.51935872340755,479.11101200663904,434.375202935332,482.44672809499036,388.50896587637664,433.59205142774806,429.67388920756576,403.00337304392514,371.39987221614757,381.6398540081417,247.66140357239925,389.0342116583279,419.57819460169964,406.6967771668967,271.2586637620612,426.2345050126867,377.7754186169259,457.41991802874435,449.3625925526957
1,8,351.7035188709086,479.7341428560032,426.0528490012698,432.8718666577188,438.6134453576837,449.7295047018192,482.9242587343196,422.30108953634976,404.8612698943025,480.4045374203017,436.9167019779112,289.4869622477078,414.8223653119731,370.19130298195404,445.17054362325695,484.4657469999198,478.4488328568696,387.70953979829113,465.11471356252764,455.14956352476804,336.9957992154869,198.58145076713973,360.0353377981305,449.45524870706214,449.55170282500507,361.18211703972975,443.76405650159387,419.4319408651247,448.36504269272217,446.606641234888,435.0785552350792,462.05640401113686,406.09600217903494,380.6546436278985,330.54148060563415,484.8461549436661,390.2976182988019,440.20814262361387,499.4837057940848,479.3910746615821,485.81461738597596,370.4024123808801,341.54927281378747,453.37665046375633,485.40682412874514,407.80476954208996,470.1523159072358,266.7773240954273,258.26159805678265,446.505101995546,369.8126861375311,225.29902980249537,420.1614233422977,432.48264607723166,462.71507922556,447.590637938198,432.28231633491157,61.75027685704651,465.6852041579456,399.610004837167,369.81970468190843,438.3107239065258,376.388449671829,381.15044984064366,454.34143011525555,373.13122851398384,466.321380205053,319.5625543191868,476.3506243215418,457.5872710511446,364.60997569186424,451.1516518450493,431.64089290673553,483.7537736946192,334.59739819086997,330.79650397800856,478.0914480974228,476.33200455338556,435.63053212067155,361.46933629248616,439.9750990619974,430.0480676201229,427.73148331047287,279.80007659312463,480.460829768312,492.3797209189242,478.7878927162214,401.8316985171921,345.6560581841949,429.98081962995633,471.8126626999334,337.3616113554747,419.73112079240207,493.1137140740354,445.1212841514171,470.11691008348083,417.2138798578107,458.47827326214514,470.9975966161156,483.21452986711125,405.89579739706915,310.8367745706553,431.9006388102614,368.2506312839173,383.5948221502253,486.6588397782695,404.7325757177729,474.569996316524,168.2959907178689,426.6271761265375,404.3563762651335,484.33817668239504,391.1159500648022,404.62504518268406,441.20544405858357,152.93940708326784,395.9282001328432,449.915948523547,472.5722631190913,428.23972663676807,320.2581014390622,469.074651338662,380.8227036578165,371.140715630984,371.3969398879254,249.37202376821,472.2979277400564,327.10129148478165,396.99380356190284,336.57594952083946,334.954188298997,418.88029632584033,302.85559799728486,357.75488549577346,484.1009762339129,368.84119628391505,402.1538754991247,475.6559369027824,422.81773392771623,352.6177826948738,451.6923537184896,483.24734570631495,181.51441878338963,474.26978275702595,478.31780267096883,391.107496337838,472.81773317041467,451.11137883558723,485.2084796117536,483.9965328936817,277.19619433471945,343.0421309619583,333.8659392943138,444.67972235489185,416.1573199177331,454.4352890376126,237.63940100573367,400.476786926399,467.0966995473217,444.6617415965263,230.24069804663569,421.24645265192606,476.9956311447239,329.0883662631307,308.49474759109785,375.49416309576804,399.5148977606685,451.83814870737655,426.76434303713023,467.17692821289654,465.216993743903,464.10969913167537,465.1596302728582,274.78855367826,428.8159611924157,403.38822324020947,438.6510574391179,411.5329393492601,469.379001500189,257.98169125154413,376.280949069441,404.51935872340755,479.11101200663904,434.375202935332,482.44672809499036,388.50896587637664,433.59205142774806,429.67388920756576,403.00337304392514,371.39987221614757,381.6398540081417,247.66140357239925,389.0342116583279,419.57819460169964,406.6967771668967,271.2586637620612,426.2345050126867,377.7754186169259,457.41991802874435,449.3625925526957
1,9,351.7035188709086,479.7341428560032,426.0528490012698,432.8718666577188,438.6134453576837,449.7295047018192,482.9242587343196,422.30108953634976,404.8612698943025,480.4045374203017,436.9167019779112,289.4869622477078,414.8223653119731,370.19130298195404,445.17054362325695,484.4657469999198,478.4488328568696,387.70953979829113,465.11471356252764,455.14956352476804,336.9957992154869,198.58145076713973,360.0353377981305,449.45524870706214,449.55170282500507,361.18211703972975,443.76405650159387,419.4319408651247,448.36504269272217,446.606641234888,435.0785552350792,462.05640401113686,406.09600217903494,380.6546436278985,330.54148060563415,484.8461549436661,390.2976182988019,440.20814262361387,499.4837057940848,479.3910746615821,485.81461738597596,370.4024123808801,341.54927281378747,453.37665046375633,485.40682412874514,407.80476954208996,470.1523159072358,266.7773240954273,258.26159805678265,446.505101995546,369.8126861375311,225.29902980249537,420.1614233422977,432.48264607723166,462.71507922556,447.590637938198,432.28231633491157,61.75027685704651,465.6852041579456,399.610004837167,369.81970468190843,438.3107239065258,376.388449671829,381.15044984064366,454.34143011525555,373.13122851398384,466.321380205053,319.5625543191868,476.3506243215418,457.5872710511446,364.60997569186424,451.1516518450493,431.64089290673553,483.7537736946192,334.59739819086997,330.79650397800856,478.0914480974228,476.33200455338556,435.63053212067155,361.46933629248616,439.9750990619974,430.0480676201229,427.73148331047287,279.80007659312463,480.460829768312,492.3797209189242,478.7878927162214,401.8316985171921,345.6560581841949,429.98081962995633,471.8126626999334,337.3616113554747,419.73112079240207,493.1137140740354,445.1212841514171,470.11691008348083,417.2138798578107,458.47827326214514,470.9975966161156,483.21452986711125,405.89579739706915,310.8367745706553,431.9006388102614,368.2506312839173,383.5948221502253,486.6588397782695,404.7325757177729,474.569996316524,168.873301480482,426.6271761265375,404.3563762651335,484.33817668239504,391.1159500648022,404.62504518268406,441.20544405858357,152.93940708326784,395.9282001328432,449.915948523547,472.5722631190913,428.23972663676807,320.2581014390622,469.074651338662,380.8227036578165,371.140715630984,371.3969398879254,249.37202376821,472.2979277400564,327.10129148478165,396.99380356190284,336.57594952083946,334.954188298997,418.88029632584033,302.85559799728486,357.75488549577346,484.1009762339129,368.84119628391505,402.1538754991247,475.6559369027824,422.81773392771623,352.6177826948738,451.6923537184896,483.24734570631495,181.51441878338963,474.26978275702595,478.31780267096883,391.107496337838,472.81773317041467,451.11137883558723,485.2084796117536,483.9965328936817,277.19619433471945,343.0421309619583,333.8659392943138,444.67972235489185,416.1573199177331,454.4352890376126,237.63940100573367,400.476786926399,467.0966995473217,444.6617415965263,230.24069804663569,421.24645265192606,476.9956311447239,329.0883662631307,308.49474759109785,375.49416309576804,399.5148977606685,451.83814870737655,426.76434303713023,467.17692821289654,465.216993743903,464.10969913167537,465.1596302728582,274.78855367826,428.8159611924157,403.38822324020947,438.6510574391179,411.5329393492601,469.379001500189,257.98169125154413,376.280949069441,404.51935872340755,479.11101200663904,434.375202935332,482.44672809499036,388.50896587637664,433.59205142774806,429.67388920756576,403.00337304392514,371.39987221614757,381.6398540081417,247.66140357239925,389.0342116583279,419.57819460169964,406.6967771668967,271.2586637620612,426.2345050126867,377.7754186169259,457.41991802874435,449.3625925526957
1,10,351.7035188709086,479.7341428560032,426.0528490012698,432.8718666577188,438.6134453576837,449.7295047018192,482.9242587343196,422.30108953634976,404.8612698943025,480.4045374203017,436.9167019779112,289.4869622477078,414.8223653119731,370.19130298195404,445.17054362325695,484.4657469999198,478.4488328568696,387.70953979829113,465.11471356252764,455.14956352476804,336.9957992154869,198.58145076713973,360.0353377981305,449.45524870706214,449.55170282500507,361.18211703972975,443.76405650159387,419.4319408651247,448.36504269272217,446.606641234888,435.0785552350792,462.05640401113686,406.09600217903494,380.6546436278985,330.54148060563415,484.8461549436661,390.2976182988019,440.20814262361387,499.4837057940848,479.3910746615821,485.81461738597596,370.4024123808801,341.54927281378747,453.37665046375633,485.40682412874514,407.80476954208996,470.1523159072358,266.7773240954273,258.26159805678265,446.505101995546,369.8126861375311,225.29902980249537,420.1614233422977,432.48264607723166,462.71507922556,447.590637938198,432.28231633491157,61.75027685704651,465.6852041579456,399.610004837167,369.81970468190843,438.3107239065258,376.388449671829,381.15044984064366,454.34143011525555,373.13122851398384,466.321380205053,319.5625543191868,476.3506243215418,457.5872710511446,364.60997569186424,451.1516518450493,431.64089290673553,483.7537736946192,334.59739819086997,330.79650397800856,478.0914480974228,476.33200455338556,435.63053212067155,361.46933629248616,439.9750990619974,430.0480676201229,427.73148331047287,279.80007659312463,480.460829768312,492.3797209189242,478.7878927162214,401.8316985171921,345.6560581841949,429.98081962995633,471.8126626999334,337.3616113554747,419.73112079240207,493.1137140740354,445.1212841514171,470.11691008348083,417.2138798578107,458.47827326214514,470.9975966161156,483.21452986711125,405.89579739706915,310.8367745706553,431.9006388102614,368.2506312839173,383.5948221502253,486.6588397782695,404.7325757177729,474.569996316524,168.873301480482,426.6271761265375,404.3563762651335,484.33817668239504,391.1159500648022,404.62504518268406,441.20544405858357,152.93940708326784,395.9282001328432,449.915948523547,472.5722631190913,428.23972663676807,320.2581014390622,469.074651338662,380.8227036578165,371.140715630984,371.3969398879254,249.37202376821,472.2979277400564,327.10129148478165,396.99380356190284,336.57594952083946,334.954188298997,418.88029632584033,302.85559799728486,357.75488549577346,484.1009762339129,368.84119628391505,402.1538754991247,475.6559369027824,422.81773392771623,352.6177826948738,451.6923537184896,483.24734570631495,181.51441878338963,474.26978275702595,478.31780267096883,391.107496337838,472.81773317041467,451.11137883558723,485.2084796117536,483.9965328936817,277.19619433471945,343.0421309619583,333.8659392943138,444.67972235489185,416.1573199177331,454.4352890376126,237.63940100573367,400.476786926399,467.0966995473217,444.6617415965263,230.24069804663569,421.24645265192606,476.9956311447239,329.0883662631307,308.49474759109785,375.49416309576804,399.5148977606685,451.83814870737655,426.76434303713023,467.17692821289654,465.216993743903,464.10969913167537,465.1596302728582,274.78855367826,428.8159611924157,403.38822324020947,438.6510574391179,411.5329393492601,469.379001500189,257.98169125154413,376.280949069441,404.51935872340755,479.11101200663904,434.375202935332,482.44672809499036,388.50896587637664,433.59205142774806,429.67388920756576,403.00337304392514,371.39987221614757,381.6398540081417,247.66140357239925,389.0342116583279,419.57819460169964,406.6967771668967,271.2586637620612,426.2345050126867,377.7754186169259,457.41991802874435,449.3625925526957
1,11,351.7035188709086,479.7341428560032,426.0528490012698,432.8718666577188,438.6134453576837,449.7295047018192,482.9242587343196,422.30108953634976,404.8612698943025,480.4045374203017,436.9167019779112,289.4869622477078,414.8223653119731,370.19130298195404,445.17054362325695,484.4657469999198,478.4488328568696,387.70953979829113,465.11471356252764,455.14956352476804,336.9957992154869,198.58145076713973,360.0353377981305,449.45524870706214,449.55170282500507,361.18211703972975,443.76405650159387,419.4319408651247,448.36504269272217,446.606641234888,435.0785552350792,462.05640401113686,406.09600217903494,380.6546436278985,330.54148060563415,484.8461549436661,390.2976182988019,440.20814262361387,499.4837057940848,479.3910746615821,485.81461738597596,370.4024123808801,341.54927281378747,453.37665046375633,485.40682412874514,407.80476954208996,470.1523159072358,266.7773240954273,258.26159805678265,446.505101995546,369.8126861375311,225.29902980249537,420.1614233422977,432.48264607723166,462.71507922556,447.590637938198,432.28231633491157,61.75027685704651,465.6852041579456,399.610004837167,369.81970468190843,438.3107239065258,376.388449671829,381.15044984064366,454.34143011525555,373.13122851398384,466.321380205053,319.5625543191868,476.3506243215418,457.5872710511446,364.60997569186424,451.1516518450493,431.64089290673553,483.7537736946192,334.59739819086997,330.79650397800856,478.0914480974228,476.33200455338556,435.63053212067155,361.46933629248616,439.9750990619974,430.0480676201229,427.73148331047287,279.80007659312463,480.460829768312,492.3797209189242,478.7878927162214,401.8316985171921,345.6560581841949,429.98081962995633,471.8126626999334,337.3616113554747,419.73112079240207,493.1137140740354,445.1212841514171,470.11691008348083,417.2138798578107,458.47827326214514,470.9975966161156,483.21452986711125,405.89579739706915,310.8367745706553,431.9006388102614,368.2506312839173,383.5948221502253,486.6588397782695,404.7325757177729,474.569996316524,168.873301480482,426.6271761265375,404.3563762651335,484.33817668239504,391.1159500648022,404.62504518268406,441.20544405858357,152.93940708326784,395.9282001328432,449.915948523547,472.5722631190913,428.23972663676807,320.2581014390622,469.074651338662,380.8227036578165,371.140715630984,371.3969398879254,249.37202376821,472.2979277400564,327.10129148478165,396.99380356190284,336.57594952083946,334.954188298997,418.88029632584033,302.85559799728486,357.75488549577346,484.1009762339129,368.84119628391505,402.1538754991247,475.6559369027824,422.81773392771623,352.6177826948738,451.6923537184896,483.24734570631495,181.51441878338963,474.26978275702595,478.31780267096883,391.107496337838,472.81773317041467,451.11137883558723,485.2084796117536,483.9965328936817,277.19619433471945,343.0421309619583,333.8659392943138,444.67972235489185,416.1573199177331,454.4352890376126,237.63940100573367,400.476786926399,467.0966995473217,444.6617415965263,230.24069804663569,421.24645265192606,476.9956311447239,329.0883662631307,308.49474759109785,375.49416309576804,399.5148977606685,451.83814870737655,426.76434303713023,467.17692821289654,465.216993743903,464.10969913167537,465.1596302728582,274.78855367826,428.8159611924157,403.38822324020947,438.6510574391179,411.5329393492601,469.379001500189,257.98169125154413,376.280949069441,404.51935872340755,479.11101200663904,434.375202935332,482.44672809499036,388.50896587637664,433.59205142774806,429.67388920756576,403.00337304392514,371.39987221614757,381.6398540081417,247.66140357239925,389.0342116583279,419.57819460169964,406.6967771668967,271.2586637620612,426.2345050126867,377.7754186169259,457.41991802874435,449.3625925526957
1,12,351.7035188709086,479.7341428560032,426.0528490012698,432.8718666577188,438.6134453576837,449.7295047018192,482.9242587343196,422.30108953634976,404.8612698943025,480.4045374203017,436.9167019779112,289.4869622477078,414.8223653119731,370.19130298195404,445.17054362325695,484.4657469999198,478.4488328568696,387.70953979829113,465.11471356252764,455.14956352476804,336.9957992154869,198.58145076713973,360.0353377981305,449.45524870706214,449.55170282500507,361.18211703972975,443.76405650159387,419.4319408651247,448.36504269272217,446.606641234888,435.0785552350792,462.05640401113686,406.09600217903494,380.6546436278985,330.54148060563415,484.8461549436661,390.2976182988019,440.20814262361387,499.4837057940848,479.3910746615821,485.81461738597596,370.4024123808801,341.54927281378747,453.37665046375633,485.40682412874514,407.80476954208996,470.1523159072358,266.7773240954273,258.26159805678265,446.505101995546,369.8126861375311,225.29902980249537,420.1614233422977,432.48264607723166,462.71507922556,447.590637938198,432.28231633491157,61.75027685704651,465.6852041579456,399.610004837167,369.81970468190843,438.3107239065258,376.388449671829,381.15044984064366,454.34143011525555,373.13122851398384,466.321380205053,319.5625543191868,476.3506243215418,457.5872710511446,364.60997569186424,451.1516518450493,431.64089290673553,483.7537736946192,334.59739819086997,330.79650397800856,478.0914480974228,476.33200455338556,435.63053212067155,361.46933629248616,439.9750990619974,430.0480676201229,427.73148331047287,279.80007659312463,480.460829768312,492.3797209189242,478.7878927162214,401.8316985171921,345.6560581841949,429.98081962995633,471.8126626999334,337.3616113554747,419.73112079240207,493.1137140740354,445.1212841514171,470.11691008348083,417.2138798578107,458.47827326214514,470.9975966161156,483.21452986711125,405.89579739706915,310.8367745706553,431.9006388102614,368.2506312839173,383.5948221502253,486.6588397782695,404.7325757177729,474.569996316524,168.873301480482,426.6271761265375,404.3563762651335,484.33817668239504,391.1159500648022,404.62504518268406,441.20544405858357,152.93940708326784,395.9282001328432,449.915948523547,472.5722631190913,428.23972663676807,320.2581014390622,469.074651338662,380.8227036578165,371.140715630984,371.3969398879254,249.37202376821,472.2979277400564,327.10129148478165,396.99380356190284,336.57594952083946,334.954188298997,418.88029632584033,302.85559799728486,357.75488549577346,484.1009762339129,368.84119628391505,402.1538754991247,475.6559369027824,422.81773392771623,352.6177826948738,451.6923537184896,483.24734570631495,181.51441878338963,474.26978275702595,478.31780267096883,391.107496337838,472.81773317041467,451.11137883558723,485.2084796117536,483.9965328936817,277.19619433471945,343.0421309619583,333.8659392943138,444.67972235489185,416.1573199177331,454.4352890376126,237.63940100573367,400.476786926399,467.0966995473217,444.6617415965263,230.24069804663569,421.24645265192606,476.9956311447239,329.0883662631307,308.49474759109785,375.49416309576804,399.5148977606685,451.83814870737655,426.76434303713023,467.17692821289654,465.216993743903,464.10969913167537,465.1596302728582,274.78855367826,428.8159611924157,403.38822324020947,438.6510574391179,411.5329393492601,469.379001500189,257.98169125154413,376.280949069441,404.51935872340755,479.11101200663904,434.375202935332,482.44672809499036,388.50896587637664,433.59205142774806,429.67388920756576,403.00337304392514,371.39987221614757,381.6398540081417,247.66140357239925,389.0342116583279,419.57819460169964,406.6967771668967,271.2586637620612,426.2345050126867,377.7754186169259,457.41991802874435,449.3625925526957
1,13,351.7035188709086,479.7341428560032,426.0528490012698,432.8718666577188,438.6134453576837,449.7295047018192,482.9242587343196,422.30108953634976,404.8612698943025,480.4045374203017,436.9167019779112,289.4869622477078,414.8223653119731,370.19130298195404,445.17054362325695,484.4657469999198,478.4488328568696,387.70953979829113,465.11471356252764,455.14956352476804,336.9957992154869,198.58145076713973,360.0353377981305,449.45524870706214,449.55170282500507,361.18211703972975,443.76405650159387,419.4319408651247,448.36504269272217,446.606641234888,435.0785552350792,462.05640401113686,406.09600217903494,380.6546436278985,330.54148060563415,484.8461549436661,390.2976182988019,440.20814262361387,499.4837057940848,479.3910746615821,485.81461738597596,370.4024123808801,341.54927281378747,453.37665046375633,485.40682412874514,407.80476954208996,470.1523159072358,266.7773240954273,258.26159805678265,446.505101995546,369.8126861375311,225.29902980249537,420.1614233422977,432.48264607723166,462.71507922556,447.590637938198,432.28231633491157,61.75027685704651,465.6852041579456,399.610004837167,369.81970468190843,438.3107239065258,376.388449671829,381.15044984064366,454.34143011525555,373.13122851398384,466.321380205053,319.5625543191868,476.3506243215418,457.5872710511446,364.60997569186424,451.1516518450493,431.64089290673553,483.7537736946192,334.59739819086997,330.79650397800856,478.0914480974228,476.33200455338556,435.63053212067155,361.46933629248616,439.9750990619974,430.0480676201229,427.73148331047287,279.80007659312463,480.460829768312,492.3797209189242,478.7878927162214,401.8316985171921,345.6560581841949,429.98081962995633,471.8126626999334,337.3616113554747,419.73112079240207,493.1137140740354,445.1212841514171,470.11691008348083,417.2138798578107,458.47827326214514,470.9975966161156,483.21452986711125,405.89579739706915,310.8367745706553,431.9006388102614,368.2506312839173,383.5948221502253,486.6588397782695,404.7325757177729,474.569996316524,168.873301480482,426.6271761265375,404.3563762651335,484.33817668239504,391.1159500648022,404.62504518268406,441.20544405858357,152.93940708326784,395.9282001328432,449.915948523547,472.5722631190913,428.23972663676807,320.2581014390622,469.074651338662,380.8227036578165,371.140715630984,371.3969398879254,249.37202376821,472.2979277400564,327.10129148478165,396.99380356190284,336.57594952083946,334.954188298997,418.88029632584033,302.85559799728486,357.75488549577346,484.1009762339129,368.84119628391505,402.1538754991247,475.6559369027824,422.81773392771623,352.6177826948738,451.6923537184896,483.24734570631495,181.51441878338963,474.26978275702595,478.31780267096883,391.107496337838,472.81773317041467,451.11137883558723,485.2084796117536,483.9965328936817,277.19619433471945,343.0421309619583,333.8659392943138,444.67972235489185,416.1573199177331,454.4352890376126,237.63940100573367,400.476786926399,467.0966995473217,444.6617415965263,230.24069804663569,421.24645265192606,476.9956311447239,329.0883662631307,308.49474759109785,375.49416309576804,399.5148977606685,451.83814870737655,426.76434303713023,467.17692821289654,465.216993743903,464.10969913167537,465.1596302728582,274.78855367826,428.8159611924157,403.38822324020947,438.6510574391179,411.5329393492601,469.379001500189,257.98169125154413,376.280949069441,404.51935872340755,479.11101200663904,434.375202935332,482.44672809499036,388.50896587637664,433.59205142774806,429.67388920756576,403.00337304392514,371.39987221614757,381.6398540081417,247.66140357239925,389.0342116583279,419.57819460169964,406.6967771668967,271.2586637620612,426.2345050126867,377.7754186169259,457.41991802874435,449.3625925526957
1,14,351.7035188709086,479.7341428560032,426.0528490012698,432.8718666577188,438.6134453576837,449.7295047018192,482.9242587343196,422.30108953634976,404.8612698943025,480.4045374203017,436.9167019779112,289.4869622477078,414.8223653119731,370.19130298195404,445.17054362325695,484.4657469999198,478.4488328568696,387.70953979829113,465.11471356252764,455.14956352476804,336.9957992154869,198.58145076713973,360.0353377981305,449.45524870706214,449.55170282500507,361.18211703972975,443.76405650159387,419.4319408651247,448.36504269272217,446.606641234888,435.0785552350792,462.05640401113686,406.09600217903494,380.6546436278985,330.54148060563415,484.8461549436661,390.2976182988019,440.20814262361387,499.4837057940848,479.3910746615821,485.81461738597596,370.4024123808801,341.54927281378747,453.37665046375633,485.40682412874514,407.80476954208996,470.1523159072358,266.7773240954273,258.26159805678265,446.505101995546,369.8126861375311,225.29902980249537,420.1614233422977,432.48264607723166,462.71507922556,447.590637938198,432.28231633491157,61.75027685704651,465.6852041579456,399.610004837167,369.81970468190843,438.3107239065258,376.388449671829,381.15044984064366,454.34143011525555,373.13122851398384,466.321380205053,319.5625543191868,476.3506243215418,457.5872710511446,364.60997569186424,451.1516518450493,431.64089290673553,483.7537736946192,334.59739819086997,330.79650397800856,478.0914480974228,476.33200455338556,435.63053212067155,361.46933629248616,439.9750990619974,430.0480676201229,427.73148331047287,279.80007659312463,480.460829768312,492.3797209189242,478.7878927162214,401.8316985171921,345.6560581841949,429.98081962995633,471.8126626999334,337.3616113554747,419.73112079240207,493.1137140740354,445.1212841514171,470.11691008348083,417.2138798578107,458.47827326214514,470.9975966161156,483.21452986711125,405.89579739706915,310.8367745706553,431.9006388102614,368.2506312839173,383.5948221502253,486.6588397782695,404.7325757177729,474.569996316524,168.873301480482,426.6271761265375,404.3563762651335,484.33817668239504,391.1159500648022,404.62504518268406,441.20544405858357,152.93940708326784,395.9282001328432,449.915948523547,472.5722631190913,428.23972663676807,320.2581014390622,469.074651338662,380.8227036578165,371.140715630984,371.3969398879254,249.37202376821,472.2979277400564,327.10129148478165,396.99380356190284,336.57594952083946,334.954188298997,418.88029632584033,302.85559799728486,357.75488549577346,484.1009762339129,368.84119628391505,402.1538754991247,475.6559369027824,422.81773392771623,352.6177826948738,451.6923537184896,483.24734570631495,181.51441878338963,474.26978275702595,478.31780267096883,391.107496337838,472.81773317041467,451.11137883558723,485.2084796117536,483.9965328936817,277.19619433471945,343.0421309619583,333.8659392943138,444.67972235489185,416.1573199177331,454.4352890376126,237.63940100573367,400.476786926399,467.0966995473217,444.6617415965263,230.24069804663569,421.24645265192606,476.9956311447239,329.0883662631307,308.49474759109785,375.49416309576804,399.5148977606685,451.83814870737655,426.76434303713023,467.17692821289654,465.216993743903,464.10969913167537,465.1596302728582,274.78855367826,428.8159611924157,403.38822324020947,438.6510574391179,411.5329393492601,469.379001500189,257.98169125154413,376.280949069441,404.51935872340755,479.11101200663904,434.375202935332,482.44672809499036,388.50896587637664,433.59205142774806,429.67388920756576,403.00337304392514,371.39987221614757,381.6398540081417,247.66140357239925,389.0342116583279,419.57819460169964,406.6967771668967,271.2586637620612,426.2345050126867,377.7754186169259,457.41991802874435,449.3625925526957
1,15,351.7035188709086,479.7341428560032,426.0528490012698,432.8718666577188,438.6134453576837,449.7295047018192,482.9242587343196,422.30108953634976,404.8612698943025,480.4045374203017,436.9167019779112,289.4869622477078,414.8223653119731,370.19130298195404,445.17054362325695,484.4657469999198,478.4488328568696,387.70953979829113,465.11471356252764,455.14956352476804,336.9957992154869,198.58145076713973,360.0353377981305,449.45524870706214,449.55170282500507,361.18211703972975,443.76405650159387,419.4319408651247,448.36504269272217,446.606641234888,435.0785552350792,462.05640401113686,406.09600217903494,380.6546436278985,330.54148060563415,484.8461549436661,390.2976182988019,440.20814262361387,499.4837057940848,479.3910746615821,485.81461738597596,370.4024123808801,341.54927281378747,453.37665046375633,485.40682412874514,407.80476954208996,470.1523159072358,266.7773240954273,258.26159805678265,446.505101995546,369.8126861375311,225.29902980249537,420.1614233422977,432.48264607723166,462.71507922556,447.590637938198,432.28231633491157,61.75027685704651,465.6852041579456,399.610004837167,369.81970468190843,438.3107239065258,376.388449671829,381.15044984064366,454.34143011525555,373.13122851398384,466.321380205053,319.5625543191868,476.3506243215418,457.5872710511446,364.60997569186424,451.1516518450493,431.64089290673553,483.7537736946192,334.59739819086997,330.79650397800856,478.0914480974228,476.33200455338556,435.63053212067155,361.46933629248616,439.9750990619974,430.0480676201229,427.73148331047287,279.80007659312463,480.460829768312,492.3797209189242,478.7878927162214,401.8316985171921,345.6560581841949,429.98081962995633,471.8126626999334,337.3616113554747,419.73112079240207,493.1137140740354,445.1212841514171,470.11691008348083,417.2138798578107,458.47827326214514,470.9975966161156,483.21452986711125,405.89579739706915,310.8367745706553,431.9006388102614,368.2506312839173,383.5948221502253,486.6588397782695,404.7325757177729,474.569996316524,168.873301480482,426.6271761265375,404.3563762651335,484.33817668239504,391.1159500648022,404.62504518268406,441.20544405858357,152.93940708326784,395.9282001328432,449.915948523547,472.5722631190913,428.23972663676807,320.2581014390622,469.074651338662,380.8227036578165,371.140715630984,371.3969398879254,249.37202376821,472.2979277400564,327.10129148478165,396.99380356190284,336.57594952083946,334.954188298997,418.88029632584033,302.85559799728486,357.75488549577346,484.1009762339129,368.84119628391505,402.1538754991247,475.6559369027824,422.81773392771623,352.6177826948738,451.6923537184896,483.24734570631495,181.51441878338963,474.26978275702595,478.31780267096883,391.107496337838,472.81773317041467,451.11137883558723,485.2084796117536,483.9965328936817,277.19619433471945,343.0421309619583,333.8659392943138,444.67972235489185,416.1573199177331,454.4352890376126,237.63940100573367,400.476786926399,467.0966995473217,444.6617415965263,230.24069804663569,421.24645265192606,476.9956311447239,329.0883662631307,308.49474759109785,375.49416309576804,399.5148977606685,451.83814870737655,426.76434303713023,467.17692821289654,465.216993743903,464.10969913167537,465.1596302728582,274.78855367826,428.8159611924157,403.38822324020947,438.6510574391179,411.5329393492601,469.379001500189,257.98169125154413,376.280949069441,404.51935872340755,479.11101200663904,434.375202935332,482.44672809499036,388.50896587637664,433.59205142774806,429.67388920756576,403.00337304392514,371.39987221614757,381.6398540081417,247.66140357239925,389.0342116583279,419.57819460169964,406.6967771668967,271.2586637620612,426.2345050126867,377.7754186169259,457.41991802874435,449.3625925526957
1,16,351.7035188709086,479.7341428560032,426.0528490012698,432.8718666577188,438.6134453576837,449.7295047018192,482.9242587343196,422.30108953634976,404.8612698943025,480.4045374203017,436.9167019779112,289.4869622477078,414.8223653119731,370.19130298195404,445.17054362325695,484.4657469999198,478.4488328568696,387.70953979829113,465.11471356252764,455.14956352476804,336.9957992154869,198.58145076713973,360.0353377981305,449.45524870706214,449.55170282500507,361.18211703972975,443.76405650159387,419.4319408651247,448.36504269272217,446.606641234888,435.0785552350792,462.05640401113686,406.09600217903494,380.6546436278985,330.54148060563415,484.8461549436661,390.2976182988019,440.20814262361387,499.4837057940848,479.3910746615821,485.81461738597596,370.4024123808801,341.54927281378747,453.37665046375633,485.40682412874514,407.80476954208996,470.1523159072358,266.7773240954273,258.26159805678265,446.505101995546,369.8126861375311,225.29902980249537,420.1614233422977,432.48264607723166,462.71507922556,447.590637938198,432.28231633491157,61.75027685704651,465.6852041579456,399.610004837167,369.81970468190843,438.3107239065258,376.388449671829,381.15044984064366,454.34143011525555,373.13122851398384,466.321380205053,319.5625543191868,476.3506243215418,457.5872710511446,364.60997569186424,451.1516518450493,431.64089290673553,483.7537736946192,334.59739819086997,330.79650397800856,478.0914480974228,476.33200455338556,435.63053212067155,361.46933629248616,439.9750990619974,430.0480676201229,427.73148331047287,279.80007659312463,480.460829768312,492.3797209189242,478.7878927162214,401.8316985171921,345.6560581841949,429.98081962995633,471.8126626999334,337.3616113554747,419.73112079240207,493.1137140740354,445.1212841514171,470.11691008348083,417.2138798578107,458.47827326214514,470.9975966161156,483.21452986711125,405.89579739706915,310.8367745706553,431.9006388102614,368.2506312839173,383.5948221502253,486.6588397782695,404.7325757177729,474.569996316524,168.873301480482,426.6271761265375,404.3563762651335,484.33817668239504,391.1159500648022,404.62504518268406,441.20544405858357,152.93940708326784,395.9282001328432,449.915948523547,472.5722631190913,428.23972663676807,320.2581014390622,469.074651338662,380.8227036578165,371.140715630984,371.3969398879254,249.37202376821,472.2979277400564,327.10129148478165,396.99380356190284,336.57594952083946,334.954188298997,418.88029632584033,302.85559799728486,357.75488549577346,484.1009762339129,368.84119628391505,402.1538754991247,475.6559369027824,422.81773392771623,352.6177826948738,451.6923537184896,483.24734570631495,181.51441878338963,474.26978275702595,478.31780267096883,391.107496337838,472.81773317041467,451.11137883558723,485.2084796117536,483.9965328936817,277.19619433471945,343.0421309619583,333.8659392943138,444.67972235489185,416.1573199177331,454.4352890376126,237.63940100573367,400.476786926399,467.0966995473217,444.6617415965263,230.24069804663569,421.24645265192606,476.9956311447239,329.0883662631307,308.49474759109785,375.49416309576804,399.5148977606685,451.83814870737655,426.76434303713023,467.17692821289654,465.216993743903,464.10969913167537,465.1596302728582,274.78855367826,428.8159611924157,403.38822324020947,438.6510574391179,411.5329393492601,469.379001500189,257.98169125154413,376.280949069441,404.51935872340755,479.11101200663904,434.375202935332,482.44672809499036,388.50896587637664,433.59205142774806,429.67388920756576,403.00337304392514,371.39987221614757,381.6398540081417,247.66140357239925,389.0342116583279,419.57819460169964,406.6967771668967,271.2586637620612,426.2345050126867,377.7754186169259,457.41991802874435,449.3625925526957
1,17,351.7035188709086,479.7341428560032,426.0528490012698,432.8718666577188,438.6134453576837,449.7295047018192,482.9242587343196,422.30108953634976,404.8612698943025,480.4045374203017,436.9167019779112,289.4869622477078,414.8223653119731,370.19130298195404,445.17054362325695,484.4657469999198,478.4488328568696,387.70953979829113,465.11471356252764,455.14956352476804,336.9957992154869,198.58145076713973,360.0353377981305,449.45524870706214,449.55170282500507,361.18211703972975,443.76405650159387,419.4319408651247,448.36504269272217,446.606641234888,435.0785552350792,462.05640401113686,406.09600217903494,380.6546436278985,330.54148060563415,484.8461549436661,390.2976182988019,440.20814262361387,499.4837057940848,479.3910746615821,485.81461738597596,370.4024123808801,341.54927281378747,453.37665046375633,485.40682412874514,407.80476954208996,470.1523159072358,266.7773240954273,258.26159805678265,446.505101995546,369.8126861375311,225.29902980249537,420.1614233422977,432.48264607723166,462.71507922556,447.590637938198,432.28231633491157,61.75027685704651,465.6852041579456,399.610004837167,369.81970468190843,438.3107239065258,376.388449671829,381.15044984064366,454.34143011525555,373.13122851398384,466.321380205053,319.5625543191868,476.3506243215418,457.5872710511446,364.60997569186424,451.1516518450493,431.64089290673553,483.7537736946192,334.59739819086997,330.79650397800856,478.0914480974228,476.33200455338556,435.63053212067155,361.46933629248616,439.9750990619974,430.0480676201229,427.73148331047287,279.80007659312463,480.460829768312,492.3797209189242,478.7878927162214,401.8316985171921,345.6560581841949,429.98081962995633,471.8126626999334,337.3616113554747,419.73112079240207,493.1137140740354,445.1212841514171,470.11691008348083,417.2138798578107,458.47827326214514,470.9975966161156,483.21452986711125,405.89579739706915,310.8367745706553,431.9006388102614,368.2506312839173,383.5948221502253,486.6588397782695,404.7325757177729,474.569996316524,168.873301480482,426.6271761265375,404.3563762651335,484.33817668239504,391.1159500648022,404.62504518268406,441.20544405858357,152.93940708326784,395.9282001328432,449.915948523547,472.5722631190913,428.23972663676807,320.2581014390622,469.074651338662,380.8227036578165,371.140715630984,371.3969398879254,249.37202376821,472.2979277400564,327.10129148478165,396.99380356190284,336.57594952083946,334.954188298997,418.88029632584033,302.85559799728486,357.75488549577346,484.1009762339129,368.84119628391505,402.1538754991247,475.6559369027824,422.81773392771623,352.6177826948738,451.6923537184896,483.24734570631495,181.51441878338963,474.26978275702595,478.31780267096883,391.107496337838,472.81773317041467,451.11137883558723,485.2084796117536,483.9965328936817,277.19619433471945,343.0421309619583,333.8659392943138,444.67972235489185,416.1573199177331,454.4352890376126,237.63940100573367,400.476786926399,467.0966995473217,444.6617415965263,230.24069804663569,421.24645265192606,476.9956311447239,329.0883662631307,308.49474759109785,375.49416309576804,399.5148977606685,451.83814870737655,426.76434303713023,467.17692821289654,465.216993743903,464.10969913167537,465.1596302728582,274.78855367826,428.8159611924157,403.38822324020947,438.6510574391179,411.5329393492601,469.379001500189,257.98169125154413,376.280949069441,404.51935872340755,479.11101200663904,434.375202935332,482.44672809499036,388.50896587637664,433.59205142774806,429.67388920756576,403.00337304392514,371.39987221614757,381.6398540081417,247.66140357239925,389.0342116583279,419.57819460169964,406.6967771668967,271.2586637620612,426.2345050126867,377.7754186169259,457.41991802874435,449.3625925526957
1,18,351.7035188709086,479.7341428560032,426.0528490012698,432.8718666577188,438.6134453576837,449.7295047018192,482.9242587343196,422.30108953634976,404.8612698943025,480.4045374203017,436.9167019779112,289.4869622477078,414.8223653119731,370.19130298195404,445.17054362325695,484.4657469999198,478.4488328568696,387.70953979829113,465.11471356252764,455.14956352476804,336.9957992154869,198.58145076713973,360.0353377981305,449.45524870706214,449.55170282500507,361.18211703972975,443.76405650159387,419.4319408651247,448.36504269272217,446.606641234888,435.0785552350792,462.05640401113686,406.09600217903494,380.6546436278985,330.54148060563415,484.8461549436661,390.2976182988019,440.20814262361387,499.4837057940848,479.3910746615821,485.81461738597596,370.4024123808801,341.54927281378747,453.37665046375633,485.40682412874514,407.80476954208996,470.1523159072358,266.7773240954273,258.26159805678265,446.505101995546,369.8126861375311,225.29902980249537,420.1614233422977,432.48264607723166,462.71507922556,447.590637938198,432.28231633491157,61.75027685704651,465.6852041579456,399.610004837167,369.81970468190843,438.3107239065258,376.388449671829,381.15044984064366,454.34143011525555,373.13122851398384,466.321380205053,319.5625543191868,476.3506243215418,457.5872710511446,364.60997569186424,451.1516518450493,431.64089290673553,483.7537736946192,334.59739819086997,330.79650397800856,478.0914480974228,476.33200455338556,435.63053212067155,361.46933629248616,439.9750990619974,430.0480676201229,427.73148331047287,279.80007659312463,480.460829768312,492.3797209189242,478.7878927162214,401.8316985171921,345.6560581841949,429.98081962995633,471.8126626999334,337.3616113554747,419.73112079240207,493.1137140740354,445.1212841514171,470.11691008348083,417.2138798578107,458.47827326214514,470.9975966161156,483.21452986711125,405.89579739706915,310.8367745706553,431.9006388102614,368.2506312839173,383.5948221502253,486.6588397782695,404.7325757177729,474.569996316524,168.873301480482,426.6271761265375,404.3563762651335,484.33817668239504,391.1159500648022,404.62504518268406,441.20544405858357,152.93940708326784,395.9282001328432,449.915948523547,472.5722631190913,428.23972663676807,320.2581014390622,469.074651338662,380.8227036578165,371.140715630984,371.3969398879254,249.37202376821,472.2979277400564,327.10129148478165,396.99380356190284,336.57594952083946,334.954188298997,418.88029632584033,302.85559799728486,357.75488549577346,484.1009762339129,368.84119628391505,402.1538754991247,475.6559369027824,422.81773392771623,352.6177826948738,451.6923537184896,483.24734570631495,181.51441878338963,474.26978275702595,478.31780267096883,391.107496337838,472.81773317041467,451.11137883558723,485.2084796117536,483.9965328936817,277.19619433471945,343.0421309619583,333.8659392943138,444.67972235489185,416.1573199177331,454.4352890376126,237.63940100573367,400.476786926399,467.0966995473217,444.6617415965263,230.24069804663569,421.24645265192606,476.9956311447239,329.0883662631307,308.49474759109785,375.49416309576804,399.5148977606685,451.83814870737655,426.76434303713023,467.17692821289654,465.216993743903,464.10969913167537,465.1596302728582,274.78855367826,428.8159611924157,403.38822324020947,438.6510574391179,411.5329393492601,469.379001500189,257.98169125154413,376.280949069441,404.51935872340755,479.11101200663904,434.375202935332,482.44672809499036,388.50896587637664,433.59205142774806,429.67388920756576,403.00337304392514,371.39987221614757,381.6398540081417,247.66140357239925,389.0342116583279,419.57819460169964,406.6967771668967,271.2586637620612,426.2345050126867,377.7754186169259,457.41991802874435,449.3625925526957
1,19,351.7035188709086,479.7341428560032,426.0528490012698,432.8718666577188,438.6134453576837,449.7295047018192,482.9242587343196,422.30108953634976,404.8612698943025,480.4045374203017,436.9167019779112,289.4869622477078,414.8223653119731,370.19130298195404,445.17054362325695,484.4657469999198,478.4488328568696,387.70953979829113,465.11471356252764,455.14956352476804,336.9957992154869,198.58145076713973,360.0353377981305,449.45524870706214,449.55170282500507,361.18211703972975,443.76405650159387,419.4319408651247,448.36504269272217,446.606641234888,435.0785552350792,462.05640401113686,406.09600217903494,380.6546436278985,330.54148060563415,484.8461549436661,390.2976182988019,440.20814262361387,499.4837057940848,479.3910746615821,485.81461738597596,370.4024123808801,341.54927281378747,453.37665046375633,485.40682412874514,407.80476954208996,470.1523159072358,266.7773240954273,258.26159805678265,446.505101995546,369.8126861375311,225.29902980249537,420.1614233422977,432.48264607723166,462.71507922556,447.590637938198,432.28231633491157,61.75027685704651,465.6852041579456,399.610004837167,369.81970468190843,438.3107239065258,376.388449671829,381.15044984064366,454.34143011525555,373.13122851398384,466.321380205053,319.5625543191868,476.3506243215418,457.5872710511446,364.60997569186424,451.1516518450493,431.64089290673553,483.7537736946192,334.59739819086997,330.79650397800856,478.0914480974228,476.33200455338556,435.63053212067155,361.46933629248616,439.9750990619974,430.0480676201229,427.73148331047287,279.80007659312463,480.460829768312,492.3797209189242,478.7878927162214,401.8316985171921,345.6560581841949,429.98081962995633,471.8126626999334,337.3616113554747,419.73112079240207,493.1137140740354,445.1212841514171,470.11691008348083,417.2138798578107,458.47827326214514,470.9975966161156,483.21452986711125,405.89579739706915,310.8367745706553,431.9006388102614,368.2506312839173,383.5948221502253,486.6588397782695,404.7325757177729,474.569996316524,168.873301480482,426.6271761265375,404.3563762651335,484.33817668239504,391.1159500648022,404.62504518268406,441.20544405858357,152.93940708326784,395.9282001328432,449.915948523547,472.5722631190913,428.23972663676807,320.2581014390622,469.074651338662,380.8227036578165,371.140715630984,371.3969398879254,249.37202376821,472.2979277400564,327.10129148478165,396.99380356190284,336.57594952083946,334.954188298997,418.88029632584033,302.85559799728486,357.75488549577346,484.1009762339129,368.84119628391505,402.1538754991247,475.6559369027824,422.81773392771623,352.6177826948738,451.6923537184896,483.24734570631495,181.51441878338963,474.26978275702595,478.31780267096883,391.107496337838,472.81773317041467,451.11137883558723,485.2084796117536,483.9965328936817,277.19619433471945,343.0421309619583,333.8659392943138,444.67972235489185,416.1573199177331,454.4352890376126,237.63940100573367,400.476786926399,467.0966995473217,444.6617415965263,230.24069804663569,421.24645265192606,476.9956311447239,329.0883662631307,308.49474759109785,375.49416309576804,399.5148977606685,451.83814870737655,426.76434303713023,467.17692821289654,465.216993743903,464.10969913167537,465.1596302728582,274.78855367826,428.8159611924157,403.38822324020947,438.6510574391179,411.5329393492601,469.379001500189,257.98169125154413,376.280949069441,404.51935872340755,479.11101200663904,434.375202935332,482.44672809499036,388.50896587637664,433.59205142774806,429.67388920756576,403.00337304392514,371.39987221614757,381.6398540081417,247.66140357239925,389.0342116583279,419.57819460169964,406.6967771668967,271.2586637620612,426.2345050126867,377.7754186169259,457.41991802874435,449.3625925526957
1,20,351.7035188709086,479.7341428560032,426.0528490012698,432.8718666577188,438.6134453576837,449.7295047018192,482.9242587343196,422.30108953634976,404.8612698943025,480.4045374203017,436.9167019779112,289.4869622477078,414.8223653119731,370.19130298195404,445.17054362325695,484.4657469999198,478.4488328568696,387.70953979829113,465.11471356252764,455.14956352476804,336.9957992154869,198.58145076713973,360.0353377981305,449.45524870706214,449.55170282500507,361.18211703972975,443.76405650159387,419.4319408651247,448.36504269272217,446.606641234888,435.0785552350792,462.05640401113686,406.09600217903494,380.6546436278985,330.54148060563415,484.8461549436661,390.2976182988019,440.20814262361387,499.4837057940848,479.3910746615821,485.81461738597596,370.4024123808801,341.54927281378747,453.37665046375633,485.40682412874514,407.80476954208996,470.1523159072358,266.7773240954273,258.26159805678265,446.505101995546,369.8126861375311,225.29902980249537,420.1614233422977,432.48264607723166,462.71507922556,447.590637938198,432.28231633491157,61.75027685704651,465.6852041579456,399.610004837167,369.81970468190843,438.3107239065258,376.388449671829,381.15044984064366,454.34143011525555,373.13122851398384,466.321380205053,319.5625543191868,476.3506243215418,457.5872710511446,364.60997569186424,451.1516518450493,431.64089290673553,483.7537736946192,334.59739819086997,330.79650397800856,478.0914480974228,476.33200455338556,435.63053212067155,361.46933629248616,439.9750990619974,430.0480676201229,427.73148331047287,279.80007659312463,480.460829768312,492.3797209189242,478.7878927162214,401.8316985171921,345.6560581841949,429.98081962995633,471.8126626999334,337.3616113554747,419.73112079240207,493.1137140740354,445.1212841514171,470.11691008348083,417.2138798578107,458.47827326214514,470.9975966161156,483.21452986711125,405.89579739706915,310.8367745706553,431.9006388102614,368.2506312839173,383.5948221502253,486.6588397782695,404.7325757177729,474.569996316524,168.873301480482,426.6271761265375,404.3563762651335,484.33817668239504,391.1159500648022,404.62504518268406,441.20544405858357,152.93940708326784,395.9282001328432,449.915948523547,472.5722631190913,428.23972663676807,320.2581014390622,469.074651338662,380.8227036578165,371.140715630984,371.3969398879254,249.37202376821,472.2979277400564,327.10129148478165,396.99380356190284,336.57594952083946,334.954188298997,418.88029632584033,302.85559799728486,357.75488549577346,484.1009762339129,368.84119628391505,402.1538754991247,475.6559369027824,422.81773392771623,352.6177826948738,451.6923537184896,483.24734570631495,181.51441878338963,474.26978275702595,478.31780267096883,391.107496337838,472.81773317041467,451.11137883558723,485.2084796117536,483.9965328936817,277.19619433471945,343.0421309619583,333.8659392943138,444.67972235489185,416.1573199177331,454.4352890376126,237.63940100573367,400.476786926399,467.0966995473217,444.6617415965263,230.24069804663569,421.24645265192606,476.9956311447239,329.0883662631307,308.49474759109785,375.49416309576804,399.5148977606685,451.83814870737655,426.76434303713023,467.17692821289654,465.216993743903,464.10969913167537,465.1596302728582,274.78855367826,428.8159611924157,403.38822324020947,438.6510574391179,411.5329393492601,469.379001500189,257.98169125154413,376.280949069441,404.51935872340755,479.11101200663904,434.375202935332,482.44672809499036,388.50896587637664,433.59205142774806,429.67388920756576,403.00337304392514,371.39987221614757,381.6398540081417,247.66140357239925,389.0342116583279,419.57819460169964,406.6967771668967,271.2586637620612,426.2345050126867,377.7754186169259,457.41991802874435,449.3625925526957
1,21,351.7035188709086,479.7341428560032,426.0528490012698,432.8718666577188,438.6134453576837,449.7295047018192,482.9242587343196,422.30108953634976,404.8612698943025,480.4045374203017,436.9167019779112,289.4869622477078,414.8223653119731,370.19130298195404,445.17054362325695,484.4657469999198,478.4488328568696,387.70953979829113,465.11471356252764,455.14956352476804,336.9957992154869,198.58145076713973,360.0353377981305,449.45524870706214,449.55170282500507,361.18211703972975,443.76405650159387,419.4319408651247,448.36504269272217,446.606641234888,435.0785552350792,462.05640401113686,406.09600217903494,380.6546436278985,330.54148060563415,484.8461549436661,390.2976182988019,440.20814262361387,499.4837057940848,479.3910746615821,485.81461738597596,370.4024123808801,341.54927281378747,453.37665046375633,485.40682412874514,407.80476954208996,470.1523159072358,266.7773240954273,258.26159805678265,446.505101995546,369.8126861375311,225.29902980249537,420.1614233422977,432.48264607723166,462.71507922556,447.590637938198,432.28231633491157,61.75027685704651,465.6852041579456,399.610004837167,369.81970468190843,438.3107239065258,376.388449671829,381.15044984064366,454.34143011525555,373.13122851398384,466.321380205053,319.5625543191868,476.3506243215418,457.5872710511446,364.60997569186424,451.1516518450493,431.64089290673553,483.7537736946192,334.59739819086997,330.79650397800856,478.0914480974228,476.33200455338556,435.63053212067155,361.46933629248616,439.9750990619974,430.0480676201229,427.73148331047287,279.80007659312463,480.460829768312,492.3797209189242,478.7878927162214,401.8316985171921,345.6560581841949,429.98081962995633,471.8126626999334,337.3616113554747,419.73112079240207,493.1137140740354,445.1212841514171,470.11691008348083,417.2138798578107,458.47827326214514,470.9975966161156,483.21452986711125,405.89579739706915,310.8367745706553,431.9006388102614,368.2506312839173,383.5948221502253,486.6588397782695,404.7325757177729,474.569996316524,168.873301480482,426.6271761265375,404.3563762651335,484.33817668239504,391.1159500648022,404.62504518268406,441.20544405858357,152.93940708326784,395.9282001328432,449.915948523547,472.5722631190913,428.23972663676807,320.2581014390622,469.074651338662,380.8227036578165,371.140715630984,371.3969398879254,249.37202376821,472.2979277400564,327.10129148478165,396.99380356190284,336.57594952083946,334.954188298997,418.88029632584033,302.85559799728486,357.75488549577346,484.1009762339129,368.84119628391505,402.1538754991247,475.6559369027824,422.81773392771623,352.6177826948738,451.6923537184896,483.24734570631495,181.51441878338963,474.26978275702595,478.31780267096883,391.107496337838,472.81773317041467,451.11137883558723,485.2084796117536,483.9965328936817,277.19619433471945,343.0421309619583,333.8659392943138,444.67972235489185,416.1573199177331,454.4352890376126,237.63940100573367,400.476786926399,467.0966995473217,444.6617415965263,230.24069804663569,421.24645265192606,476.9956311447239,329.0883662631307,308.49474759109785,375.49416309576804,399.5148977606685,451.83814870737655,426.76434303713023,467.17692821289654,465.216993743903,464.10969913167537,465.1596302728582,274.78855367826,428.8159611924157,403.38822324020947,438.6510574391179,411.5329393492601,469.379001500189,257.98169125154413,376.280949069441,404.51935872340755,479.11101200663904,434.375202935332,482.44672809499036,388.50896587637664,433.59205142774806,429.67388920756576,403.00337304392514,371.39987221614757,381.6398540081417,247.66140357239925,389.0342116583279,419.57819460169964,406.6967771668967,271.2586637620612,426.2345050126867,377.7754186169259,457.41991802874435,449.3625925526957
1,22,351.7035188709086,479.7341428560032,426.0528490012698,432.8718666577188,438.6134453576837,449.7295047018192,482.9242587343196,422.30108953634976,404.8612698943025,480.4045374203017,436.9167019779112,289.4869622477078,414.8223653119731,370.19130298195404,445.17054362325695,484.4657469999198,478.4488328568696,387.70953979829113,465.11471356252764,455.14956352476804,336.9957992154869,198.58145076713973,360.0353377981305,449.45524870706214,449.55170282500507,361.18211703972975,443.76405650159387,419.4319408651247,448.36504269272217,446.606641234888,435.0785552350792,462.05640401113686,406.09600217903494,380.6546436278985,330.54148060563415,484.8461549436661,390.2976182988019,440.20814262361387,499.4837057940848,479.3910746615821,485.81461738597596,370.4024123808801,341.54927281378747,453.37665046375633,485.40682412874514,407.80476954208996,470.1523159072358,266.7773240954273,258.26159805678265,446.505101995546,369.8126861375311,225.29902980249537,420.1614233422977,432.48264607723166,462.71507922556,447.590637938198,432.28231633491157,61.75027685704651,465.6852041579456,399.610004837167,369.81970468190843,438.3107239065258,376.388449671829,381.15044984064366,454.34143011525555,373.13122851398384,466.321380205053,319.5625543191868,476.3506243215418,457.5872710511446,364.60997569186424,451.1516518450493,431.64089290673553,483.7537736946192,334.59739819086997,330.79650397800856,478.0914480974228,476.33200455338556,435.63053212067155,361.46933629248616,439.9750990619974,430.0480676201229,427.73148331047287,279.80007659312463,480.460829768312,492.3797209189242,478.7878927162214,401.8316985171921,345.6560581841949,429.98081962995633,471.8126626999334,337.3616113554747,419.73112079240207,493.1137140740354,445.1212841514171,470.11691008348083,417.2138798578107,458.47827326214514,470.9975966161156,483.21452986711125,405.89579739706915,310.8367745706553,431.9006388102614,368.2506312839173,383.5948221502253,486.6588397782695,404.7325757177729,474.569996316524,168.873301480482,426.6271761265375,404.3563762651335,484.33817668239504,391.1159500648022,404.62504518268406,441.20544405858357,152.93940708326784,395.9282001328432,449.915948523547,472.5722631190913,428.23972663676807,320.2581014390622,469.074651338662,380.8227036578165,371.140715630984,371.3969398879254,249.37202376821,472.2979277400564,327.10129148478165,396.99380356190284,336.57594952083946,334.954188298997,418.88029632584033,302.85559799728486,357.75488549577346,484.1009762339129,368.84119628391505,402.1538754991247,475.6559369027824,422.81773392771623,352.6177826948738,451.6923537184896,483.24734570631495,181.51441878338963,474.26978275702595,478.31780267096883,391.107496337838,472.81773317041467,451.11137883558723,485.2084796117536,483.9965328936817,277.19619433471945,343.0421309619583,333.8659392943138,444.67972235489185,416.1573199177331,454.4352890376126,237.63940100573367,400.476786926399,467.0966995473217,444.6617415965263,230.24069804663569,421.24645265192606,476.9956311447239,329.0883662631307,308.49474759109785,375.49416309576804,399.5148977606685,451.83814870737655,426.76434303713023,467.17692821289654,465.216993743903,464.10969913167537,465.1596302728582,274.78855367826,428.8159611924157,403.38822324020947,438.6510574391179,411.5329393492601,469.379001500189,257.98169125154413,376.280949069441,404.51935872340755,479.11101200663904,434.375202935332,482.44672809499036,388.50896587637664,433.59205142774806,429.67388920756576,403.00337304392514,371.39987221614757,381.6398540081417,247.66140357239925,389.0342116583279,419.57819460169964,406.6967771668967,271.2586637620612,426.2345050126867,377.7754186169259,457.41991802874435,449.3625925526957
1,23,351.7035188709086,479.7341428560032,426.0528490012698,432.8718666577188,438.6134453576837,449.7295047018192,482.9242587343196,422.30108953634976,404.8612698943025,480.4045374203017,436.9167019779112,289.4869622477078,414.8223653119731,370.19130298195404,445.17054362325695,484.4657469999198,478.4488328568696,387.70953979829113,465.11471356252764,455.14956352476804,336.9957992154869,198.58145076713973,360.0353377981305,449.45524870706214,449.55170282500507,361.18211703972975,443.76405650159387,419.4319408651247,448.36504269272217,446.606641234888,435.0785552350792,462.05640401113686,406.09600217903494,380.6546436278985,330.54148060563415,484.8461549436661,390.2976182988019,440.20814262361387,499.4837057940848,479.3910746615821,485.81461738597596,370.4024123808801,341.54927281378747,453.37665046375633,485.40682412874514,407.80476954208996,470.1523159072358,266.7773240954273,258.26159805678265,446.505101995546,369.8126861375311,225.29902980249537,420.1614233422977,432.48264607723166,462.71507922556,447.590637938198,432.28231633491157,61.75027685704651,465.6852041579456,399.610004837167,369.81970468190843,438.3107239065258,376.388449671829,381.15044984064366,454.34143011525555,373.13122851398384,466.321380205053,319.5625543191868,476.3506243215418,457.5872710511446,364.60997569186424,451.1516518450493,431.64089290673553,483.7537736946192,334.59739819086997,330.79650397800856,478.0914480974228,476.33200455338556,435.63053212067155,361.46933629248616,439.9750990619974,430.0480676201229,427.73148331047287,279.80007659312463,480.460829768312,492.3797209189242,478.7878927162214,401.8316985171921,345.6560581841949,429.98081962995633,471.8126626999334,337.3616113554747,419.73112079240207,493.1137140740354,445.1212841514171,470.11691008348083,417.2138798578107,458.47827326214514,470.9975966161156,483.21452986711125,405.89579739706915,310.8367745706553,431.9006388102614,368.2506312839173,383.5948221502253,486.6588397782695,404.7325757177729,474.569996316524,168.873301480482,426.6271761265375,404.3563762651335,484.33817668239504,391.1159500648022,404.62504518268406,441.20544405858357,152.93940708326784,395.9282001328432,449.915948523547,472.5722631190913,428.23972663676807,320.2581014390622,469.074651338662,380.8227036578165,371.140715630984,371.3969398879254,249.37202376821,472.2979277400564,327.10129148478165,396.99380356190284,336.57594952083946,334.954188298997,418.88029632584033,302.85559799728486,357.75488549577346,484.1009762339129,368.84119628391505,402.1538754991247,475.6559369027824,422.81773392771623,352.6177826948738,451.6923537184896,483.24734570631495,181.51441878338963,474.26978275702595,478.31780267096883,391.107496337838,472.81773317041467,451.11137883558723,485.2084796117536,483.9965328936817,277.19619433471945,343.0421309619583,333.8659392943138,444.67972235489185,416.1573199177331,454.4352890376126,237.63940100573367,400.476786926399,467.0966995473217,444.6617415965263,230.24069804663569,421.24645265192606,476.9956311447239,329.0883662631307,308.49474759109785,375.49416309576804,399.5148977606685,451.83814870737655,426.76434303713023,467.17692821289654,465.216993743903,464.10969913167537,465.1596302728582,274.78855367826,428.8159611924157,403.38822324020947,438.6510574391179,411.5329393492601,469.379001500189,257.98169125154413,376.280949069441,404.51935872340755,479.11101200663904,434.375202935332,482.44672809499036,388.50896587637664,433.59205142774806,429.67388920756576,403.00337304392514,371.39987221614757,381.6398540081417,247.66140357239925,389.0342116583279,419.57819460169964,406.6967771668967,271.2586637620612,426.2345050126867,377.7754186169259,457.41991802874435,449.3625925526957
1,24,351.7035188709086,479.7341428560032,426.0528490012698,432.8718666577188,438.6134453576837,449.7295047018192,482.9242587343196,422.30108953634976,404.8612698943025,480.4045374203017,436.9167019779112,289.4869622477078,414.8223653119731,370.19130298195404,445.17054362325695,484.4657469999198,478.4488328568696,387.70953979829113,465.11471356252764,455.14956352476804,336.9957992154869,198.58145076713973,360.0353377981305,449.45524870706214,449.55170282500507,361.18211703972975,443.76405650159387,419.4319408651247,448.36504269272217,446.606641234888,435.0785552350792,462.05640401113686,406.09600217903494,380.6546436278985,330.54148060563415,484.8461549436661,390.2976182988019,440.20814262361387,499.4837057940848,479.3910746615821,485.81461738597596,370.4024123808801,341.54927281378747,453.37665046375633,485.40682412874514,407.80476954208996,470.1523159072358,266.7773240954273,258.26159805678265,446.505101995546,369.8126861375311,225.29902980249537,420.1614233422977,432.48264607723166,462.71507922556,447.590637938198,432.28231633491157,61.75027685704651,465.6852041579456,399.610004837167,369.81970468190843,438.3107239065258,376.388449671829,381.15044984064366,454.34143011525555,373.13122851398384,466.321380205053,319.5625543191868,476.3506243215418,457.5872710511446,364.60997569186424,451.1516518450493,431.64089290673553,483.7537736946192,334.59739819086997,330.79650397800856,478.0914480974228,476.33200455338556,435.63053212067155,361.46933629248616,439.9750990619974,430.0480676201229,427.73148331047287,279.80007659312463,480.460829768312,492.3797209189242,478.7878927162214,401.8316985171921,345.6560581841949,429.98081962995633,471.8126626999334,337.3616113554747,419.73112079240207,493.1137140740354,445.1212841514171,470.11691008348083,417.2138798578107,458.47827326214514,470.9975966161156,483.21452986711125,405.89579739706915,310.8367745706553,431.9006388102614,368.2506312839173,383.5948221502253,486.6588397782695,404.7325757177729,474.569996316524,168.873301480482,426.6271761265375,404.3563762651335,484.33817668239504,391.1159500648022,404.62504518268406,441.20544405858357,152.93940708326784,395.9282001328432,449.915948523547,472.5722631190913,428.23972663676807,320.2581014390622,469.074651338662,380.8227036578165,371.140715630984,371.3969398879254,249.37202376821,472.2979277400564,327.10129148478165,396.99380356190284,336.57594952083946,334.954188298997,418.88029632584033,302.85559799728486,357.75488549577346,484.1009762339129,368.84119628391505,402.1538754991247,475.6559369027824,422.81773392771623,352.6177826948738,451.6923537184896,483.24734570631495,181.51441878338963,474.26978275702595,478.31780267096883,391.107496337838,472.81773317041467,451.11137883558723,485.2084796117536,483.9965328936817,277.19619433471945,343.0421309619583,333.8659392943138,444.67972235489185,416.1573199177331,454.4352890376126,237.63940100573367,400.476786926399,467.0966995473217,444.6617415965263,230.24069804663569,421.24645265192606,476.9956311447239,329.0883662631307,308.49474759109785,375.49416309576804,399.5148977606685,451.83814870737655,426.76434303713023,467.17692821289654,465.216993743903,464.10969913167537,465.1596302728582,274.78855367826,428.8159611924157,403.38822324020947,438.6510574391179,411.5329393492601,469.379001500189,257.98169125154413,376.280949069441,404.51935872340755,479.11101200663904,434.375202935332,482.44672809499036,388.50896587637664,433.59205142774806,429.67388920756576,403.00337304392514,371.39987221614757,381.6398540081417,247.66140357239925,389.0342116583279,419.57819460169964,406.6967771668967,271.2586637620612,426.2345050126867,377.7754186169259,457.41991802874435,449.3625925526957
1,25,351.7035188709086,479.7341428560032,426.0528490012698,432.8718666577188,438.6134453576837,449.7295047018192,482.9242587343196,422.30108953634976,404.8612698943025,480.4045374203017,436.9167019779112,289.4869622477078,414.8223653119731,370.19130298195404,445.17054362325695,484.4657469999198,478.4488328568696,387.70953979829113,465.11471356252764,455.14956352476804,336.9957992154869,198.58145076713973,360.0353377981305,449.45524870706214,449.55170282500507,361.18211703972975,443.76405650159387,419.4319408651247,448.36504269272217,446.606641234888,435.0785552350792,462.05640401113686,406.09600217903494,380.6546436278985,330.54148060563415,484.8461549436661,390.2976182988019,440.20814262361387,499.4837057940848,479.3910746615821,485.81461738597596,370.4024123808801,341.54927281378747,453.37665046375633,485.40682412874514,407.80476954208996,470.1523159072358,266.7773240954273,258.26159805678265,446.505101995546,369.8126861375311,225.29902980249537,420.1614233422977,432.48264607723166,462.71507922556,447.590637938198,432.28231633491157,61.75027685704651,465.6852041579456,399.610004837167,369.81970468190843,438.3107239065258,376.388449671829,381.15044984064366,454.34143011525555,373.13122851398384,466.321380205053,319.5625543191868,476.3506243215418,457.5872710511446,364.60997569186424,451.1516518450493,431.64089290673553,483.7537736946192,334.59739819086997,330.79650397800856,478.0914480974228,476.33200455338556,435.63053212067155,361.46933629248616,439.9750990619974,430.0480676201229,427.73148331047287,279.80007659312463,480.460829768312,492.3797209189242,478.7878927162214,401.8316985171921,345.6560581841949,429.98081962995633,471.8126626999334,337.3616113554747,419.73112079240207,493.1137140740354,445.1212841514171,470.11691008348083,417.2138798578107,458.47827326214514,470.9975966161156,483.21452986711125,405.89579739706915,310.8367745706553,431.9006388102614,368.2506312839173,383.5948221502253,486.6588397782695,404.7325757177729,474.569996316524,168.873301480482,426.6271761265375,404.3563762651335,484.33817668239504,391.1159500648022,404.62504518268406,441.20544405858357,152.93940708326784,395.9282001328432,449.915948523547,472.5722631190913,428.23972663676807,320.2581014390622,469.074651338662,380.8227036578165,371.140715630984,371.3969398879254,249.37202376821,472.2979277400564,327.10129148478165,396.99380356190284,336.57594952083946,334.954188298997,418.88029632584033,302.85559799728486,357.75488549577346,484.1009762339129,368.84119628391505,402.1538754991247,475.6559369027824,422.81773392771623,352.6177826948738,451.6923537184896,483.24734570631495,181.51441878338963,474.26978275702595,478.31780267096883,391.107496337838,472.81773317041467,451.11137883558723,485.2084796117536,483.9965328936817,277.19619433471945,343.0421309619583,333.8659392943138,444.67972235489185,416.1573199177331,454.4352890376126,237.63940100573367,400.476786926399,467.0966995473217,444.6617415965263,230.24069804663569,421.24645265192606,476.9956311447239,329.0883662631307,308.49474759109785,375.49416309576804,399.5148977606685,451.83814870737655,426.76434303713023,467.17692821289654,465.216993743903,464.10969913167537,465.1596302728582,274.78855367826,428.8159611924157,403.38822324020947,438.6510574391179,411.5329393492601,469.379001500189,257.98169125154413,376.280949069441,404.51935872340755,479.11101200663904,434.375202935332,482.44672809499036,388.50896587637664,433.59205142774806,429.67388920756576,403.00337304392514,371.39987221614757,381.6398540081417,247.66140357239925,389.0342116583279,419.57819460169964,406.6967771668967,271.2586637620612,426.2345050126867,377.7754186169259,457.41991802874435,449.3625925526957
1,26,351.7035188709086,479.7341428560032,426.0528490012698,432.8718666577188,438.6134453576837,449.7295047018192,482.9242587343196,422.30108953634976,404.8612698943025,480.4045374203017,436.9167019779112,289.4869622477078,414.8223653119731,370.19130298195404,445.17054362325695,484.4657469999198,478.4488328568696,387.70953979829113,465.11471356252764,455.14956352476804,336.9957992154869,198.58145076713973,360.0353377981305,449.45524870706214,449.55170282500507,361.18211703972975,443.76405650159387,419.4319408651247,448.36504269272217,446.606641234888,435.0785552350792,462.05640401113686,406.09600217903494,380.6546436278985,330.54148060563415,484.8461549436661,390.2976182988019,440.20814262361387,499.4837057940848,479.3910746615821,485.81461738597596,370.4024123808801,341.54927281378747,453.37665046375633,485.40682412874514,407.80476954208996,470.1523159072358,266.7773240954273,258.26159805678265,446.505101995546,369.8126861375311,225.29902980249537,420.1614233422977,432.48264607723166,462.71507922556,447.590637938198,432.28231633491157,61.75027685704651,465.6852041579456,399.610004837167,369.81970468190843,438.3107239065258,376.388449671829,381.15044984064366,454.34143011525555,373.13122851398384,466.321380205053,319.5625543191868,476.3506243215418,457.5872710511446,364.60997569186424,451.1516518450493,431.64089290673553,483.7537736946192,334.59739819086997,330.79650397800856,478.0914480974228,476.33200455338556,435.63053212067155,361.46933629248616,439.9750990619974,430.0480676201229,427.73148331047287,279.80007659312463,480.460829768312,492.3797209189242,478.7878927162214,401.8316985171921,345.6560581841949,429.98081962995633,471.8126626999334,337.3616113554747,419.73112079240207,493.1137140740354,445.1212841514171,470.11691008348083,417.2138798578107,458.47827326214514,470.9975966161156,483.21452986711125,405.89579739706915,310.8367745706553,431.9006388102614,368.2506312839173,383.5948221502253,486.6588397782695,404.7325757177729,474.569996316524,168.873301480482,426.6271761265375,404.3563762651335,484.33817668239504,391.1159500648022,404.62504518268406,441.20544405858357,152.93940708326784,395.9282001328432,449.915948523547,472.5722631190913,428.23972663676807,320.2581014390622,469.074651338662,380.8227036578165,371.140715630984,371.3969398879254,249.37202376821,472.2979277400564,327.10129148478165,396.99380356190284,336.57594952083946,334.954188298997,418.88029632584033,302.85559799728486,357.75488549577346,484.1009762339129,368.84119628391505,402.1538754991247,475.6559369027824,422.81773392771623,352.6177826948738,451.6923537184896,483.24734570631495,181.51441878338963,474.26978275702595,478.31780267096883,391.107496337838,472.81773317041467,451.11137883558723,485.2084796117536,483.9965328936817,277.19619433471945,343.0421309619583,333.8659392943138,444.67972235489185,416.1573199177331,454.4352890376126,237.63940100573367,400.476786926399,467.0966995473217,444.6617415965263,230.24069804663569,421.24645265192606,476.9956311447239,329.0883662631307,308.49474759109785,375.49416309576804,399.5148977606685,451.83814870737655,426.76434303713023,467.17692821289654,465.216993743903,464.10969913167537,465.1596302728582,274.78855367826,428.8159611924157,403.38822324020947,438.6510574391179,411.5329393492601,469.379001500189,257.98169125154413,376.280949069441,404.51935872340755,479.11101200663904,434.375202935332,482.44672809499036,388.50896587637664,433.59205142774806,429.67388920756576,403.00337304392514,371.39987221614757,381.6398540081417,247.66140357239925,389.0342116583279,419.57819460169964,406.6967771668967,271.2586637620612,426.2345050126867,377.7754186169259,457.41991802874435,449.3625925526957
1,27,351.7035188709086,479.7341428560032,426.0528490012698,432.8718666577188,438.6134453576837,449.7295047018192,482.9242587343196,422.30108953634976,404.8612698943025,480.4045374203017,436.9167019779112,289.4869622477078,414.8223653119731,370.19130298195404,445.17054362325695,484.4657469999198,478.4488328568696,387.70953979829113,465.11471356252764,455.14956352476804,336.9957992154869,198.58145076713973,360.0353377981305,449.45524870706214,449.55170282500507,361.18211703972975,443.76405650159387,419.4319408651247,448.36504269272217,446.606641234888,435.0785552350792,462.05640401113686,406.09600217903494,380.6546436278985,330.54148060563415,484.8461549436661,390.2976182988019,440.20814262361387,499.4837057940848,479.3910746615821,485.81461738597596,370.4024123808801,341.54927281378747,453.37665046375633,485.40682412874514,407.80476954208996,470.1523159072358,266.7773240954273,258.26159805678265,446.505101995546,369.8126861375311,225.29902980249537,420.1614233422977,432.48264607723166,462.71507922556,447.590637938198,432.28231633491157,61.75027685704651,465.6852041579456,399.610004837167,369.81970468190843,438.3107239065258,376.388449671829,381.15044984064366,454.34143011525555,373.13122851398384,466.321380205053,319.5625543191868,476.3506243215418,457.5872710511446,364.60997569186424,451.1516518450493,431.64089290673553,483.7537736946192,334.59739819086997,330.79650397800856,478.0914480974228,476.33200455338556,435.63053212067155,361.46933629248616,439.9750990619974,430.0480676201229,427.73148331047287,279.80007659312463,480.460829768312,492.3797209189242,478.7878927162214,401.8316985171921,345.6560581841949,429.98081962995633,471.8126626999334,337.3616113554747,419.73112079240207,493.1137140740354,445.1212841514171,470.11691008348083,417.2138798578107,458.47827326214514,470.9975966161156,483.21452986711125,405.89579739706915,310.8367745706553,431.9006388102614,368.2506312839173,383.5948221502253,486.6588397782695,404.7325757177729,474.569996316524,168.873301480482,426.6271761265375,404.3563762651335,484.33817668239504,391.1159500648022,404.62504518268406,441.20544405858357,152.93940708326784,395.9282001328432,449.915948523547,472.5722631190913,428.23972663676807,320.2581014390622,469.074651338662,380.8227036578165,371.140715630984,371.3969398879254,249.37202376821,472.2979277400564,327.10129148478165,396.99380356190284,336.57594952083946,334.954188298997,418.88029632584033,302.85559799728486,357.75488549577346,484.1009762339129,368.84119628391505,402.1538754991247,475.6559369027824,422.81773392771623,352.6177826948738,451.6923537184896,483.24734570631495,181.51441878338963,474.26978275702595,478.31780267096883,391.107496337838,472.81773317041467,451.11137883558723,485.2084796117536,483.9965328936817,277.19619433471945,343.0421309619583,333.8659392943138,444.67972235489185,416.1573199177331,454.4352890376126,237.63940100573367,400.476786926399,467.0966995473217,444.6617415965263,230.24069804663569,421.24645265192606,476.9956311447239,329.0883662631307,308.49474759109785,375.49416309576804,399.5148977606685,451.83814870737655,426.76434303713023,467.17692821289654,465.216993743903,464.10969913167537,465.1596302728582,274.78855367826,428.8159611924157,403.38822324020947,438.6510574391179,411.5329393492601,469.379001500189,257.98169125154413,376.280949069441,404.51935872340755,479.11101200663904,434.375202935332,482.44672809499036,388.50896587637664,433.59205142774806,429.67388920756576,403.00337304392514,371.39987221614757,381.6398540081417,247.66140357239925,389.0342116583279,419.57819460169964,406.6967771668967,271.2586637620612,426.2345050126867,377.7754186169259,457.41991802874435,449.3625925526957
1,28,351.7035188709086,479.7341428560032,426.0528490012698,432.8718666577188,438.6134453576837,449.7295047018192,482.9242587343196,422.30108953634976,404.8612698943025,480.4045374203017,436.9167019779112,289.4869622477078,414.8223653119731,370.19130298195404,445.17054362325695,484.4657469999198,478.4488328568696,387.70953979829113,465.11471356252764,455.14956352476804,336.9957992154869,198.58145076713973,360.0353377981305,449.45524870706214,449.55170282500507,361.18211703972975,443.76405650159387,419.4319408651247,448.36504269272217,446.606641234888,435.0785552350792,462.05640401113686,406.09600217903494,380.6546436278985,330.54148060563415,484.8461549436661,390.2976182988019,440.20814262361387,499.4837057940848,479.3910746615821,485.81461738597596,370.4024123808801,341.54927281378747,453.37665046375633,485.40682412874514,407.80476954208996,470.1523159072358,266.7773240954273,258.26159805678265,446.505101995546,369.8126861375311,225.29902980249537,420.1614233422977,432.48264607723166,462.71507922556,447.590637938198,432.28231633491157,61.75027685704651,465.6852041579456,399.610004837167,369.81970468190843,438.3107239065258,376.388449671829,381.15044984064366,454.34143011525555,373.13122851398384,466.321380205053,319.5625543191868,476.3506243215418,457.5872710511446,364.60997569186424,451.1516518450493,431.64089290673553,483.7537736946192,334.59739819086997,330.79650397800856,478.0914480974228,476.33200455338556,435.63053212067155,361.46933629248616,439.9750990619974,430.0480676201229,427.73148331047287,279.80007659312463,480.460829768312,492.3797209189242,478.7878927162214,401.8316985171921,345.6560581841949,429.98081962995633,471.8126626999334,337.3616113554747,419.73112079240207,493.1137140740354,445.1212841514171,470.11691008348083,417.2138798578107,458.47827326214514,470.9975966161156,483.21452986711125,405.89579739706915,310.8367745706553,431.9006388102614,368.2506312839173,383.5948221502253,486.6588397782695,404.7325757177729,474.569996316524,168.873301480482,426.6271761265375,404.3563762651335,484.33817668239504,391.1159500648022,404.62504518268406,441.20544405858357,152.93940708326784,395.9282001328432,449.915948523547,472.5722631190913,428.23972663676807,320.2581014390622,469.074651338662,380.8227036578165,371.140715630984,371.3969398879254,249.37202376821,472.2979277400564,327.10129148478165,396.99380356190284,336.57594952083946,334.954188298997,418.88029632584033,302.85559799728486,357.75488549577346,484.1009762339129,368.84119628391505,402.1538754991247,475.6559369027824,422.81773392771623,352.6177826948738,451.6923537184896,483.24734570631495,181.51441878338963,474.26978275702595,478.31780267096883,391.107496337838,472.81773317041467,451.11137883558723,485.2084796117536,483.9965328936817,277.19619433471945,343.0421309619583,333.8659392943138,444.67972235489185,416.1573199177331,454.4352890376126,237.63940100573367,400.476786926399,467.0966995473217,444.6617415965263,230.24069804663569,421.24645265192606,476.9956311447239,329.0883662631307,308.49474759109785,375.49416309576804,399.5148977606685,451.83814870737655,426.76434303713023,467.17692821289654,465.216993743903,464.10969913167537,465.1596302728582,274.78855367826,428.8159611924157,403.38822324020947,438.6510574391179,411.5329393492601,469.379001500189,257.98169125154413,376.280949069441,404.51935872340755,479.11101200663904,434.375202935332,482.44672809499036,388.50896587637664,433.59205142774806,429.67388920756576,403.00337304392514,371.39987221614757,381.6398540081417,247.66140357239925,389.0342116583279,419.57819460169964,406.6967771668967,271.2586637620612,426.2345050126867,377.7754186169259,457.41991802874435,449.3625925526957
1,29,351.7035188709086,479.7341428560032,426.0528490012698,432.8718666577188,438.6134453576837,449.7295047018192,482.9242587343196,422.30108953634976,404.8612698943025,480.4045374203017,436.9167019779112,289.4869622477078,414.8223653119731,370.19130298195404,445.17054362325695,484.4657469999198,478.4488328568696,387.70953979829113,465.11471356252764,455.14956352476804,336.9957992154869,198.58145076713973,360.0353377981305,449.45524870706214,449.55170282500507,361.18211703972975,443.76405650159387,419.4319408651247,448.36504269272217,446.606641234888,435.0785552350792,462.05640401113686,406.09600217903494,380.6546436278985,330.54148060563415,484.8461549436661,390.2976182988019,440.20814262361387,499.4837057940848,479.3910746615821,485.81461738597596,370.4024123808801,341.54927281378747,453.37665046375633,485.40682412874514,407.80476954208996,470.1523159072358,266.7773240954273,258.26159805678265,446.505101995546,369.8126861375311,225.29902980249537,420.1614233422977,432.48264607723166,462.71507922556,447.590637938198,432.28231633491157,61.75027685704651,465.6852041579456,399.610004837167,369.81970468190843,438.3107239065258,376.388449671829,381.15044984064366,454.34143011525555,373.13122851398384,466.321380205053,319.5625543191868,476.3506243215418,457.5872710511446,364.60997569186424,451.1516518450493,431.64089290673553,483.7537736946192,334.59739819086997,330.79650397800856,478.0914480974228,476.33200455338556,435.63053212067155,361.46933629248616,439.9750990619974,430.0480676201229,427.73148331047287,279.80007659312463,480.460829768312,492.3797209189242,478.7878927162214,401.8316985171921,345.6560581841949,429.98081962995633,471.8126626999334,337.3616113554747,419.73112079240207,493.1137140740354,445.1212841514171,470.11691008348083,417.2138798578107,458.47827326214514,470.9975966161156,483.21452986711125,405.89579739706915,310.8367745706553,431.9006388102614,368.2506312839173,383.5948221502253,486.6588397782695,404.7325757177729,474.569996316524,168.873301480482,426.6271761265375,404.3563762651335,484.33817668239504,391.1159500648022,404.62504518268406,441.20544405858357,152.93940708326784,395.9282001328432,449.915948523547,472.5722631190913,428.23972663676807,320.2581014390622,469.074651338662,380.8227036578165,371.140715630984,371.3969398879254,249.37202376821,472.2979277400564,327.10129148478165,396.99380356190284,336.57594952083946,334.954188298997,418.88029632584033,302.85559799728486,357.75488549577346,484.1009762339129,368.84119628391505,402.1538754991247,475.6559369027824,422.81773392771623,352.6177826948738,451.6923537184896,483.24734570631495,181.51441878338963,474.26978275702595,478.31780267096883,391.107496337838,472.81773317041467,451.11137883558723,485.2084796117536,483.9965328936817,277.19619433471945,343.0421309619583,333.8659392943138,444.67972235489185,416.1573199177331,454.4352890376126,237.63940100573367,400.476786926399,467.0966995473217,444.6617415965263,230.24069804663569,421.24645265192606,476.9956311447239,329.0883662631307,308.49474759109785,375.49416309576804,399.5148977606685,451.83814870737655,426.76434303713023,467.17692821289654,465.216993743903,464.10969913167537,465.1596302728582,274.78855367826,428.8159611924157,403.38822324020947,438.6510574391179,411.5329393492601,469.379001500189,257.98169125154413,376.280949069441,404.51935872340755,479.11101200663904,434.375202935332,482.44672809499036,388.50896587637664,433.59205142774806,429.67388920756576,403.00337304392514,371.39987221614757,381.6398540081417,247.66140357239925,389.0342116583279,419.57819460169964,406.6967771668967,271.2586637620612,426.2345050126867,377.7754186169259,457.41991802874435,449.3625925526957
1,30,351.7035188709086,479.7341428560032,426.0528490012698,432.8718666577188,438.6134453576837,449.7295047018192,482.9242587343196,422.30108953634976,404.8612698943025,480.4045374203017,436.9167019779112,289.4869622477078,414.8223653119731,370.19130298195404,445.17054362325695,484.4657469999198,478.4488328568696,387.70953979829113,465.11471356252764,455.14956352476804,336.9957992154869,198.58145076713973,360.0353377981305,449.45524870706214,449.55170282500507,361.18211703972975,443.76405650159387,419.4319408651247,448.36504269272217,446.606641234888,435.0785552350792,462.05640401113686,406.09600217903494,380.6546436278985,330.54148060563415,484.8461549436661,390.2976182988019,440.20814262361387,499.4837057940848,479.3910746615821,485.81461738597596,370.4024123808801,341.54927281378747,453.37665046375633,485.40682412874514,407.80476954208996,470.1523159072358,266.7773240954273,258.26159805678265,446.505101995546,369.8126861375311,225.29902980249537,420.1614233422977,432.48264607723166,462.71507922556,447.590637938198,432.28231633491157,61.75027685704651,465.6852041579456,399.610004837167,369.81970468190843,438.3107239065258,376.388449671829,381.15044984064366,454.34143011525555,373.13122851398384,466.321380205053,319.5625543191868,476.3506243215418,457.5872710511446,364.60997569186424,451.1516518450493,431.64089290673553,483.7537736946192,334.59739819086997,330.79650397800856,478.0914480974228,476.33200455338556,435.63053212067155,361.46933629248616,439.9750990619974,430.0480676201229,427.73148331047287,279.80007659312463,480.460829768312,492.3797209189242,478.7878927162214,401.8316985171921,345.6560581841949,429.98081962995633,471.8126626999334,337.3616113554747,419.73112079240207,493.1137140740354,445.1212841514171,470.11691008348083,417.2138798578107,458.47827326214514,470.9975966161156,483.21452986711125,405.89579739706915,310.8367745706553,431.9006388102614,368.2506312839173,383.5948221502253,486.6588397782695,404.7325757177729,474.569996316524,168.873301480482,426.6271761265375,404.3563762651335,484.33817668239504,391.1159500648022,404.62504518268406,441.20544405858357,152.93940708326784,395.9282001328432,449.915948523547,472.5722631190913,428.23972663676807,320.2581014390622,469.074651338662,380.8227036578165,371.140715630984,371.3969398879254,249.37202376821,472.2979277400564,327.10129148478165,396.99380356190284,336.57594952083946,334.954188298997,418.88029632584033,302.85559799728486,357.75488549577346,484.1009762339129,368.84119628391505,402.1538754991247,475.6559369027824,422.81773392771623,352.6177826948738,451.6923537184896,483.24734570631495,181.51441878338963,474.26978275702595,478.31780267096883,391.107496337838,472.81773317041467,451.11137883558723,485.2084796117536,483.9965328936817,277.19619433471945,343.0421309619583,333.8659392943138,444.67972235489185,416.1573199177331,454.4352890376126,237.63940100573367,400.476786926399,467.0966995473217,444.6617415965263,230.24069804663569,421.24645265192606,476.9956311447239,329.0883662631307,308.49474759109785,375.49416309576804,399.5148977606685,451.83814870737655,426.76434303713023,467.17692821289654,465.216993743903,464.10969913167537,465.1596302728582,274.78855367826,428.8159611924157,403.38822324020947,438.6510574391179,411.5329393492601,469.379001500189,257.98169125154413,376.280949069441,404.51935872340755,479.11101200663904,434.375202935332,482.44672809499036,388.50896587637664,433.59205142774806,429.67388920756576,403.00337304392514,371.39987221614757,381.6398540081417,247.66140357239925,389.0342116583279,419.57819460169964,406.6967771668967,271.2586637620612,426.2345050126867,377.7754186169259,457.41991802874435,449.3625925526957
1,31,351.7035188709086,479.7341428560032,426.0528490012698,432.8718666577188,438.6134453576837,449.7295047018192,482.9242587343196,422.30108953634976,404.8612698943025,480.4045374203017,436.9167019779112,289.4869622477078,414.8223653119731,370.19130298195404,445.17054362325695,484.4657469999198,478.4488328568696,387.70953979829113,465.11471356252764,455.14956352476804,336.9957992154869,198.58145076713973,360.0353377981305,449.45524870706214,449.55170282500507,361.18211703972975,443.76405650159387,419.4319408651247,448.36504269272217,446.606641234888,435.0785552350792,462.05640401113686,406.09600217903494,380.6546436278985,330.54148060563415,484.8461549436661,390.2976182988019,440.20814262361387,499.4837057940848,479.3910746615821,485.81461738597596,370.4024123808801,341.54927281378747,453.37665046375633,485.40682412874514,407.80476954208996,470.1523159072358,266.7773240954273,258.26159805678265,446.505101995546,369.8126861375311,225.29902980249537,420.1614233422977,432.48264607723166,462.71507922556,447.590637938198,432.28231633491157,61.75027685704651,465.6852041579456,399.610004837167,369.81970468190843,438.3107239065258,376.388449671829,381.15044984064366,454.34143011525555,373.13122851398384,466.321380205053,319.5625543191868,476.3506243215418,457.5872710511446,364.60997569186424,451.1516518450493,431.64089290673553,483.7537736946192,334.59739819086997,330.79650397800856,478.0914480974228,476.33200455338556,435.63053212067155,361.46933629248616,439.9750990619974,430.0480676201229,427.73148331047287,279.80007659312463,480.460829768312,492.3797209189242,478.7878927162214,401.8316985171921,345.6560581841949,429.98081962995633,471.8126626999334,337.3616113554747,419.73112079240207,493.1137140740354,445.1212841514171,470.11691008348083,417.2138798578107,458.47827326214514,470.9975966161156,483.21452986711125,405.89579739706915,310.8367745706553,431.9006388102614,368.2506312839173,383.5948221502253,486.6588397782695,404.7325757177729,474.569996316524,168.873301480482,426.6271761265375,404.3563762651335,484.33817668239504,391.1159500648022,404.62504518268406,441.20544405858357,152.93940708326784,395.9282001328432,449.915948523547,472.5722631190913,428.23972663676807,320.2581014390622,469.074651338662,380.8227036578165,371.140715630984,371.3969398879254,249.37202376821,472.2979277400564,327.10129148478165,396.99380356190284,336.57594952083946,334.954188298997,418.88029632584033,302.85559799728486,357.75488549577346,484.1009762339129,368.84119628391505,402.1538754991247,475.6559369027824,422.81773392771623,352.6177826948738,451.6923537184896,483.24734570631495,181.51441878338963,474.26978275702595,478.31780267096883,391.107496337838,472.81773317041467,451.11137883558723,485.2084796117536,483.9965328936817,277.19619433471945,343.0421309619583,333.8659392943138,444.67972235489185,416.1573199177331,454.4352890376126,237.63940100573367,400.476786926399,467.0966995473217,444.6617415965263,230.24069804663569,421.24645265192606,476.9956311447239,329.0883662631307,308.49474759109785,375.49416309576804,399.5148977606685,451.83814870737655,426.76434303713023,467.17692821289654,465.216993743903,464.10969913167537,465.1596302728582,274.78855367826,428.8159611924157,403.38822324020947,438.6510574391179,411.5329393492601,469.379001500189,257.98169125154413,376.280949069441,404.51935872340755,479.11101200663904,434.375202935332,482.44672809499036,388.50896587637664,433.59205142774806,429.67388920756576,403.00337304392514,371.39987221614757,381.6398540081417,247.66140357239925,389.0342116583279,419.57819460169964,406.6967771668967,271.2586637620612,426.2345050126867,377.7754186169259,457.41991802874435,449.3625925526957
1,32,351.7035188709086,479.7341428560032,426.0528490012698,432.8718666577188,438.6134453576837,449.7295047018192,482.9242587343196,422.30108953634976,404.8612698943025,480.4045374203017,436.9167019779112,289.4869622477078,414.8223653119731,370.19130298195404,445.17054362325695,484.4657469999198,478.4488328568696,387.70953979829113,465.11471356252764,455.14956352476804,336.9957992154869,198.58145076713973,360.0353377981305,449.45524870706214,449.55170282500507,361.18211703972975,443.76405650159387,419.4319408651247,448.36504269272217,446.606641234888,435.0785552350792,462.05640401113686,406.09600217903494,380.6546436278985,330.54148060563415,484.8461549436661,390.2976182988019,440.20814262361387,499.4837057940848,479.3910746615821,485.81461738597596,370.4024123808801,341.54927281378747,453.37665046375633,485.40682412874514,407.80476954208996,470.1523159072358,266.7773240954273,258.26159805678265,446.505101995546,369.8126861375311,225.29902980249537,420.1614233422977,432.48264607723166,462.71507922556,447.590637938198,432.28231633491157,61.75027685704651,465.6852041579456,399.610004837167,369.81970468190843,438.3107239065258,376.388449671829,381.15044984064366,454.34143011525555,373.13122851398384,466.321380205053,319.5625543191868,476.3506243215418,457.5872710511446,364.60997569186424,451.1516518450493,431.64089290673553,483.7537736946192,334.59739819086997,330.79650397800856,478.0914480974228,476.33200455338556,435.63053212067155,361.46933629248616,439.9750990619974,430.0480676201229,427.73148331047287,279.80007659312463,480.460829768312,492.3797209189242,478.7878927162214,401.8316985171921,345.6560581841949,429.98081962995633,471.8126626999334,337.3616113554747,419.73112079240207,493.1137140740354,445.1212841514171,470.11691008348083,417.2138798578107,458.47827326214514,470.9975966161156,483.21452986711125,405.89579739706915,310.8367745706553,431.9006388102614,368.2506312839173,383.5948221502253,486.6588397782695,404.7325757177729,474.569996316524,168.873301480482,426.6271761265375,404.3563762651335,484.33817668239504,391.1159500648022,404.62504518268406,441.20544405858357,152.93940708326784,395.9282001328432,449.915948523547,472.5722631190913,428.23972663676807,320.2581014390622,469.074651338662,380.8227036578165,371.140715630984,371.3969398879254,249.37202376821,472.2979277400564,327.10129148478165,396.99380356190284,336.57594952083946,334.954188298997,418.88029632584033,302.85559799728486,357.75488549577346,484.1009762339129,368.84119628391505,402.1538754991247,475.6559369027824,422.81773392771623,352.6177826948738,451.6923537184896,483.24734570631495,181.51441878338963,474.26978275702595,478.31780267096883,391.107496337838,472.81773317041467,451.11137883558723,485.2084796117536,483.9965328936817,277.19619433471945,343.0421309619583,333.8659392943138,444.67972235489185,416.1573199177331,454.4352890376126,237.63940100573367,400.476786926399,467.0966995473217,444.6617415965263,230.24069804663569,421.24645265192606,476.9956311447239,329.0883662631307,308.49474759109785,375.49416309576804,399.5148977606685,451.83814870737655,426.76434303713023,467.17692821289654,465.216993743903,464.10969913167537,465.1596302728582,274.78855367826,428.8159611924157,403.38822324020947,438.6510574391179,411.5329393492601,469.379001500189,257.98169125154413,376.280949069441,404.51935872340755,479.11101200663904,434.375202935332,482.44672809499036,388.50896587637664,433.59205142774806,429.67388920756576,403.00337304392514,371.39987221614757,381.6398540081417,247.66140357239925,389.0342116583279,419.57819460169964,406.6967771668967,271.2586637620612,426.2345050126867,377.7754186169259,457.41991802874435,449.3625925526957
1,33,351.7035188709086,479.7341428560032,426.0528490012698,432.8718666577188,438.6134453576837,449.7295047018192,482.9242587343196,422.30108953634976,404.8612698943025,480.4045374203017,436.9167019779112,289.4869622477078,414.8223653119731,370.19130298195404,445.17054362325695,484.4657469999198,478.4488328568696,387.70953979829113,465.11471356252764,455.14956352476804,336.9957992154869,198.58145076713973,360.0353377981305,449.45524870706214,449.55170282500507,361.18211703972975,443.76405650159387,419.4319408651247,448.36504269272217,446.606641234888,435.0785552350792,462.05640401113686,406.09600217903494,380.6546436278985,330.54148060563415,484.8461549436661,390.2976182988019,440.20814262361387,499.4837057940848,479.3910746615821,485.81461738597596,370.4024123808801,341.54927281378747,453.37665046375633,485.40682412874514,407.80476954208996,470.1523159072358,266.7773240954273,258.26159805678265,446.505101995546,369.8126861375311,225.29902980249537,420.1614233422977,432.48264607723166,462.71507922556,447.590637938198,432.28231633491157,61.75027685704651,465.6852041579456,399.610004837167,369.81970468190843,438.3107239065258,376.388449671829,381.15044984064366,454.34143011525555,373.13122851398384,466.321380205053,319.5625543191868,476.3506243215418,457.5872710511446,364.60997569186424,451.1516518450493,431.64089290673553,483.7537736946192,334.59739819086997,330.79650397800856,478.0914480974228,476.33200455338556,435.63053212067155,361.46933629248616,439.9750990619974,430.0480676201229,427.73148331047287,279.80007659312463,480.460829768312,492.3797209189242,478.7878927162214,401.8316985171921,345.6560581841949,429.98081962995633,471.8126626999334,337.3616113554747,419.73112079240207,493.1137140740354,445.1212841514171,470.11691008348083,417.2138798578107,458.47827326214514,470.9975966161156,483.21452986711125,405.89579739706915,310.8367745706553,431.9006388102614,368.2506312839173,383.5948221502253,486.6588397782695,404.7325757177729,474.569996316524,168.873301480482,426.6271761265375,404.3563762651335,484.33817668239504,391.1159500648022,404.62504518268406,441.20544405858357,152.93940708326784,395.9282001328432,449.915948523547,472.5722631190913,428.23972663676807,320.2581014390622,469.074651338662,380.8227036578165,371.140715630984,371.3969398879254,249.37202376821,472.2979277400564,327.10129148478165,396.99380356190284,336.57594952083946,334.954188298997,418.88029632584033,302.85559799728486,357.75488549577346,484.1009762339129,368.84119628391505,402.1538754991247,475.6559369027824,422.81773392771623,352.6177826948738,451.6923537184896,483.24734570631495,181.51441878338963,474.26978275702595,478.31780267096883,391.107496337838,472.81773317041467,451.11137883558723,485.2084796117536,483.9965328936817,277.19619433471945,343.0421309619583,333.8659392943138,444.67972235489185,416.1573199177331,454.4352890376126,237.63940100573367,400.476786926399,467.0966995473217,444.6617415965263,230.24069804663569,421.24645265192606,476.9956311447239,329.0883662631307,308.49474759109785,375.49416309576804,399.5148977606685,451.83814870737655,426.76434303713023,467.17692821289654,465.216993743903,464.10969913167537,465.1596302728582,274.78855367826,428.8159611924157,403.38822324020947,438.6510574391179,411.5329393492601,469.379001500189,257.98169125154413,376.280949069441,404.51935872340755,479.11101200663904,434.375202935332,482.44672809499036,388.50896587637664,433.59205142774806,429.67388920756576,403.00337304392514,371.39987221614757,381.6398540081417,247.66140357239925,389.0342116583279,419.57819460169964,406.6967771668967,271.2586637620612,426.2345050126867,377.7754186169259,457.41991802874435,449.3625925526957
1,34,351.7035188709086,479.7341428560032,426.0528490012698,432.8718666577188,438.6134453576837,449.7295047018192,482.9242587343196,422.30108953634976,404.8612698943025,480.4045374203017,436.9167019779112,289.4869622477078,414.8223653119731,370.19130298195404,445.17054362325695,484.4657469999198,478.4488328568696,387.70953979829113,465.11471356252764,455.14956352476804,336.9957992154869,198.58145076713973,360.0353377981305,449.45524870706214,449.55170282500507,361.18211703972975,443.76405650159387,419.4319408651247,448.36504269272217,446.606641234888,435.0785552350792,462.05640401113686,406.09600217903494,380.6546436278985,330.54148060563415,484.8461549436661,390.2976182988019,440.20814262361387,499.4837057940848,479.3910746615821,485.81461738597596,370.4024123808801,341.54927281378747,453.37665046375633,485.40682412874514,407.80476954208996,470.1523159072358,266.7773240954273,258.26159805678265,446.505101995546,369.8126861375311,225.29902980249537,420.1614233422977,432.48264607723166,462.71507922556,447.590637938198,432.28231633491157,61.75027685704651,465.6852041579456,399.610004837167,369.81970468190843,438.3107239065258,376.388449671829,381.15044984064366,454.34143011525555,373.13122851398384,466.321380205053,319.5625543191868,476.3506243215418,457.5872710511446,364.60997569186424,451.1516518450493,431.64089290673553,483.7537736946192,334.59739819086997,330.79650397800856,478.0914480974228,476.33200455338556,435.63053212067155,361.46933629248616,439.9750990619974,430.0480676201229,427.73148331047287,279.80007659312463,480.460829768312,492.3797209189242,478.7878927162214,401.8316985171921,345.6560581841949,429.98081962995633,471.8126626999334,337.3616113554747,419.73112079240207,493.1137140740354,445.1212841514171,470.11691008348083,417.2138798578107,458.47827326214514,470.9975966161156,483.21452986711125,405.89579739706915,310.8367745706553,431.9006388102614,368.2506312839173,383.5948221502253,486.6588397782695,404.7325757177729,474.569996316524,168.873301480482,426.6271761265375,404.3563762651335,484.33817668239504,391.1159500648022,404.62504518268406,441.20544405858357,152.93940708326784,395.9282001328432,449.915948523547,472.5722631190913,428.23972663676807,320.2581014390622,469.074651338662,380.8227036578165,371.140715630984,371.3969398879254,249.37202376821,472.2979277400564,327.10129148478165,396.99380356190284,336.57594952083946,334.954188298997,418.88029632584033,302.85559799728486,357.75488549577346,484.1009762339129,368.84119628391505,402.1538754991247,475.6559369027824,422.81773392771623,352.6177826948738,451.6923537184896,483.24734570631495,181.51441878338963,474.26978275702595,478.31780267096883,391.107496337838,472.81773317041467,451.11137883558723,485.2084796117536,483.9965328936817,277.19619433471945,343.0421309619583,333.8659392943138,444.67972235489185,416.1573199177331,454.4352890376126,237.63940100573367,400.476786926399,467.0966995473217,444.6617415965263,230.24069804663569,421.24645265192606,476.9956311447239,329.0883662631307,308.49474759109785,375.49416309576804,399.5148977606685,451.83814870737655,426.76434303713023,467.17692821289654,465.216993743903,464.10969913167537,465.1596302728582,274.78855367826,428.8159611924157,403.38822324020947,438.6510574391179,411.5329393492601,469.379001500189,257.98169125154413,376.280949069441,404.51935872340755,479.11101200663904,434.375202935332,482.44672809499036,388.50896587637664,433.59205142774806,429.67388920756576,403.00337304392514,371.39987221614757,381.6398540081417,247.66140357239925,389.0342116583279,419.57819460169964,406.6967771668967,271.2586637620612,426.2345050126867,377.7754186169259,457.41991802874435,449.3625925526957
1,35,351.7035188709086,479.7341428560032,426.0528490012698,432.8718666577188,438.6134453576837,449.7295047018192,482.9242587343196,422.30108953634976,404.8612698943025,480.4045374203017,436.9167019779112,289.4869622477078,414.8223653119731,370.19130298195404,445.17054362325695,484.4657469999198,478.4488328568696,387.70953979829113,465.11471356252764,455.14956352476804,336.9957992154869,198.58145076713973,360.0353377981305,449.45524870706214,449.55170282500507,361.18211703972975,443.76405650159387,419.4319408651247,448.36504269272217,446.606641234888,435.0785552350792,462.05640401113686,406.09600217903494,380.6546436278985,330.54148060563415,484.8461549436661,390.2976182988019,440.20814262361387,499.4837057940848,479.3910746615821,485.81461738597596,370.4024123808801,341.54927281378747,453.37665046375633,485.40682412874514,407.80476954208996,470.1523159072358,266.7773240954273,258.26159805678265,446.505101995546,369.8126861375311,225.29902980249537,420.1614233422977,432.48264607723166,462.71507922556,447.590637938198,432.28231633491157,61.75027685704651,465.6852041579456,399.610004837167,369.81970468190843,438.3107239065258,376.388449671829,381.15044984064366,454.34143011525555,373.13122851398384,466.321380205053,319.5625543191868,476.3506243215418,457.5872710511446,364.60997569186424,451.1516518450493,431.64089290673553,483.7537736946192,334.59739819086997,330.79650397800856,478.0914480974228,476.33200455338556,435.63053212067155,361.46933629248616,439.9750990619974,430.0480676201229,427.73148331047287,279.80007659312463,480.460829768312,492.3797209189242,478.7878927162214,401.8316985171921,345.6560581841949,429.98081962995633,471.8126626999334,337.3616113554747,419.73112079240207,493.1137140740354,445.1212841514171,470.11691008348083,417.2138798578107,458.47827326214514,470.9975966161156,483.21452986711125,405.89579739706915,310.8367745706553,431.9006388102614,368.2506312839173,383.5948221502253,486.6588397782695,404.7325757177729,474.569996316524,168.873301480482,426.6271761265375,404.3563762651335,484.33817668239504,391.1159500648022,404.62504518268406,441.20544405858357,152.93940708326784,395.9282001328432,449.915948523547,472.5722631190913,428.23972663676807,320.2581014390622,469.074651338662,380.8227036578165,371.140715630984,371.3969398879254,249.37202376821,472.2979277400564,327.10129148478165,396.99380356190284,336.57594952083946,334.954188298997,418.88029632584033,302.85559799728486,357.75488549577346,484.1009762339129,368.84119628391505,402.1538754991247,475.6559369027824,422.81773392771623,352.6177826948738,451.6923537184896,483.24734570631495,181.51441878338963,474.26978275702595,478.31780267096883,391.107496337838,472.81773317041467,451.11137883558723,485.2084796117536,483.9965328936817,277.19619433471945,343.0421309619583,333.8659392943138,444.67972235489185,416.1573199177331,454.4352890376126,237.63940100573367,400.476786926399,467.0966995473217,444.6617415965263,230.24069804663569,421.24645265192606,476.9956311447239,329.0883662631307,308.49474759109785,375.49416309576804,399.5148977606685,451.83814870737655,426.76434303713023,467.17692821289654,465.216993743903,464.10969913167537,465.1596302728582,274.78855367826,428.8159611924157,403.38822324020947,438.6510574391179,411.5329393492601,469.379001500189,257.98169125154413,376.280949069441,404.51935872340755,479.11101200663904,434.375202935332,482.44672809499036,388.50896587637664,433.59205142774806,429.67388920756576,403.00337304392514,371.39987221614757,381.6398540081417,247.66140357239925,389.0342116583279,419.57819460169964,406.6967771668967,271.2586637620612,426.2345050126867,377.7754186169259,457.41991802874435,449.3625925526957
1,36,351.7035188709086,479.7341428560032,426.0528490012698,432.8718666577188,438.6134453576837,449.7295047018192,482.9242587343196,422.30108953634976,404.8612698943025,480.4045374203017,436.9167019779112,289.4869622477078,414.8223653119731,370.19130298195404,445.17054362325695,484.4657469999198,478.4488328568696,387.70953979829113,465.11471356252764,455.14956352476804,336.9957992154869,198.58145076713973,360.0353377981305,449.45524870706214,449.55170282500507,361.18211703972975,443.76405650159387,419.4319408651247,448.36504269272217,446.606641234888,435.0785552350792,462.05640401113686,406.09600217903494,380.6546436278985,330.54148060563415,484.8461549436661,390.2976182988019,440.20814262361387,499.4837057940848,479.3910746615821,485.81461738597596,370.4024123808801,341.54927281378747,453.37665046375633,485.40682412874514,407.80476954208996,470.1523159072358,266.7773240954273,258.26159805678265,446.505101995546,369.8126861375311,225.29902980249537,420.1614233422977,432.48264607723166,462.71507922556,447.590637938198,432.28231633491157,61.75027685704651,465.6852041579456,399.610004837167,369.81970468190843,438.3107239065258,376.388449671829,381.15044984064366,454.34143011525555,373.13122851398384,466.321380205053,319.5625543191868,476.3506243215418,457.5872710511446,364.60997569186424,451.1516518450493,431.64089290673553,483.7537736946192,334.59739819086997,330.79650397800856,478.0914480974228,476.33200455338556,435.63053212067155,361.46933629248616,439.9750990619974,430.0480676201229,427.73148331047287,279.80007659312463,480.460829768312,492.3797209189242,478.7878927162214,401.8316985171921,345.6560581841949,429.98081962995633,471.8126626999334,337.3616113554747,419.73112079240207,493.1137140740354,445.1212841514171,470.11691008348083,417.2138798578107,458.47827326214514,470.9975966161156,483.21452986711125,405.89579739706915,310.8367745706553,431.9006388102614,368.2506312839173,383.5948221502253,486.6588397782695,404.7325757177729,474.569996316524,168.873301480482,426.6271761265375,404.3563762651335,484.33817668239504,391.1159500648022,404.62504518268406,441.20544405858357,152.93940708326784,395.9282001328432,449.915948523547,472.5722631190913,428.23972663676807,320.2581014390622,469.074651338662,380.8227036578165,371.140715630984,371.3969398879254,249.37202376821,472.2979277400564,327.10129148478165,396.99380356190284,336.57594952083946,334.954188298997,418.88029632584033,302.85559799728486,357.75488549577346,484.1009762339129,368.84119628391505,402.1538754991247,475.6559369027824,422.81773392771623,352.6177826948738,451.6923537184896,483.24734570631495,181.51441878338963,474.26978275702595,478.31780267096883,391.107496337838,472.81773317041467,451.11137883558723,485.2084796117536,483.9965328936817,277.19619433471945,343.0421309619583,333.8659392943138,444.67972235489185,416.1573199177331,454.4352890376126,237.63940100573367,400.476786926399,467.0966995473217,444.6617415965263,230.24069804663569,421.24645265192606,476.9956311447239,329.0883662631307,308.49474759109785,375.49416309576804,399.5148977606685,451.83814870737655,426.76434303713023,467.17692821289654,465.216993743903,464.10969913167537,465.1596302728582,274.78855367826,428.8159611924157,403.38822324020947,438.6510574391179,411.5329393492601,469.379001500189,257.98169125154413,376.280949069441,404.51935872340755,479.11101200663904,434.375202935332,482.44672809499036,388.50896587637664,433.59205142774806,429.67388920756576,403.00337304392514,371.39987221614757,381.6398540081417,247.66140357239925,389.0342116583279,419.57819460169964,406.6967771668967,271.2586637620612,426.2345050126867,377.7754186169259,457.41991802874435,449.3625925526957
1,37,351.7035188709086,479.7341428560032,426.0528490012698,432.8718666577188,438.6134453576837,449.7295047018192,482.9242587343196,422.30108953634976,404.8612698943025,480.4045374203017,436.9167019779112,289.4869622477078,414.8223653119731,370.19130298195404,445.17054362325695,484.4657469999198,478.4488328568696,387.70953979829113,465.11471356252764,455.14956352476804,336.9957992154869,198.58145076713973,360.0353377981305,449.45524870706214,449.55170282500507,361.18211703972975,443.76405650159387,419.4319408651247,448.36504269272217,446.606641234888,435.0785552350792,462.05640401113686,406.09600217903494,380.6546436278985,330.54148060563415,484.8461549436661,390.2976182988019,440.20814262361387,499.4837057940848,479.3910746615821,485.81461738597596,370.4024123808801,341.54927281378747,453.37665046375633,485.40682412874514,407.80476954208996,470.1523159072358,266.7773240954273,258.26159805678265,446.505101995546,369.8126861375311,225.29902980249537,420.1614233422977,432.48264607723166,462.71507922556,447.590637938198,432.28231633491157,61.75027685704651,465.6852041579456,399.610004837167,369.81970468190843,438.3107239065258,376.388449671829,381.15044984064366,454.34143011525555,373.13122851398384,466.321380205053,319.5625543191868,476.3506243215418,457.5872710511446,364.60997569186424,451.1516518450493,431.64089290673553,483.7537736946192,334.59739819086997,330.79650397800856,478.0914480974228,476.33200455338556,435.63053212067155,361.46933629248616,439.9750990619974,430.0480676201229,427.73148331047287,279.80007659312463,480.460829768312,492.3797209189242,478.7878927162214,401.8316985171921,345.6560581841949,429.98081962995633,471.8126626999334,337.3616113554747,419.73112079240207,493.1137140740354,445.1212841514171,470.11691008348083,417.2138798578107,458.47827326214514,470.9975966161156,483.21452986711125,405.89579739706915,310.8367745706553,431.9006388102614,368.2506312839173,383.5948221502253,486.6588397782695,404.7325757177729,474.569996316524,168.873301480482,426.6271761265375,404.3563762651335,484.33817668239504,391.1159500648022,404.62504518268406,441.20544405858357,152.93940708326784,395.9282001328432,449.915948523547,472.5722631190913,428.23972663676807,320.2581014390622,469.074651338662,380.8227036578165,371.140715630984,371.3969398879254,249.37202376821,472.2979277400564,327.10129148478165,396.99380356190284,336.57594952083946,334.954188298997,418.88029632584033,302.85559799728486,357.75488549577346,484.1009762339129,368.84119628391505,402.1538754991247,475.6559369027824,422.81773392771623,352.6177826948738,451.6923537184896,483.24734570631495,181.51441878338963,474.26978275702595,478.31780267096883,391.107496337838,472.81773317041467,451.11137883558723,485.2084796117536,483.9965328936817,277.19619433471945,343.0421309619583,333.8659392943138,444.67972235489185,416.1573199177331,454.4352890376126,237.63940100573367,400.476786926399,467.0966995473217,444.6617415965263,230.24069804663569,421.24645265192606,476.9956311447239,329.0883662631307,308.49474759109785,375.49416309576804,399.5148977606685,451.83814870737655,426.76434303713023,467.17692821289654,465.216993743903,464.10969913167537,465.1596302728582,274.78855367826,428.8159611924157,403.38822324020947,438.6510574391179,411.5329393492601,469.379001500189,257.98169125154413,376.280949069441,404.51935872340755,479.11101200663904,434.375202935332,482.44672809499036,388.50896587637664,433.59205142774806,429.67388920756576,403.00337304392514,371.39987221614757,381.6398540081417,247.66140357239925,389.0342116583279,419.57819460169964,406.6967771668967,271.2586637620612,426.2345050126867,377.7754186169259,457.41991802874435,449.3625925526957
1,38,351.7035188709086,479.7341428560032,426.0528490012698,432.8718666577188,438.6134453576837,449.7295047018192,482.9242587343196,422.30108953634976,404.8612698943025,480.4045374203017,436.9167019779112,289.4869622477078,414.8223653119731,370.19130298195404,445.17054362325695,484.4657469999198,478.4488328568696,387.70953979829113,465.11471356252764,455.14956352476804,336.9957992154869,198.58145076713973,360.0353377981305,449.45524870706214,449.55170282500507,361.18211703972975,443.76405650159387,419.4319408651247,448.36504269272217,446.606641234888,435.0785552350792,462.05640401113686,406.09600217903494,380.6546436278985,330.54148060563415,484.8461549436661,390.2976182988019,440.20814262361387,499.4837057940848,479.3910746615821,485.81461738597596,370.4024123808801,341.54927281378747,453.37665046375633,485.40682412874514,407.80476954208996,470.1523159072358,266.7773240954273,258.26159805678265,446.505101995546,369.8126861375311,225.29902980249537,420.1614233422977,432.48264607723166,462.71507922556,447.590637938198,432.28231633491157,61.75027685704651,465.6852041579456,399.610004837167,369.81970468190843,438.3107239065258,376.388449671829,381.15044984064366,454.34143011525555,373.13122851398384,466.321380205053,319.5625543191868,476.3506243215418,457.5872710511446,364.60997569186424,451.1516518450493,431.64089290673553,483.7537736946192,334.59739819086997,330.79650397800856,478.0914480974228,476.33200455338556,435.63053212067155,361.46933629248616,439.9750990619974,430.0480676201229,427.73148331047287,279.80007659312463,480.460829768312,492.3797209189242,478.7878927162214,401.8316985171921,345.6560581841949,429.98081962995633,471.8126626999334,337.3616113554747,419.73112079240207,493.1137140740354,445.1212841514171,470.11691008348083,417.2138798578107,458.47827326214514,470.9975966161156,483.21452986711125,405.89579739706915,310.8367745706553,431.9006388102614,368.2506312839173,383.5948221502253,486.6588397782695,404.7325757177729,474.569996316524,168.873301480482,426.6271761265375,404.3563762651335,484.33817668239504,391.1159500648022,404.62504518268406,441.20544405858357,152.93940708326784,395.9282001328432,449.915948523547,472.5722631190913,428.23972663676807,320.2581014390622,469.074651338662,380.8227036578165,371.140715630984,371.3969398879254,249.37202376821,472.2979277400564,327.10129148478165,396.99380356190284,336.57594952083946,334.954188298997,418.88029632584033,302.85559799728486,357.75488549577346,484.1009762339129,368.84119628391505,402.1538754991247,475.6559369027824,422.81773392771623,352.6177826948738,451.6923537184896,483.24734570631495,181.51441878338963,474.26978275702595,478.31780267096883,391.107496337838,472.81773317041467,451.11137883558723,485.2084796117536,483.9965328936817,277.19619433471945,343.0421309619583,333.8659392943138,444.67972235489185,416.1573199177331,454.4352890376126,237.63940100573367,400.476786926399,467.0966995473217,444.6617415965263,230.24069804663569,421.24645265192606,476.9956311447239,329.0883662631307,308.49474759109785,375.49416309576804,399.5148977606685,451.83814870737655,426.76434303713023,467.17692821289654,465.216993743903,464.10969913167537,465.1596302728582,274.78855367826,428.8159611924157,403.38822324020947,438.6510574391179,411.5329393492601,469.379001500189,257.98169125154413,376.280949069441,404.51935872340755,479.11101200663904,434.375202935332,482.44672809499036,388.50896587637664,433.59205142774806,429.67388920756576,403.00337304392514,371.39987221614757,381.6398540081417,247.66140357239925,389.0342116583279,419.57819460169964,406.6967771668967,271.2586637620612,426.2345050126867,377.7754186169259,457.41991802874435,449.3625925526957
1,39,351.7035188709086,479.7341428560032,426.0528490012698,432.8718666577188,438.6134453576837,449.7295047018192,482.9242587343196,422.30108953634976,404.8612698943025,480.4045374203017,436.9167019779112,289.4869622477078,414.8223653119731,370.19130298195404,445.17054362325695,484.4657469999198,478.4488328568696,387.70953979829113,465.11471356252764,455.14956352476804,336.9957992154869,198.58145076713973,360.0353377981305,449.45524870706214,449.55170282500507,361.18211703972975,443.76405650159387,419.4319408651247,448.36504269272217,446.606641234888,435.0785552350792,462.05640401113686,406.09600217903494,380.6546436278985,330.54148060563415,484.8461549436661,390.2976182988019,440.20814262361387,499.4837057940848,479.3910746615821,485.81461738597596,370.4024123808801,341.54927281378747,453.37665046375633,485.40682412874514,407.80476954208996,470.1523159072358,266.7773240954273,258.26159805678265,446.505101995546,369.8126861375311,225.29902980249537,420.1614233422977,432.48264607723166,462.71507922556,447.590637938198,432.28231633491157,61.75027685704651,465.6852041579456,399.610004837167,369.81970468190843,438.3107239065258,376.388449671829,381.15044984064366,454.34143011525555,373.13122851398384,466.321380205053,319.5625543191868,476.3506243215418,457.5872710511446,364.60997569186424,451.1516518450493,431.64089290673553,483.7537736946192,334.59739819086997,330.79650397800856,478.0914480974228,476.33200455338556,435.63053212067155,361.46933629248616,439.9750990619974,430.0480676201229,427.73148331047287,279.80007659312463,480.460829768312,492.3797209189242,478.7878927162214,401.8316985171921,345.6560581841949,429.98081962995633,471.8126626999334,337.3616113554747,419.73112079240207,493.1137140740354,445.1212841514171,470.11691008348083,417.2138798578107,458.47827326214514,470.9975966161156,483.21452986711125,405.89579739706915,310.8367745706553,431.9006388102614,368.2506312839173,383.5948221502253,486.6588397782695,404.7325757177729,474.569996316524,168.873301480482,426.6271761265375,404.3563762651335,484.33817668239504,391.1159500648022,404.62504518268406,441.20544405858357,152.93940708326784,395.9282001328432,449.915948523547,472.5722631190913,428.23972663676807,320.2581014390622,469.074651338662,380.8227036578165,371.140715630984,371.3969398879254,249.37202376821,472.2979277400564,327.10129148478165,396.99380356190284,336.57594952083946,334.954188298997,418.88029632584033,302.85559799728486,357.75488549577346,484.1009762339129,368.84119628391505,402.1538754991247,475.6559369027824,422.81773392771623,352.6177826948738,451.6923537184896,483.24734570631495,181.51441878338963,474.26978275702595,478.31780267096883,391.107496337838,472.81773317041467,451.11137883558723,485.2084796117536,483.9965328936817,277.19619433471945,343.0421309619583,333.8659392943138,444.67972235489185,416.1573199177331,454.4352890376126,237.63940100573367,400.476786926399,467.0966995473217,444.6617415965263,230.24069804663569,421.24645265192606,476.9956311447239,329.0883662631307,308.49474759109785,375.49416309576804,399.5148977606685,451.83814870737655,426.76434303713023,467.17692821289654,465.216993743903,464.10969913167537,465.1596302728582,274.78855367826,428.8159611924157,403.38822324020947,438.6510574391179,411.5329393492601,469.379001500189,257.98169125154413,376.280949069441,404.51935872340755,479.11101200663904,434.375202935332,482.44672809499036,388.50896587637664,433.59205142774806,429.67388920756576,403.00337304392514,371.39987221614757,381.6398540081417,247.66140357239925,389.0342116583279,419.57819460169964,406.6967771668967,271.2586637620612,426.2345050126867,377.7754186169259,457.41991802874435,449.3625925526957
2,0,476.3506243215418,391.5314884055834,404.1630784935976,478.31780267096883,382.52829541073527,458.30239188548546,388.42000975401254,247.66140357239925,460.69943748975714,439.22520809874555,331.2299589544509,443.90756951618465,357.75488549577346,478.6320703389099,484.37401802700606,423.0634943540836,466.9695150064383,428.8704955639598,286.7899230106988,404.7325757177729,484.857237725197,429.74195511135684,341.1930655326817,370.19130298195404,352.54408201513974,369.95734927841886,492.3797209189242,390.2976182988019,451.1516518450493,447.9128981196117,181.30088424413125,61.526232252510624,361.34339418663404,478.1699121225565,438.3493874425056,420.36072602336816,470.9975966161156,471.1924004104827,484.23243062207786,403.2307487385879,483.21452986711125,480.73444702456567,229.91799028229926,415.73284161818884,428.00003791206194,443.86874208033163,449.05762667418276,446.505101995546,485.5259160601116,382.5602139695302,310.662335597745,432.8718666577188,406.09600217903494,328.49930512840166,368.84119628391505,446.606641234888,237.63940100573367,483.81969572552066,479.11101200663904,302.85559799728486,476.9956311447239,449.53391069846566,384.7359862404088,457.3635833918108,471.7075701448667,434.375202935332,395.4957918902491,444.67972235489185,454.34143011525555,452.2433035555061,277.19619433471945,467.40478261360136,279.99934226087214,432.48264607723166,411.5980919908447,343.0421309619583,436.9167019779112,464.10969913167537,483.24734570631495,376.6180120051737,319.0916371802236,249.37202376821,451.83814870737655,399.24289623025146,427.3866436072727,454.7350113430496,345.6560581841949,320.5865961111046,421.80157742174055,406.0544088972266,369.9247652984614,387.6734269554243,468.14460727010055,368.2506312839173,448.88390968399995,472.82070680224456,409.12937037545476,438.61516412758186,426.5734436125409,374.95268961437233,478.0364526822247,449.915948523547,467.6886635281634,445.1212841514171,458.47827326214514,479.48374916003615,401.5181130916737,484.33817668239504,402.1538754991247,374.07549137915163,404.0781674544732,307.81815558762696,326.6847929668089,478.4488328568696,361.42686348958955,475.6559369027824,416.1573199177331,472.81773317041467,266.376083942933,225.31965450600532,472.8363495097653,455.14956352476804,418.88029632584033,483.40677090425373,198.58145076713973,433.5192005097892,486.6588397782695,329.52545081240646,370.4024123808801,462.0601856740954,371.3969398879254,334.8811630081195,465.216993743903,334.62361239935325,479.80948378419725,371.39987221614757,381.15044984064366,467.43921687585646,491.8488910540018,388.50896587637664,475.49996148986156,421.09245122123764,368.78812488935165,406.6967771668967,438.6510574391179,426.9287339608814,429.67388920756576,473.0396574640326,352.6177826948738,399.610004837167,431.4907331026554,256.8691528934223,414.8223653119731,441.20544405858357,152.19814022705253,482.8321152697477,373.13122851398384,375.63552297613575,274.78855367826,427.73148331047287,364.60997569186424,453.37665046375633,469.90285790677467,467.17692821289654,428.23972663676807,432.28231633491157,438.3107239065258,447.590637938198,495.78544586816525,336.94470056440315,399.4433809061803,483.7537736946192,403.11021066728125,420.1614233422977,419.57819460169964,404.51935872340755,390.3737726832829,337.3616113554747,271.0624866654241,465.1575289187166,480.4045374203017,439.0306503352901,431.9006388102614,484.8461549436661,394.31846311751536,401.51244320248827,475.6525720126528,360.0353377981305,334.59739819086997,428.8159611924157,450.3377144613776,422.07368915386456,470.1523159072358,445.17054362325695,431.4129308949103,380.6546436278985,258.575551103391,336.9957992154869,449.3625925526957,168.06538409753713
2,1,476.3506243215418,391.1159500648022,404.62504518268406,478.31780267096883,382.52829541073527,457.41991802874435,389.0342116583279,247.66140357239925,460.69943748975714,440.20814262361387,330.79650397800856,444.6617415965263,357.75488549577346,478.63966884368193,484.37401802700606,421.24645265192606,466.321380205053,430.0480676201229,286.7899230106988,404.7325757177729,484.4657469999198,429.98081962995633,341.54927281378747,370.19130298195404,350.88364270530275,369.81970468190843,492.3797209189242,390.2976182988019,450.2774174601278,448.36504269272217,181.4087049248021,61.526232252510624,361.46933629248616,479.3910746615821,435.63053212067155,419.73112079240207,470.9975966161156,471.1924004104827,484.23243062207786,403.2307487385879,483.21452986711125,480.460829768312,230.24069804663569,415.73284161818884,426.0528490012698,443.76405650159387,449.45524870706214,446.505101995546,484.41174970514606,382.5602139695302,310.8367745706553,432.8718666577188,406.09600217903494,329.0883662631307,368.84119628391505,446.30180861850636,237.63940100573367,484.1009762339129,479.11101200663904,302.85559799728486,476.9956311447239,449.30396150599955,383.5948221502253,457.5872710511446,470.11691008348083,434.078287145957,395.4957918902491,444.67972235489185,454.34143011525555,450.7633455304396,277.19619433471945,465.1596302728582,279.80007659312463,432.48264607723166,411.5329393492601,343.0421309619583,436.9167019779112,464.10969913167537,483.24734570631495,376.6180120051737,319.5625543191868,249.37202376821,450.95848417014,398.7081103825617,426.76434303713023,454.4352890376126,345.6560581841949,320.2581014390622,419.4319408651247,406.0544088972266,369.21788750707884,387.70953979829113,469.074651338662,368.2506312839173,448.88390968399995,472.5257979546765,407.80476954208996,437.8627549514134,426.2345050126867,376.280949069441,478.0364526822247,449.915948523547,467.0966995473217,445.1212841514171,458.47827326214514,479.7341428560032,401.7741647116884,484.33817668239504,402.1538754991247,374.08478012676505,404.8612698943025,307.81815558762696,327.10129148478165,477.3834100896288,361.18211703972975,475.6559369027824,416.1573199177331,472.81773317041467,266.376083942933,225.29902980249537,472.2979277400564,455.14956352476804,418.88029632584033,483.4005049169395,198.58145076713973,433.5192005097892,486.6588397782695,330.54148060563415,370.4024123808801,458.9869757538317,371.3969398879254,334.954188298997,465.216993743903,333.8659392943138,481.34975578763516,371.39987221614757,381.15044984064366,465.6852041579456,491.39307802721515,388.50896587637664,474.569996316524,421.09245122123764,368.78812488935165,406.6967771668967,438.6510574391179,426.6271761265375,429.67388920756576,473.0396574640326,352.6177826948738,399.610004837167,431.4907331026554,256.8691528934223,414.8223653119731,441.20544405858357,152.19814022705253,482.9242587343196,373.13122851398384,376.388449671829,274.78855367826,427.73148331047287,364.60997569186424,453.37665046375633,469.90285790677467,467.17692821289654,427.9293724539271,432.28231633491157,438.3107239065258,447.590637938198,495.78544586816525,335.6450995205764,399.5012198734811,483.7537736946192,403.11021066728125,420.1614233422977,419.57819460169964,404.51935872340755,390.12147583122885,337.3616113554747,271.0624866654241,465.11471356252764,480.4045374203017,439.0306503352901,431.9006388102614,484.8461549436661,394.31846311751536,401.51244320248827,475.6525720126528,360.0353377981305,334.59739819086997,428.7422031086767,451.11137883558723,422.07368915386456,470.1523159072358,445.17054362325695,431.4129308949103,380.6546436278985,257.98169125154413,336.9957992154869,449.3625925526957,168.2959907178689
2,2,476.3506243215418,391.1159500648022,404.62504518268406,478.31780267096883,382.52829541073527,457.41991802874435,389.0342116583279,247.66140357239925,460.69943748975714,440.20814262361387,330.79650397800856,444.6617415965263,357.75488549577346,478.63966884368193,483.9965328936817,421.24645265192606,466.321380205053,430.0480676201229,286.7899230106988,404.7325757177729,484.4657469999198,431.2014235095146,341.1930655326817,370.19130298195404,351.7035188709086,369.81970468190843,492.3797209189242,390.2976182988019,451.1516518450493,448.36504269272217,181.51441878338963,61.75027685704651,361.46933629248616,479.3910746615821,435.63053212067155,419.73112079240207,470.9975966161156,471.8126626999334,484.23243062207786,403.2307487385879,483.21452986711125,480.73444702456567,230.24069804663569,415.73284161818884,428.8856163404461,443.76405650159387,449.45524870706214,446.505101995546,485.2084796117536,382.5602139695302,310.8367745706553,432.8718666577188,406.09600217903494,329.0883662631307,368.84119628391505,446.606641234888,237.63940100573367,484.1009762339129,479.65482360267526,302.85559799728486,476.9956311447239,449.30396150599955,383.5948221502253,457.5872710511446,470.11691008348083,434.375202935332,395.4957918902491,444.67972235489185,454.34143011525555,451.48181012300927,277.19619433471945,465.1596302728582,280.3949113909326,432.48264607723166,411.5329393492601,344.7152788933313,436.9167019779112,464.10969913167537,483.24734570631495,376.6180120051737,319.5625543191868,249.37202376821,451.83814870737655,399.5148977606685,426.76434303713023,454.4352890376126,345.6560581841949,320.2581014390622,419.4319408651247,406.0544088972266,371.140715630984,387.70953979829113,469.074651338662,368.2506312839173,449.88545601565426,472.5257979546765,407.80476954208996,438.6134453576837,426.2345050126867,376.280949069441,478.0364526822247,449.915948523547,467.0966995473217,445.1212841514171,458.47827326214514,479.7341428560032,401.8316985171921,484.33817668239504,402.14293762023965,374.07549137915163,404.8612698943025,308.49474759109785,327.10129148478165,478.4488328568696,361.42686348958955,475.6559369027824,416.1573199177331,472.81773317041467,266.7773240954273,225.29902980249537,472.2979277400564,455.14956352476804,418.88029632584033,485.81461738597596,198.58145076713973,433.9810086861403,486.6588397782695,330.54148060563415,370.4024123808801,458.9869757538317,371.3969398879254,334.8811630081195,465.216993743903,333.8659392943138,481.34975578763516,371.39987221614757,381.15044984064366,465.6852041579456,493.1137140740354,388.50896587637664,474.78432243650207,422.5000557964448,369.8126861375311,406.6967771668967,439.69542705652276,426.6271761265375,429.67388920756576,472.5722631190913,352.6177826948738,399.610004837167,431.4907331026554,256.8691528934223,414.8223653119731,441.20544405858357,152.19814022705253,482.8321152697477,373.13122851398384,376.388449671829,274.78855367826,427.73148331047287,364.34843591938915,453.37665046375633,469.379001500189,467.17692821289654,428.23972663676807,432.28231633491157,438.3107239065258,447.590637938198,499.4837057940848,335.6450995205764,399.6512887440392,483.7537736946192,403.38822324020947,420.1614233422977,419.57819460169964,404.51935872340755,390.12147583122885,337.3616113554747,271.2586637620612,465.11471356252764,480.4045374203017,437.8111592997461,431.9006388102614,484.8461549436661,394.31846311751536,403.00337304392514,476.33200455338556,360.0353377981305,334.59739819086997,428.8159611924157,450.9382080942838,422.07368915386456,470.1523159072358,442.2761293080063,431.4129308949103,380.6546436278985,257.98169125154413,336.9957992154869,449.3625925526957,168.06538409753713
2,3,476.3506243215418,391.1159500648022,404.62504518268406,478.31780267096883,382.52829541073527,457.41991802874435,389.0342116583279,247.66140357239925,460.69943748975714,440.20814262361387,330.79650397800856,444.6617415965263,357.75488549577346,478.63966884368193,483.9965328936817,421.24645265192606,466.321380205053,430.0480676201229,289.4869622477078,404.7325757177729,484.4657469999198,431.2014235095146,341.1930655326817,370.19130298195404,351.7035188709086,369.81970468190843,492.3797209189242,390.2976182988019,451.1516518450493,448.36504269272217,181.51441878338963,61.75027685704651,361.46933629248616,479.3910746615821,435.63053212067155,419.73112079240207,470.9975966161156,471.8126626999334,484.23243062207786,403.2307487385879,483.21452986711125,480.460829768312,230.24069804663569,417.2138798578107,428.8856163404461,443.76405650159387,449.45524870706214,446.505101995546,485.2084796117536,382.5602139695302,310.8367745706553,432.8718666577188,406.09600217903494,329.0883662631307,368.84119628391505,446.606641234888,237.63940100573367,484.1009762339129,479.11101200663904,304.0130132040221,476.9956311447239,449.30396150599955,383.5948221502253,457.5872710511446,470.11691008348083,434.375202935332,396.99380356190284,444.67972235489185,454.34143011525555,451.48181012300927,277.19619433471945,465.1596302728582,280.3949113909326,432.48264607723166,411.5329393492601,344.7152788933313,436.9167019779112,464.10969913167537,483.24734570631495,377.7754186169259,319.5625543191868,249.37202376821,451.83814870737655,399.5148977606685,426.76434303713023,454.4352890376126,345.6560581841949,320.2581014390622,419.4319408651247,406.0544088972266,371.140715630984,387.70953979829113,469.074651338662,368.2506312839173,448.88390968399995,472.5257979546765,407.80476954208996,438.6134453576837,426.2345050126867,376.280949069441,478.0364526822247,449.915948523547,467.0966995473217,445.1212841514171,458.47827326214514,479.7341428560032,401.8316985171921,484.33817668239504,402.1538754991247,374.08478012676505,404.8612698943025,308.49474759109785,327.10129148478165,478.4488328568696,361.42686348958955,475.6559369027824,416.1573199177331,472.81773317041467,266.7773240954273,225.29902980249537,472.2979277400564,455.14956352476804,418.88029632584033,485.81461738597596,198.58145076713973,433.5192005097892,486.6588397782695,330.54148060563415,370.4024123808801,458.9869757538317,371.3969398879254,334.954188298997,465.216993743903,333.8659392943138,481.34975578763516,371.39987221614757,381.15044984064366,465.6852041579456,493.1137140740354,388.50896587637664,474.569996316524,422.08290945986164,369.8126861375311,406.6967771668967,439.69542705652276,426.6271761265375,429.67388920756576,472.5722631190913,352.6177826948738,399.610004837167,431.4907331026554,256.8691528934223,414.8223653119731,441.2440977809547,152.93940708326784,482.9242587343196,373.13122851398384,376.388449671829,274.78855367826,427.73148331047287,364.60997569186424,453.37665046375633,469.379001500189,467.17692821289654,428.23972663676807,432.28231633491157,438.3107239065258,447.590637938198,499.4837057940848,335.6450995205764,399.5012198734811,483.7537736946192,403.38822324020947,420.1614233422977,419.57819460169964,404.51935872340755,390.3737726832829,337.3616113554747,271.2586637620612,465.11471356252764,480.4045374203017,437.8111592997461,431.9006388102614,484.8461549436661,394.31846311751536,401.51244320248827,476.33200455338556,360.0353377981305,334.59739819086997,428.8159611924157,451.11137883558723,422.07368915386456,470.1523159072358,445.17054362325695,435.0785552350792,380.6546436278985,257.98169125154413,336.9957992154869,449.3625925526957,168.06538409753713
2,4,476.3506243215418,391.1159500648022,404.62504518268406,478.31780267096883,382.52829541073527,457.41991802874435,389.0342116583279,247.66140357239925,460.69943748975714,440.20814262361387,330.79650397800856,444.6617415965263,357.75488549577346,478.63966884368193,483.9965328936817,421.24645265192606,466.321380205053,430.0480676201229,289.4869622477078,404.7325757177729,484.4657469999198,431.2014235095146,341.1930655326817,370.19130298195404,351.7035188709086,369.81970468190843,492.3797209189242,390.2976182988019,451.1516518450493,448.36504269272217,181.51441878338963,61.75027685704651,361.46933629248616,479.3910746615821,435.63053212067155,419.73112079240207,470.9975966161156,471.8126626999334,485.40682412874514,404.3563762651335,483.21452986711125,480.460829768312,230.24069804663569,417.2138798578107,428.8856163404461,443.76405650159387,449.45524870706214,446.505101995546,485.2084796117536,382.5602139695302,310.8367745706553,432.8718666577188,406.09600217903494,329.0883662631307,368.84119628391505,447.2287890280938,237.63940100573367,484.1009762339129,479.11101200663904,304.0130132040221,476.9956311447239,449.30396150599955,383.5948221502253,457.5872710511446,470.11691008348083,434.375202935332,396.99380356190284,444.67972235489185,454.34143011525555,451.48181012300927,277.19619433471945,465.1596302728582,280.3949113909326,432.48264607723166,411.5329393492601,344.7152788933313,436.9167019779112,464.10969913167537,483.24734570631495,377.7754186169259,319.5625543191868,249.37202376821,451.83814870737655,399.5148977606685,426.76434303713023,454.4352890376126,345.6560581841949,320.2581014390622,419.4319408651247,406.0544088972266,371.140715630984,387.70953979829113,469.074651338662,368.2506312839173,448.88390968399995,472.5257979546765,407.80476954208996,438.6134453576837,426.2345050126867,376.280949069441,478.0364526822247,449.915948523547,467.0966995473217,445.1212841514171,458.47827326214514,479.7341428560032,401.8316985171921,484.33817668239504,402.1538754991247,374.08478012676505,404.8612698943025,308.49474759109785,327.10129148478165,478.4488328568696,361.42686348958955,475.6559369027824,416.1573199177331,472.81773317041467,266.7773240954273,225.29902980249537,472.2979277400564,455.14956352476804,418.88029632584033,485.81461738597596,198.58145076713973,433.9810086861403,486.6588397782695,330.54148060563415,370.4024123808801,458.9869757538317,371.3969398879254,334.954188298997,465.216993743903,333.8659392943138,481.34975578763516,371.39987221614757,381.15044984064366,465.6852041579456,493.1137140740354,388.50896587637664,474.569996316524,422.08290945986164,369.8126861375311,406.6967771668967,439.69542705652276,426.6271761265375,429.67388920756576,472.5722631190913,352.6177826948738,399.610004837167,431.4907331026554,256.8691528934223,414.8223653119731,441.20544405858357,152.93940708326784,482.9242587343196,373.13122851398384,376.388449671829,274.78855367826,427.73148331047287,364.60997569186424,453.37665046375633,469.379001500189,467.17692821289654,428.23972663676807,432.28231633491157,438.3107239065258,447.590637938198,499.4837057940848,335.6450995205764,399.5012198734811,483.7537736946192,403.38822324020947,420.1614233422977,419.57819460169964,404.51935872340755,390.3737726832829,337.3616113554747,271.2586637620612,465.11471356252764,480.4045374203017,437.8111592997461,431.9006388102614,484.8461549436661,394.31846311751536,401.51244320248827,476.33200455338556,360.0353377981305,334.59739819086997,428.8159611924157,451.11137883558723,422.30108953634976,470.1523159072358,445.17054362325695,435.0785552350792,380.6546436278985,257.98169125154413,336.9957992154869,449.3625925526957,168.2959907178689
2,5,476.3506243215418,391.1159500648022,404.62504518268406,478.31780267096883,382.52829541073527,457.41991802874435,389.0342116583279,247.66140357239925,460.69943748975714,440.20814262361387,330.79650397800856,444.6617415965263,357.75488549577346,478.63966884368193,483.9965328936817,421.24645265192606,466.321380205053,430.0480676201229,289.4869622477078,404.7325757177729,484.4657469999198,431.2014235095146,341.1930655326817,370.19130298195404,351.7035188709086,369.81970468190843,492.3797209189242,390.2976182988019,451.1516518450493,448.36504269272217,181.51441878338963,61.75027685704651,361.46933629248616,479.3910746615821,435.63053212067155,419.73112079240207,470.9975966161156,471.8126626999334,485.40682412874514,404.3563762651335,483.21452986711125,480.460829768312,230.24069804663569,417.2138798578107,428.8856163404461,443.76405650159387,449.45524870706214,446.505101995546,485.2084796117536,382.5602139695302,310.8367745706553,432.8718666577188,406.09600217903494,329.0883662631307,368.84119628391505,447.2287890280938,237.63940100573367,484.1009762339129,479.11101200663904,304.0130132040221,476.9956311447239,449.7295047018192,383.5948221502253,457.5872710511446,470.11691008348083,434.375202935332,396.99380356190284,444.67972235489185,454.34143011525555,451.48181012300927,277.19619433471945,465.1596302728582,280.3949113909326,432.48264607723166,411.5329393492601,344.7152788933313,436.9167019779112,464.10969913167537,483.24734570631495,377.7754186169259,319.5625543191868,249.37202376821,451.83814870737655,399.5148977606685,426.76434303713023,454.4352890376126,345.6560581841949,320.2581014390622,419.4319408651247,406.0544088972266,371.140715630984,387.70953979829113,469.074651338662,368.2506312839173,449.88545601565426,472.5257979546765,407.80476954208996,438.6134453576837,426.2345050126867,376.280949069441,478.0364526822247,449.915948523547,467.0966995473217,445.1212841514171,458.47827326214514,479.7341428560032,401.8316985171921,484.33817668239504,402.1538754991247,375.49416309576804,404.8612698943025,308.49474759109785,327.10129148478165,478.4488328568696,361.42686348958955,475.6559369027824,416.1573199177331,472.81773317041467,266.7773240954273,225.29902980249537,472.2979277400564,455.14956352476804,418.88029632584033,485.81461738597596,198.58145076713973,433.9810086861403,486.6588397782695,330.54148060563415,370.4024123808801,458.9869757538317,371.3969398879254,334.954188298997,465.216993743903,333.8659392943138,481.34975578763516,371.39987221614757,381.15044984064366,465.6852041579456,493.1137140740354,388.50896587637664,474.569996316524,422.08290945986164,369.8126861375311,406.6967771668967,439.69542705652276,426.6271761265375,429.67388920756576,472.5722631190913,352.6177826948738,399.610004837167,431.4907331026554,256.8691528934223,414.8223653119731,441.2440977809547,152.93940708326784,482.9242587343196,373.13122851398384,376.388449671829,274.78855367826,429.1652088614893,364.60997569186424,453.37665046375633,469.379001500189,467.17692821289654,428.23972663676807,432.28231633491157,438.3107239065258,447.590637938198,499.4837057940848,335.6450995205764,399.5012198734811,483.7537736946192,403.38822324020947,420.1614233422977,419.57819460169964,404.51935872340755,390.3737726832829,337.3616113554747,271.2586637620612,465.11471356252764,480.4045374203017,437.8111592997461,431.9006388102614,484.8461549436661,394.55961663330186,401.51244320248827,476.33200455338556,360.0353377981305,334.59739819086997,428.8159611924157,451.11137883558723,422.30108953634976,470.1523159072358,445.17054362325695,435.0785552350792,380.6546436278985,257.98169125154413,336.9957992154869,449.3625925526957,168.873301480482
2,6,476.3506243215418,391.1159500648022,404.62504518268406,478.31780267096883,382.52829541073527,457.41991802874435,389.0342116583279,247.66140357239925,460.69943748975714,440.20814262361387,330.79650397800856,444.6617415965263,357.75488549577346,478.63966884368193,483.9965328936817,421.24645265192606,466.321380205053,430.0480676201229,289.4869622477078,404.7325757177729,484.4657469999198,431.2014235095146,341.1930655326817,370.19130298195404,351.7035188709086,369.81970468190843,492.3797209189242,390.2976182988019,451.1516518450493,448.36504269272217,181.51441878338963,61.75027685704651,361.46933629248616,479.3910746615821,435.63053212067155,419.73112079240207,470.9975966161156,471.8126626999334,485.40682412874514,404.3563762651335,483.21452986711125,480.460829768312,230.24069804663569,417.2138798578107,428.8856163404461,443.76405650159387,449.45524870706214,446.505101995546,485.2084796117536,382.5602139695302,310.8367745706553,432.8718666577188,406.09600217903494,329.0883662631307,368.84119628391505,447.6150031919457,237.63940100573367,484.1009762339129,479.11101200663904,304.0130132040221,476.9956311447239,449.7295047018192,383.5948221502253,457.5872710511446,470.11691008348083,434.375202935332,396.99380356190284,444.67972235489185,454.34143011525555,451.48181012300927,277.19619433471945,465.1596302728582,280.3949113909326,432.48264607723166,411.5329393492601,344.7152788933313,436.9167019779112,464.10969913167537,483.24734570631495,377.7754186169259,319.5625543191868,249.37202376821,451.83814870737655,399.5148977606685,426.76434303713023,454.4352890376126,345.6560581841949,320.2581014390622,419.4319408651247,406.0544088972266,371.140715630984,387.70953979829113,469.074651338662,368.2506312839173,449.88545601565426,472.5257979546765,407.80476954208996,438.6134453576837,426.2345050126867,376.280949069441,478.0364526822247,449.915948523547,467.0966995473217,445.1212841514171,458.47827326214514,479.7341428560032,401.8316985171921,484.33817668239504,402.1538754991247,375.49416309576804,404.8612698943025,308.7124452073217,327.10129148478165,478.4488328568696,361.42686348958955,475.6559369027824,416.1573199177331,472.81773317041467,266.7773240954273,225.29902980249537,472.2979277400564,455.14956352476804,418.88029632584033,485.81461738597596,198.58145076713973,433.9810086861403,486.6588397782695,330.54148060563415,370.4024123808801,458.9869757538317,371.3969398879254,334.954188298997,465.216993743903,333.8659392943138,481.34975578763516,371.39987221614757,381.15044984064366,465.6852041579456,493.1137140740354,388.50896587637664,474.569996316524,422.08290945986164,369.8126861375311,406.6967771668967,439.69542705652276,426.6271761265375,429.67388920756576,472.5722631190913,352.6177826948738,399.610004837167,431.4907331026554,256.8691528934223,414.8223653119731,441.20544405858357,152.93940708326784,482.9242587343196,373.13122851398384,376.388449671829,274.78855367826,429.1652088614893,364.60997569186424,453.37665046375633,469.379001500189,467.17692821289654,428.23972663676807,432.28231633491157,438.3107239065258,447.590637938198,499.4837057940848,335.6450995205764,399.5012198734811,483.7537736946192,403.38822324020947,420.1614233422977,419.57819460169964,404.51935872340755,390.3737726832829,337.3616113554747,271.2586637620612,465.11471356252764,480.4045374203017,437.8111592997461,431.9006388102614,484.8461549436661,394.55961663330186,401.51244320248827,476.33200455338556,360.0353377981305,334.59739819086997,428.7422031086767,451.11137883558723,422.30108953634976,470.1523159072358,445.17054362325695,435.0785552350792,380.6546436278985,257.98169125154413,336.9957992154869,449.3625925526957,168.873301480482
2,7,476.3506243215418,391.1159500648022,404.62504518268406,478.31780267096883,382.52829541073527,457.41991802874435,389.0342116583279,247.66140357239925,460.69943748975714,440.20814262361387,330.79650397800856,444.6617415965263,357.75488549577346,478.63966884368193,483.9965328936817,421.24645265192606,466.321380205053,430.0480676201229,289.4869622477078,404.7325757177729,484.4657469999198,431.2014235095146,341.1930655326817,370.19130298195404,351.7035188709086,369.81970468190843,492.3797209189242,390.2976182988019,451.1516518450493,448.36504269272217,181.51441878338963,61.75027685704651,361.46933629248616,479.3910746615821,435.63053212067155,419.73112079240207,470.9975966161156,471.8126626999334,485.40682412874514,404.3563762651335,483.21452986711125,480.460829768312,230.24069804663569,417.2138798578107,428.8856163404461,443.76405650159387,449.45524870706214,446.505101995546,485.2084796117536,382.5602139695302,310.8367745706553,432.8718666577188,406.09600217903494,329.0883662631307,368.84119628391505,447.6150031919457,237.63940100573367,484.1009762339129,479.11101200663904,304.0130132040221,476.9956311447239,449.7295047018192,383.5948221502253,457.5872710511446,470.11691008348083,434.375202935332,396.99380356190284,444.67972235489185,454.34143011525555,451.48181012300927,277.19619433471945,465.1596302728582,280.3949113909326,432.48264607723166,411.5329393492601,344.7152788933313,436.9167019779112,464.10969913167537,483.24734570631495,377.7754186169259,319.5625543191868,249.37202376821,451.83814870737655,399.5148977606685,426.76434303713023,454.4352890376126,345.6560581841949,320.2581014390622,419.4319408651247,406.0544088972266,371.140715630984,387.70953979829113,469.074651338662,368.2506312839173,449.88545601565426,472.5257979546765,407.80476954208996,438.6134453576837,426.2345050126867,376.280949069441,478.0364526822247,449.915948523547,467.0966995473217,445.1212841514171,458.47827326214514,479.7341428560032,401.8316985171921,484.33817668239504,402.14293762023965,375.49416309576804,404.8612698943025,308.7124452073217,327.10129148478165,478.4488328568696,361.42686348958955,475.6559369027824,416.1573199177331,472.81773317041467,266.7773240954273,225.29902980249537,472.2979277400564,455.14956352476804,418.88029632584033,485.81461738597596,198.58145076713973,433.9810086861403,486.6588397782695,330.54148060563415,370.4024123808801,458.9869757538317,371.3969398879254,334.954188298997,465.216993743903,333.8659392943138,481.34975578763516,371.39987221614757,381.15044984064366,465.6852041579456,493.1137140740354,388.50896587637664,474.569996316524,422.08290945986164,369.8126861375311,406.6967771668967,439.69542705652276,426.6271761265375,429.67388920756576,472.5722631190913,352.6177826948738,399.610004837167,431.4907331026554,256.8691528934223,414.8223653119731,441.20544405858357,152.97748960251488,482.9242587343196,373.13122851398384,376.388449671829,274.78855367826,429.1652088614893,364.60997569186424,453.37665046375633,469.379001500189,467.17692821289654,428.23972663676807,432.28231633491157,438.3107239065258,447.590637938198,499.4837057940848,335.6450995205764,399.5012198734811,483.7537736946192,403.38822324020947,420.1614233422977,419.57819460169964,404.51935872340755,390.3737726832829,337.3616113554747,271.2586637620612,465.11471356252764,480.4045374203017,437.8111592997461,431.9006388102614,484.8461549436661,394.55961663330186,401.51244320248827,476.33200455338556,360.0353377981305,334.59739819086997,428.7422031086767,451.11137883558723,422.30108953634976,470.1523159072358,445.17054362325695,435.0785552350792,380.6546436278985,257.98169125154413,336.9957992154869,449.3625925526957,168.873301480482
2,8,476.3506243215418,391.1159500648022,404.62504518268406,478.31780267096883,382.52829541073527,457.41991802874435,389.0342116583279,247.66140357239925,460.69943748975714,440.20814262361387,330.79650397800856,444.6617415965263,357.75488549577346,478.63966884368193,483.9965328936817,421.24645265192606,466.321380205053,430.0480676201229,289.4869622477078,404.7325757177729,484.4657469999198,431.2014235095146,341.1930655326817,370.19130298195404,351.7035188709086,369.81970468190843,492.3797209189242,390.2976182988019,451.1516518450493,448.36504269272217,181.51441878338963,61.75027685704651,361.46933629248616,479.3910746615821,435.63053212067155,419.73112079240207,470.9975966161156,471.8126626999334,485.40682412874514,404.3563762651335,483.21452986711125,480.460829768312,230.24069804663569,417.2138798578107,428.8856163404461,443.76405650159387,449.45524870706214,446.505101995546,485.2084796117536,382.5602139695302,310.8367745706553,432.8718666577188,406.09600217903494,329.0883662631307,368.84119628391505,447.6150031919457,237.63940100573367,484.1009762339129,479.11101200663904,304.0130132040221,476.9956311447239,449.7295047018192,383.5948221502253,457.5872710511446,470.11691008348083,434.375202935332,396.99380356190284,444.67972235489185,454.34143011525555,451.48181012300927,277.19619433471945,465.1596302728582,280.3949113909326,432.48264607723166,411.5329393492601,344.7152788933313,436.9167019779112,464.10969913167537,483.24734570631495,377.7754186169259,319.5625543191868,249.37202376821,451.83814870737655,399.5148977606685,426.76434303713023,454.4352890376126,345.6560581841949,320.2581014390622,419.4319408651247,406.0544088972266,371.140715630984,387.70953979829113,469.074651338662,368.2506312839173,449.88545601565426,472.5257979546765,407.80476954208996,438.6134453576837,426.2345050126867,376.280949069441,478.0364526822247,449.915948523547,467.0966995473217,445.1212841514171,458.47827326214514,479.7341428560032,401.8316985171921,484.33817668239504,402.14293762023965,375.49416309576804,404.8612698943025,308.7124452073217,327.10129148478165,478.4488328568696,361.42686348958955,475.6559369027824,416.1573199177331,472.81773317041467,266.7773240954273,225.29902980249537,472.2979277400564,455.14956352476804,418.88029632584033,485.81461738597596,198.58145076713973,433.9810086861403,486.6588397782695,330.54148060563415,370.4024123808801,458.9869757538317,371.3969398879254,334.954188298997,465.216993743903,333.8659392943138,481.34975578763516,371.39987221614757,381.15044984064366,465.6852041579456,493.1137140740354,388.50896587637664,474.569996316524,422.08290945986164,369.8126861375311,406.6967771668967,439.69542705652276,426.6271761265375,429.67388920756576,472.5722631190913,352.6177826948738,399.610004837167,431.4907331026554,256.8691528934223,414.8223653119731,441.20544405858357,152.97748960251488,482.9242587343196,373.13122851398384,376.388449671829,274.78855367826,429.1652088614893,364.60997569186424,453.37665046375633,469.379001500189,467.17692821289654,428.23972663676807,432.28231633491157,438.3107239065258,447.590637938198,499.4837057940848,335.6450995205764,399.5012198734811,483.7537736946192,403.38822324020947,420.1614233422977,419.57819460169964,404.51935872340755,390.3737726832829,337.3616113554747,271.2586637620612,465.11471356252764,480.4045374203017,437.8111592997461,431.9006388102614,484.8461549436661,394.55961663330186,401.51244320248827,476.33200455338556,360.0353377981305,334.59739819086997,428.7422031086767,451.11137883558723,422.30108953634976,470.1523159072358,445.17054362325695,435.0785552350792,380.6546436278985,257.98169125154413,336.9957992154869,449.3625925526957,168.873301480482
2,9,476.3506243215418,391.1159500648022,404.62504518268406,478.31780267096883,382.52829541073527,457.41991802874435,389.0342116583279,247.66140357239925,460.69943748975714,440.20814262361387,330.79650397800856,444.6617415965263,357.75488549577346,478.63966884368193,483.9965328936817,421.24645265192606,466.321380205053,430.0480676201229,289.4869622477078,404.7325757177729,484.4657469999198,431.2014235095146,341.1930655326817,370.19130298195404,351.7035188709086,369.81970468190843,492.3797209189242,390.2976182988019,451.1516518450493,448.36504269272217,181.51441878338963,61.75027685704651,361.46933629248616,479.3910746615821,435.63053212067155,419.73112079240207,470.9975966161156,471.8126626999334,485.40682412874514,404.3563762651335,483.21452986711125,480.460829768312,230.24069804663569,417.2138798578107,428.8856163404461,443.76405650159387,449.45524870706214,446.505101995546,485.2084796117536,382.5602139695302,310.8367745706553,432.8718666577188,406.09600217903494,329.0883662631307,368.84119628391505,447.6150031919457,237.63940100573367,484.1009762339129,479.11101200663904,304.0130132040221,476.9956311447239,449.7295047018192,383.5948221502253,457.5872710511446,470.11691008348083,434.375202935332,396.99380356190284,444.67972235489185,454.34143011525555,451.48181012300927,277.19619433471945,465.1596302728582,280.3949113909326,432.48264607723166,411.5329393492601,344.7152788933313,436.9167019779112,464.10969913167537,483.24734570631495,377.7754186169259,319.5625543191868,249.37202376821,451.83814870737655,399.5148977606685,426.76434303713023,454.4352890376126,345.6560581841949,320.2581014390622,419.4319408651247,406.0544088972266,371.140715630984,387.70953979829113,469.074651338662,368.2506312839173,449.88545601565426,472.5257979546765,407.80476954208996,438.6134453576837,426.2345050126867,376.280949069441,478.0364526822247,449.915948523547,467.0966995473217,445.1212841514171,458.47827326214514,479.7341428560032,401.8316985171921,484.33817668239504,402.14293762023965,375.49416309576804,404.8612698943025,308.7124452073217,327.10129148478165,478.4488328568696,361.42686348958955,475.6559369027824,416.1573199177331,472.81773317041467,266.7773240954273,225.29902980249537,472.2979277400564,455.14956352476804,418.88029632584033,485.81461738597596,198.58145076713973,433.9810086861403,486.6588397782695,330.54148060563415,370.4024123808801,458.9869757538317,371.3969398879254,334.954188298997,465.216993743903,333.8659392943138,481.34975578763516,371.39987221614757,381.15044984064366,465.6852041579456,493.1137140740354,388.50896587637664,474.569996316524,422.08290945986164,369.8126861375311,406.6967771668967,439.69542705652276,426.6271761265375,429.67388920756576,472.5722631190913,352.6177826948738,399.610004837167,431.4907331026554,256.8691528934223,414.8223653119731,441.20544405858357,152.97748960251488,482.9242587343196,373.13122851398384,376.388449671829,274.78855367826,429.1652088614893,364.60997569186424,453.37665046375633,469.379001500189,467.17692821289654,428.23972663676807,432.28231633491157,438.3107239065258,447.590637938198,499.4837057940848,335.6450995205764,399.5012198734811,483.7537736946192,403.38822324020947,420.1614233422977,419.57819460169964,404.51935872340755,390.3737726832829,337.3616113554747,271.2586637620612,465.11471356252764,480.4045374203017,437.8111592997461,431.9006388102614,484.8461549436661,394.55961663330186,401.51244320248827,476.33200455338556,360.0353377981305,334.59739819086997,428.7422031086767,451.11137883558723,422.30108953634976,470.1523159072358,445.17054362325695,435.0785552350792,380.6546436278985,257.98169125154413,336.9957992154869,449.3625925526957,168.873301480482
2,10,476.3506243215418,391.1159500648022,404.62504518268406,478.31780267096883,382.52829541073527,457.41991802874435,389.0342116583279,247.66140357239925,460.69943748975714,440.20814262361387,330.79650397800856,444.6617415965263,357.75488549577346,478.63966884368193,483.9965328936817,421.24645265192606,466.321380205053,430.0480676201229,289.4869622477078,404.7325757177729,484.4657469999198,431.2014235095146,341.1930655326817,370.19130298195404,351.7035188709086,369.81970468190843,492.3797209189242,390.2976182988019,451.1516518450493,448.36504269272217,181.51441878338963,61.75027685704651,361.46933629248616,479.3910746615821,435.63053212067155,419.73112079240207,470.9975966161156,471.8126626999334,485.40682412874514,404.3563762651335,483.21452986711125,480.460829768312,230.24069804663569,417.2138798578107,428.8856163404461,443.76405650159387,449.45524870706214,446.505101995546,485.2084796117536,382.5602139695302,310.8367745706553,432.8718666577188,406.09600217903494,329.0883662631307,368.84119628391505,447.6150031919457,237.63940100573367,484.1009762339129,479.11101200663904,304.0130132040221,476.9956311447239,449.7295047018192,383.5948221502253,457.5872710511446,470.11691008348083,434.375202935332,396.99380356190284,444.67972235489185,454.34143011525555,451.48181012300927,277.19619433471945,465.1596302728582,280.3949113909326,432.48264607723166,411.5329393492601,344.7152788933313,436.9167019779112,464.10969913167537,483.24734570631495,377.7754186169259,319.5625543191868,249.37202376821,451.83814870737655,399.5148977606685,426.76434303713023,454.4352890376126,345.6560581841949,320.2581014390622,419.4319408651247,406.0544088972266,371.140715630984,387.70953979829113,469.074651338662,368.2506312839173,449.88545601565426,472.5257979546765,407.80476954208996,438.6134453576837,426.2345050126867,376.280949069441,478.0364526822247,449.915948523547,467.0966995473217,445.1212841514171,458.47827326214514,479.7341428560032,401.8316985171921,484.33817668239504,402.14293762023965,375.49416309576804,404.8612698943025,308.7124452073217,327.10129148478165,478.4488328568696,361.42686348958955,475.6559369027824,416.1573199177331,472.81773317041467,266.7773240954273,225.29902980249537,472.2979277400564,455.14956352476804,418.88029632584033,485.81461738597596,198.58145076713973,433.9810086861403,486.6588397782695,330.54148060563415,370.4024123808801,458.9869757538317,371.3969398879254,334.954188298997,465.216993743903,333.8659392943138,481.34975578763516,371.39987221614757,381.15044984064366,465.6852041579456,493.1137140740354,388.50896587637664,474.569996316524,422.08290945986164,369.8126861375311,406.6967771668967,439.69542705652276,426.6271761265375,429.67388920756576,472.5722631190913,352.6177826948738,399.610004837167,431.4907331026554,256.8691528934223,414.8223653119731,441.20544405858357,152.97748960251488,482.9242587343196,373.13122851398384,376.388449671829,274.78855367826,429.1652088614893,364.60997569186424,453.37665046375633,469.379001500189,467.17692821289654,428.23972663676807,432.28231633491157,438.3107239065258,447.590637938198,499.4837057940848,335.6450995205764,399.5012198734811,483.7537736946192,403.38822324020947,420.1614233422977,419.57819460169964,404.51935872340755,390.3737726832829,337.3616113554747,271.2586637620612,465.11471356252764,480.4045374203017,437.8111592997461,431.9006388102614,484.8461549436661,394.55961663330186,401.51244320248827,476.33200455338556,360.0353377981305,334.59739819086997,428.7422031086767,451.11137883558723,422.30108953634976,470.1523159072358,445.17054362325695,435.0785552350792,380.6546436278985,257.98169125154413,336.9957992154869,449.3625925526957,168.873301480482
2,11,476.3506243215418,391.1159500648022,404.62504518268406,478.31780267096883,382.52829541073527,457.41991802874435,389.0342116583279,247.66140357239925,460.69943748975714,440.20814262361387,330.79650397800856,444.6617415965263,357.75488549577346,478.63966884368193,483.9965328936817,421.24645265192606,466.321380205053,430.0480676201229,289.4869622477078,404.7325757177729,484.4657469999198,431.2014235095146,341.1930655326817,370.19130298195404,351.7035188709086,369.81970468190843,492.3797209189242,390.2976182988019,451.1516518450493,448.36504269272217,181.51441878338963,61.75027685704651,361.46933629248616,479.3910746615821,435.63053212067155,419.73112079240207,470.9975966161156,471.8126626999334,485.40682412874514,404.3563762651335,483.21452986711125,480.460829768312,230.24069804663569,417.2138798578107,428.8856163404461,443.76405650159387,449.45524870706214,446.505101995546,485.2084796117536,382.5602139695302,310.8367745706553,432.8718666577188,406.09600217903494,329.0883662631307,368.84119628391505,447.6150031919457,237.63940100573367,484.1009762339129,479.11101200663904,304.0130132040221,476.9956311447239,449.7295047018192,383.5948221502253,457.5872710511446,470.11691008348083,434.375202935332,396.99380356190284,444.67972235489185,454.34143011525555,451.48181012300927,277.19619433471945,465.1596302728582,280.3949113909326,432.48264607723166,411.5329393492601,344.7152788933313,436.9167019779112,464.10969913167537,483.24734570631495,377.7754186169259,319.5625543191868,249.37202376821,451.83814870737655,399.5148977606685,426.76434303713023,454.4352890376126,345.6560581841949,320.2581014390622,419.4319408651247,406.0544088972266,371.140715630984,387.70953979829113,469.074651338662,368.2506312839173,449.88545601565426,472.5257979546765,407.80476954208996,438.6134453576837,426.2345050126867,376.280949069441,478.0364526822247,449.915948523547,467.0966995473217,445.1212841514171,458.47827326214514,479.7341428560032,401.8316985171921,484.33817668239504,402.14293762023965,375.49416309576804,404.8612698943025,308.7124452073217,327.10129148478165,478.4488328568696,361.42686348958955,475.6559369027824,416.1573199177331,472.81773317041467,266.7773240954273,225.29902980249537,472.2979277400564,455.14956352476804,418.88029632584033,485.81461738597596,198.58145076713973,433.9810086861403,486.6588397782695,330.54148060563415,370.4024123808801,458.9869757538317,371.3969398879254,334.954188298997,465.216993743903,333.8659392943138,481.34975578763516,371.39987221614757,381.15044984064366,465.6852041579456,493.1137140740354,388.50896587637664,474.569996316524,422.08290945986164,369.8126861375311,406.6967771668967,439.69542705652276,426.6271761265375,429.67388920756576,472.5722631190913,352.6177826948738,399.610004837167,431.4907331026554,256.8691528934223,414.8223653119731,441.20544405858357,152.97748960251488,482.9242587343196,373.13122851398384,376.388449671829,274.78855367826,429.1652088614893,364.60997569186424,453.37665046375633,469.379001500189,467.17692821289654,428.23972663676807,432.28231633491157,438.3107239065258,447.590637938198,499.4837057940848,335.6450995205764,399.5012198734811,483.7537736946192,403.38822324020947,420.1614233422977,419.57819460169964,404.51935872340755,390.3737726832829,337.3616113554747,271.2586637620612,465.11471356252764,480.4045374203017,437.8111592997461,431.9006388102614,484.8461549436661,394.55961663330186,401.51244320248827,476.33200455338556,360.0353377981305,334.59739819086997,428.7422031086767,451.11137883558723,422.30108953634976,470.1523159072358,445.17054362325695,435.0785552350792,380.6546436278985,257.98169125154413,336.9957992154869,449.3625925526957,168.873301480482
2,12,476.3506243215418,391.1159500648022,404.62504518268406,478.31780267096883,382.52829541073527,457.41991802874435,389.0342116583279,247.66140357239925,460.69943748975714,440.20814262361387,330.79650397800856,444.6617415965263,357.75488549577346,478.63966884368193,483.9965328936817,421.24645265192606,466.321380205053,430.0480676201229,289.4869622477078,404.7325757177729,484.4657469999198,431.2014235095146,341.1930655326817,370.19130298195404,351.7035188709086,369.81970468190843,492.3797209189242,390.2976182988019,451.1516518450493,448.36504269272217,181.51441878338963,61.75027685704651,361.46933629248616,479.3910746615821,435.63053212067155,419.73112079240207,470.9975966161156,471.8126626999334,485.40682412874514,404.3563762651335,483.21452986711125,480.460829768312,230.24069804663569,417.2138798578107,428.8856163404461,443.76405650159387,449.45524870706214,446.505101995546,485.2084796117536,382.5602139695302,310.8367745706553,432.8718666577188,406.09600217903494,329.0883662631307,368.84119628391505,447.6150031919457,237.63940100573367,484.1009762339129,479.11101200663904,304.0130132040221,476.9956311447239,449.7295047018192,383.5948221502253,457.5872710511446,470.11691008348083,434.375202935332,396.99380356190284,444.67972235489185,454.34143011525555,451.48181012300927,277.19619433471945,465.1596302728582,280.3949113909326,432.48264607723166,411.5329393492601,344.7152788933313,436.9167019779112,464.10969913167537,483.24734570631495,377.7754186169259,319.5625543191868,249.37202376821,451.83814870737655,399.5148977606685,426.76434303713023,454.4352890376126,345.6560581841949,320.2581014390622,419.4319408651247,406.0544088972266,371.140715630984,387.70953979829113,469.074651338662,368.2506312839173,449.88545601565426,472.5257979546765,407.80476954208996,438.6134453576837,426.2345050126867,376.280949069441,478.0364526822247,449.915948523547,467.0966995473217,445.1212841514171,458.47827326214514,479.7341428560032,401.8316985171921,484.33817668239504,402.14293762023965,375.49416309576804,404.8612698943025,308.7124452073217,327.10129148478165,478.4488328568696,361.42686348958955,475.6559369027824,416.1573199177331,472.81773317041467,266.7773240954273,225.29902980249537,472.2979277400564,455.14956352476804,418.88029632584033,485.81461738597596,198.58145076713973,433.9810086861403,486.6588397782695,330.54148060563415,370.4024123808801,458.9869757538317,371.3969398879254,334.954188298997,465.216993743903,333.8659392943138,481.34975578763516,371.39987221614757,381.15044984064366,465.6852041579456,493.1137140740354,388.50896587637664,474.569996316524,422.08290945986164,369.8126861375311,406.6967771668967,439.69542705652276,426.6271761265375,429.67388920756576,472.5722631190913,352.6177826948738,399.610004837167,431.4907331026554,256.8691528934223,414.8223653119731,441.20544405858357,152.97748960251488,482.9242587343196,373.13122851398384,376.388449671829,274.78855367826,429.1652088614893,364.60997569186424,453.37665046375633,469.379001500189,467.17692821289654,428.23972663676807,432.28231633491157,438.3107239065258,447.590637938198,499.4837057940848,335.6450995205764,399.5012198734811,483.7537736946192,403.38822324020947,420.1614233422977,419.57819460169964,404.51935872340755,390.3737726832829,337.3616113554747,271.2586637620612,465.11471356252764,480.4045374203017,437.8111592997461,431.9006388102614,484.8461549436661,394.55961663330186,401.51244320248827,476.33200455338556,360.0353377981305,334.59739819086997,428.7422031086767,451.11137883558723,422.30108953634976,470.1523159072358,445.17054362325695,435.0785552350792,380.6546436278985,257.98169125154413,336.9957992154869,449.3625925526957,168.873301480482
2,13,476.3506243215418,391.1159500648022,404.62504518268406,478.31780267096883,382.52829541073527,457.41991802874435,389.0342116583279,247.66140357239925,460.69943748975714,440.20814262361387,330.79650397800856,444.6617415965263,357.75488549577346,478.63966884368193,483.9965328936817,421.24645265192606,466.321380205053,430.0480676201229,289.4869622477078,404.7325757177729,484.4657469999198,431.2014235095146,341.1930655326817,370.19130298195404,351.7035188709086,369.81970468190843,492.3797209189242,390.2976182988019,451.1516518450493,448.36504269272217,181.51441878338963,61.75027685704651,361.46933629248616,479.3910746615821,435.63053212067155,419.73112079240207,470.9975966161156,471.8126626999334,485.40682412874514,404.3563762651335,483.21452986711125,480.460829768312,230.24069804663569,417.2138798578107,428.8856163404461,443.76405650159387,449.45524870706214,446.505101995546,485.2084796117536,382.5602139695302,310.8367745706553,432.8718666577188,406.09600217903494,329.0883662631307,368.84119628391505,447.6150031919457,237.63940100573367,484.1009762339129,479.11101200663904,304.0130132040221,476.9956311447239,449.7295047018192,383.5948221502253,457.5872710511446,470.11691008348083,434.375202935332,396.99380356190284,444.67972235489185,454.34143011525555,451.48181012300927,277.19619433471945,465.1596302728582,280.3949113909326,432.48264607723166,411.5329393492601,344.7152788933313,436.9167019779112,464.10969913167537,483.24734570631495,377.7754186169259,319.5625543191868,249.37202376821,451.83814870737655,399.5148977606685,426.76434303713023,454.4352890376126,345.6560581841949,320.2581014390622,419.4319408651247,406.0544088972266,371.140715630984,387.70953979829113,469.074651338662,368.2506312839173,449.88545601565426,472.5257979546765,407.80476954208996,438.6134453576837,426.2345050126867,376.280949069441,478.0364526822247,449.915948523547,467.0966995473217,445.1212841514171,458.47827326214514,479.7341428560032,401.8316985171921,484.33817668239504,402.14293762023965,375.49416309576804,404.8612698943025,308.7124452073217,327.10129148478165,478.4488328568696,361.42686348958955,475.6559369027824,416.1573199177331,472.81773317041467,266.7773240954273,225.29902980249537,472.2979277400564,455.14956352476804,418.88029632584033,485.81461738597596,198.58145076713973,433.9810086861403,486.6588397782695,330.54148060563415,370.4024123808801,458.9869757538317,371.3969398879254,334.954188298997,465.216993743903,333.8659392943138,481.34975578763516,371.39987221614757,381.15044984064366,465.6852041579456,493.1137140740354,388.50896587637664,474.569996316524,422.08290945986164,369.8126861375311,406.6967771668967,439.69542705652276,426.6271761265375,429.67388920756576,472.5722631190913,352.6177826948738,399.610004837167,431.4907331026554,256.8691528934223,414.8223653119731,441.20544405858357,152.97748960251488,482.9242587343196,373.13122851398384,376.388449671829,274.78855367826,429.1652088614893,364.60997569186424,453.37665046375633,469.379001500189,467.17692821289654,428.23972663676807,432.28231633491157,438.3107239065258,447.590637938198,499.4837057940848,335.6450995205764,399.5012198734811,483.7537736946192,403.38822324020947,420.1614233422977,419.57819460169964,404.51935872340755,390.3737726832829,337.3616113554747,271.2586637620612,465.11471356252764,480.4045374203017,437.8111592997461,431.9006388102614,484.8461549436661,394.55961663330186,401.51244320248827,476.33200455338556,360.0353377981305,334.59739819086997,428.7422031086767,451.11137883558723,422.30108953634976,470.1523159072358,445.17054362325695,435.0785552350792,380.6546436278985,257.98169125154413,336.9957992154869,449.3625925526957,168.873301480482
2,14,476.3506243215418,391.1159500648022,404.62504518268406,478.31780267096883,382.52829541073527,457.41991802874435,389.0342116583279,247.66140357239925,460.69943748975714,440.20814262361387,330.79650397800856,444.6617415965263,357.75488549577346,478.63966884368193,483.9965328936817,421.24645265192606,466.321380205053,430.0480676201229,289.4869622477078,404.7325757177729,484.4657469999198,431.2014235095146,341.1930655326817,370.19130298195404,351.7035188709086,369.81970468190843,492.3797209189242,390.2976182988019,451.1516518450493,448.36504269272217,181.51441878338963,61.75027685704651,361.46933629248616,479.3910746615821,435.63053212067155,419.73112079240207,470.9975966161156,471.8126626999334,485.40682412874514,404.3563762651335,483.21452986711125,480.460829768312,230.24069804663569,417.2138798578107,428.8856163404461,443.76405650159387,449.45524870706214,446.505101995546,485.2084796117536,382.5602139695302,310.8367745706553,432.8718666577188,406.09600217903494,329.0883662631307,368.84119628391505,447.6150031919457,237.63940100573367,484.1009762339129,479.11101200663904,304.0130132040221,476.9956311447239,449.7295047018192,383.5948221502253,457.5872710511446,470.11691008348083,434.375202935332,396.99380356190284,444.67972235489185,454.34143011525555,451.48181012300927,277.19619433471945,465.1596302728582,280.3949113909326,432.48264607723166,411.5329393492601,344.7152788933313,436.9167019779112,464.10969913167537,483.24734570631495,377.7754186169259,319.5625543191868,249.37202376821,451.83814870737655,399.5148977606685,426.76434303713023,454.4352890376126,345.6560581841949,320.2581014390622,419.4319408651247,406.0544088972266,371.140715630984,387.70953979829113,469.074651338662,368.2506312839173,449.88545601565426,472.5257979546765,407.80476954208996,438.6134453576837,426.2345050126867,376.280949069441,478.0364526822247,449.915948523547,467.0966995473217,445.1212841514171,458.47827326214514,479.7341428560032,401.8316985171921,484.33817668239504,402.14293762023965,375.49416309576804,404.8612698943025,308.7124452073217,327.10129148478165,478.4488328568696,361.42686348958955,475.6559369027824,416.1573199177331,472.81773317041467,266.7773240954273,225.29902980249537,472.2979277400564,455.14956352476804,418.88029632584033,485.81461738597596,198.58145076713973,433.9810086861403,486.6588397782695,330.54148060563415,370.4024123808801,458.9869757538317,371.3969398879254,334.954188298997,465.216993743903,333.8659392943138,481.34975578763516,371.39987221614757,381.15044984064366,465.6852041579456,493.1137140740354,388.50896587637664,474.569996316524,422.08290945986164,369.8126861375311,406.6967771668967,439.69542705652276,426.6271761265375,429.67388920756576,472.5722631190913,352.6177826948738,399.610004837167,431.4907331026554,256.8691528934223,414.8223653119731,441.20544405858357,152.97748960251488,482.9242587343196,373.13122851398384,376.388449671829,274.78855367826,429.1652088614893,364.60997569186424,453.37665046375633,469.379001500189,467.17692821289654,428.23972663676807,432.28231633491157,438.3107239065258,447.590637938198,499.4837057940848,335.6450995205764,399.5012198734811,483.7537736946192,403.38822324020947,420.1614233422977,419.57819460169964,404.51935872340755,390.3737726832829,337.3616113554747,271.2586637620612,465.11471356252764,480.4045374203017,437.8111592997461,431.9006388102614,484.8461549436661,394.55961663330186,401.51244320248827,476.33200455338556,360.0353377981305,334.59739819086997,428.7422031086767,451.11137883558723,422.30108953634976,470.1523159072358,445.17054362325695,435.0785552350792,380.6546436278985,257.98169125154413,336.9957992154869,449.3625925526957,168.873301480482
2,15,476.3506243215418,391.1159500648022,404.62504518268406,478.31780267096883,382.52829541073527,457.41991802874435,389.0342116583279,247.66140357239925,460.69943748975714,440.20814262361387,330.79650397800856,444.6617415965263,357.75488549577346,478.63966884368193,483.9965328936817,421.24645265192606,466.321380205053,430.0480676201229,289.4869622477078,404.7325757177729,484.4657469999198,431.2014235095146,341.1930655326817,370.19130298195404,351.7035188709086,369.81970468190843,492.3797209189242,390.2976182988019,451.1516518450493,448.36504269272217,181.51441878338963,61.75027685704651,361.46933629248616,479.3910746615821,435.63053212067155,419.73112079240207,470.9975966161156,471.8126626999334,485.40682412874514,404.3563762651335,483.21452986711125,480.460829768312,230.24069804663569,417.2138798578107,428.8856163404461,443.76405650159387,449.45524870706214,446.505101995546,485.2084796117536,382.5602139695302,310.8367745706553,432.8718666577188,406.09600217903494,329.0883662631307,368.84119628391505,447.6150031919457,237.63940100573367,484.1009762339129,479.11101200663904,304.0130132040221,476.9956311447239,449.7295047018192,383.5948221502253,457.5872710511446,470.11691008348083,434.375202935332,396.99380356190284,444.67972235489185,454.34143011525555,451.48181012300927,277.19619433471945,465.1596302728582,280.3949113909326,432.48264607723166,411.5329393492601,344.7152788933313,436.9167019779112,464.10969913167537,483.24734570631495,377.7754186169259,319.5625543191868,249.37202376821,451.83814870737655,399.5148977606685,426.76434303713023,454.4352890376126,345.6560581841949,320.2581014390622,419.4319408651247,406.0544088972266,371.140715630984,387.70953979829113,469.074651338662,368.2506312839173,449.88545601565426,472.5257979546765,407.80476954208996,438.6134453576837,426.2345050126867,376.280949069441,478.0364526822247,449.915948523547,467.0966995473217,445.1212841514171,458.47827326214514,479.7341428560032,401.8316985171921,484.33817668239504,402.14293762023965,375.49416309576804,404.8612698943025,308.7124452073217,327.10129148478165,478.4488328568696,361.42686348958955,475.6559369027824,416.1573199177331,472.81773317041467,266.7773240954273,225.29902980249537,472.2979277400564,455.14956352476804,418.88029632584033,485.81461738597596,198.58145076713973,433.9810086861403,486.6588397782695,330.54148060563415,370.4024123808801,458.9869757538317,371.3969398879254,334.954188298997,465.216993743903,333.8659392943138,481.34975578763516,371.39987221614757,381.15044984064366,465.6852041579456,493.1137140740354,388.50896587637664,474.569996316524,422.08290945986164,369.8126861375311,406.6967771668967,439.69542705652276,426.6271761265375,429.67388920756576,472.5722631190913,352.6177826948738,399.610004837167,431.4907331026554,256.8691528934223,414.8223653119731,441.20544405858357,152.97748960251488,482.9242587343196,373.13122851398384,376.388449671829,274.78855367826,429.1652088614893,364.60997569186424,453.37665046375633,469.379001500189,467.17692821289654,428.23972663676807,432.28231633491157,438.3107239065258,447.590637938198,499.4837057940848,335.6450995205764,399.5012198734811,483.7537736946192,403.38822324020947,420.1614233422977,419.57819460169964,404.51935872340755,390.3737726832829,337.3616113554747,271.2586637620612,465.11471356252764,480.4045374203017,437.8111592997461,431.9006388102614,484.8461549436661,394.55961663330186,401.51244320248827,476.33200455338556,360.0353377981305,334.59739819086997,428.7422031086767,451.11137883558723,422.30108953634976,470.1523159072358,445.17054362325695,435.0785552350792,380.6546436278985,257.98169125154413,336.9957992154869,449.3625925526957,168.873301480482
2,16,476.3506243215418,391.1159500648022,404.62504518268406,478.31780267096883,382.52829541073527,457.41991802874435,389.0342116583279,247.66140357239925,460.69943748975714,440.20814262361387,330.79650397800856,444.6617415965263,357.75488549577346,478.63966884368193,483.9965328936817,421.24645265192606,466.321380205053,430.0480676201229,289.4869622477078,404.7325757177729,484.4657469999198,431.2014235095146,341.1930655326817,370.19130298195404,351.7035188709086,369.81970468190843,492.3797209189242,390.2976182988019,451.1516518450493,448.36504269272217,181.51441878338963,61.75027685704651,361.46933629248616,479.3910746615821,435.63053212067155,419.73112079240207,470.9975966161156,471.8126626999334,485.40682412874514,404.3563762651335,483.21452986711125,480.460829768312,230.24069804663569,417.2138798578107,428.8856163404461,443.76405650159387,449.45524870706214,446.505101995546,485.2084796117536,382.5602139695302,310.8367745706553,432.8718666577188,406.09600217903494,329.0883662631307,368.84119628391505,447.6150031919457,237.63940100573367,484.1009762339129,479.11101200663904,304.0130132040221,476.9956311447239,449.7295047018192,383.5948221502253,457.5872710511446,470.11691008348083,434.375202935332,396.99380356190284,444.67972235489185,454.34143011525555,451.48181012300927,277.19619433471945,465.1596302728582,280.3949113909326,432.48264607723166,411.5329393492601,344.7152788933313,436.9167019779112,464.10969913167537,483.24734570631495,377.7754186169259,319.5625543191868,249.37202376821,451.83814870737655,399.5148977606685,426.76434303713023,454.4352890376126,345.6560581841949,320.2581014390622,419.4319408651247,406.0544088972266,371.140715630984,387.70953979829113,469.074651338662,368.2506312839173,449.88545601565426,472.5257979546765,407.80476954208996,438.6134453576837,426.2345050126867,376.280949069441,478.0364526822247,449.915948523547,467.0966995473217,445.1212841514171,458.47827326214514,479.7341428560032,401.8316985171921,484.33817668239504,402.14293762023965,375.49416309576804,404.8612698943025,308.7124452073217,327.10129148478165,478.4488328568696,361.42686348958955,475.6559369027824,416.1573199177331,472.81773317041467,266.7773240954273,225.29902980249537,472.2979277400564,455.14956352476804,418.88029632584033,485.81461738597596,198.58145076713973,433.9810086861403,486.6588397782695,330.54148060563415,370.4024123808801,458.9869757538317,371.3969398879254,334.954188298997,465.216993743903,333.8659392943138,481.34975578763516,371.39987221614757,381.15044984064366,465.6852041579456,493.1137140740354,388.50896587637664,474.569996316524,422.08290945986164,369.8126861375311,406.6967771668967,439.69542705652276,426.6271761265375,429.67388920756576,472.5722631190913,352.6177826948738,399.610004837167,431.4907331026554,256.8691528934223,414.8223653119731,441.20544405858357,152.97748960251488,482.9242587343196,373.13122851398384,376.388449671829,274.78855367826,429.1652088614893,364.60997569186424,453.37665046375633,469.379001500189,467.17692821289654,428.23972663676807,432.28231633491157,438.3107239065258,447.590637938198,499.4837057940848,335.6450995205764,399.5012198734811,483.7537736946192,403.38822324020947,420.1614233422977,419.57819460169964,404.51935872340755,390.3737726832829,337.3616113554747,271.2586637620612,465.11471356252764,480.4045374203017,437.8111592997461,431.9006388102614,484.8461549436661,394.55961663330186,401.51244320248827,476.33200455338556,360.0353377981305,334.59739819086997,428.7422031086767,451.11137883558723,422.30108953634976,470.1523159072358,445.17054362325695,435.0785552350792,380.6546436278985,257.98169125154413,336.9957992154869,449.3625925526957,168.873301480482
2,17,476.3506243215418,391.1159500648022,404.62504518268406,478.31780267096883,382.52829541073527,457.41991802874435,389.0342116583279,247.66140357239925,460.69943748975714,440.20814262361387,330.79650397800856,444.6617415965263,357.75488549577346,478.63966884368193,483.9965328936817,421.24645265192606,466.321380205053,430.0480676201229,289.4869622477078,404.7325757177729,484.4657469999198,431.2014235095146,341.1930655326817,370.19130298195404,351.7035188709086,369.81970468190843,492.3797209189242,390.2976182988019,451.1516518450493,448.36504269272217,181.51441878338963,61.75027685704651,361.46933629248616,479.3910746615821,435.63053212067155,419.73112079240207,470.9975966161156,471.8126626999334,485.40682412874514,404.3563762651335,483.21452986711125,480.460829768312,230.24069804663569,417.2138798578107,428.8856163404461,443.76405650159387,449.45524870706214,446.505101995546,485.2084796117536,382.5602139695302,310.8367745706553,432.8718666577188,406.09600217903494,329.0883662631307,368.84119628391505,447.6150031919457,237.63940100573367,484.1009762339129,479.11101200663904,304.0130132040221,476.9956311447239,449.7295047018192,383.5948221502253,457.5872710511446,470.11691008348083,434.375202935332,396.99380356190284,444.67972235489185,454.34143011525555,451.48181012300927,277.19619433471945,465.1596302728582,280.3949113909326,432.48264607723166,411.5329393492601,344.7152788933313,436.9167019779112,464.10969913167537,483.24734570631495,377.7754186169259,319.5625543191868,249.37202376821,451.83814870737655,399.5148977606685,426.76434303713023,454.4352890376126,345.6560581841949,320.2581014390622,419.4319408651247,406.0544088972266,371.140715630984,387.70953979829113,469.074651338662,368.2506312839173,449.88545601565426,472.5257979546765,407.80476954208996,438.6134453576837,426.2345050126867,376.280949069441,478.0364526822247,449.915948523547,467.0966995473217,445.1212841514171,458.47827326214514,479.7341428560032,401.8316985171921,484.33817668239504,402.14293762023965,375.49416309576804,404.8612698943025,308.7124452073217,327.10129148478165,478.4488328568696,361.42686348958955,475.6559369027824,416.1573199177331,472.81773317041467,266.7773240954273,225.29902980249537,472.2979277400564,455.14956352476804,418.88029632584033,485.81461738597596,198.58145076713973,433.9810086861403,486.6588397782695,330.54148060563415,370.4024123808801,458.9869757538317,371.3969398879254,334.954188298997,465.216993743903,333.8659392943138,481.34975578763516,371.39987221614757,381.15044984064366,465.6852041579456,493.1137140740354,388.50896587637664,474.569996316524,422.08290945986164,369.8126861375311,406.6967771668967,439.69542705652276,426.6271761265375,429.67388920756576,472.5722631190913,352.6177826948738,399.610004837167,431.4907331026554,256.8691528934223,414.8223653119731,441.20544405858357,152.97748960251488,482.9242587343196,373.13122851398384,376.388449671829,274.78855367826,429.1652088614893,364.60997569186424,453.37665046375633,469.379001500189,467.17692821289654,428.23972663676807,432.28231633491157,438.3107239065258,447.590637938198,499.4837057940848,335.6450995205764,399.5012198734811,483.7537736946192,403.38822324020947,420.1614233422977,419.57819460169964,404.51935872340755,390.3737726832829,337.3616113554747,271.2586637620612,465.11471356252764,480.4045374203017,437.8111592997461,431.9006388102614,484.8461549436661,394.55961663330186,401.51244320248827,476.33200455338556,360.0353377981305,334.59739819086997,428.7422031086767,451.11137883558723,422.30108953634976,470.1523159072358,445.17054362325695,435.0785552350792,380.6546436278985,257.98169125154413,336.9957992154869,449.3625925526957,168.873301480482
2,18,476.3506243215418,391.1159500648022,404.62504518268406,478.31780267096883,382.52829541073527,457.41991802874435,389.0342116583279,247.66140357239925,460.69943748975714,440.20814262361387,330.79650397800856,444.6617415965263,357.75488549577346,478.63966884368193,483.9965328936817,421.24645265192606,466.321380205053,430.0480676201229,289.4869622477078,404.7325757177729,484.4657469999198,431.2014235095146,341.1930655326817,370.19130298195404,351.7035188709086,369.81970468190843,492.3797209189242,390.2976182988019,451.1516518450493,448.36504269272217,181.51441878338963,61.75027685704651,361.46933629248616,479.3910746615821,435.63053212067155,419.73112079240207,470.9975966161156,471.8126626999334,485.40682412874514,404.3563762651335,483.21452986711125,480.460829768312,230.24069804663569,417.2138798578107,428.8856163404461,443.76405650159387,449.45524870706214,446.505101995546,485.2084796117536,382.5602139695302,310.8367745706553,432.8718666577188,406.09600217903494,329.0883662631307,368.84119628391505,447.6150031919457,237.63940100573367,484.1009762339129,479.11101200663904,304.0130132040221,476.9956311447239,449.7295047018192,383.5948221502253,457.5872710511446,470.11691008348083,434.375202935332,396.99380356190284,444.67972235489185,454.34143011525555,451.48181012300927,277.19619433471945,465.1596302728582,280.3949113909326,432.48264607723166,411.5329393492601,344.7152788933313,436.9167019779112,464.10969913167537,483.24734570631495,377.7754186169259,319.5625543191868,249.37202376821,451.83814870737655,399.5148977606685,426.76434303713023,454.4352890376126,345.6560581841949,320.2581014390622,419.4319408651247,406.0544088972266,371.140715630984,387.70953979829113,469.074651338662,368.2506312839173,449.88545601565426,472.5257979546765,407.80476954208996,438.6134453576837,426.2345050126867,376.280949069441,478.0364526822247,449.915948523547,467.0966995473217,445.1212841514171,458.47827326214514,479.7341428560032,401.8316985171921,484.33817668239504,402.14293762023965,375.49416309576804,404.8612698943025,308.7124452073217,327.10129148478165,478.4488328568696,361.42686348958955,475.6559369027824,416.1573199177331,472.81773317041467,266.7773240954273,225.29902980249537,472.2979277400564,455.14956352476804,418.88029632584033,485.81461738597596,198.58145076713973,433.9810086861403,486.6588397782695,330.54148060563415,370.4024123808801,458.9869757538317,371.3969398879254,334.954188298997,465.216993743903,333.8659392943138,481.34975578763516,371.39987221614757,381.15044984064366,465.6852041579456,493.1137140740354,388.50896587637664,474.569996316524,422.08290945986164,369.8126861375311,406.6967771668967,439.69542705652276,426.6271761265375,429.67388920756576,472.5722631190913,352.6177826948738,399.610004837167,431.4907331026554,256.8691528934223,414.8223653119731,441.20544405858357,152.97748960251488,482.9242587343196,373.13122851398384,376.388449671829,274.78855367826,429.1652088614893,364.60997569186424,453.37665046375633,469.379001500189,467.17692821289654,428.23972663676807,432.28231633491157,438.3107239065258,447.590637938198,499.4837057940848,335.6450995205764,399.5012198734811,483.7537736946192,403.38822324020947,420.1614233422977,419.57819460169964,404.51935872340755,390.3737726832829,337.3616113554747,271.2586637620612,465.11471356252764,480.4045374203017,437.8111592997461,431.9006388102614,484.8461549436661,394.55961663330186,401.51244320248827,476.33200455338556,360.0353377981305,334.59739819086997,428.7422031086767,451.11137883558723,422.30108953634976,470.1523159072358,445.17054362325695,435.0785552350792,380.6546436278985,257.98169125154413,336.9957992154869,449.3625925526957,168.873301480482
2,19,476.3506243215418,391.1159500648022,404.62504518268406,478.31780267096883,382.52829541073527,457.41991802874435,389.0342116583279,247.66140357239925,460.69943748975714,440.20814262361387,330.79650397800856,444.6617415965263,357.75488549577346,478.63966884368193,483.9965328936817,421.24645265192606,466.321380205053,430.0480676201229,289.4869622477078,404.7325757177729,484.4657469999198,431.2014235095146,341.1930655326817,370.19130298195404,351.7035188709086,369.81970468190843,492.3797209189242,390.2976182988019,451.1516518450493,448.36504269272217,181.51441878338963,61.75027685704651,361.46933629248616,479.3910746615821,435.63053212067155,419.73112079240207,470.9975966161156,471.8126626999334,485.40682412874514,404.3563762651335,483.21452986711125,480.460829768312,230.24069804663569,417.2138798578107,428.8856163404461,443.76405650159387,449.45524870706214,446.505101995546,485.2084796117536,382.5602139695302,310.8367745706553,432.8718666577188,406.09600217903494,329.0883662631307,368.84119628391505,447.6150031919457,237.63940100573367,484.1009762339129,479.11101200663904,304.0130132040221,476.9956311447239,449.7295047018192,383.5948221502253,457.5872710511446,470.11691008348083,434.375202935332,396.99380356190284,444.67972235489185,454.34143011525555,451.48181012300927,277.19619433471945,465.1596302728582,280.3949113909326,432.48264607723166,411.5329393492601,344.7152788933313,436.9167019779112,464.10969913167537,483.24734570631495,377.7754186169259,319.5625543191868,249.37202376821,451.83814870737655,399.5148977606685,426.76434303713023,454.4352890376126,345.6560581841949,320.2581014390622,419.4319408651247,406.0544088972266,371.140715630984,387.70953979829113,469.074651338662,368.2506312839173,449.88545601565426,472.5257979546765,407.80476954208996,438.6134453576837,426.2345050126867,376.280949069441,478.0364526822247,449.915948523547,467.0966995473217,445.1212841514171,458.47827326214514,479.7341428560032,401.8316985171921,484.33817668239504,402.14293762023965,375.49416309576804,404.8612698943025,308.7124452073217,327.10129148478165,478.4488328568696,361.42686348958955,475.6559369027824,416.1573199177331,472.81773317041467,266.7773240954273,225.29902980249537,472.2979277400564,455.14956352476804,418.88029632584033,485.81461738597596,198.58145076713973,433.9810086861403,486.6588397782695,330.54148060563415,370.4024123808801,458.9869757538317,371.3969398879254,334.954188298997,465.216993743903,333.8659392943138,481.34975578763516,371.39987221614757,381.15044984064366,465.6852041579456,493.1137140740354,388.50896587637664,474.569996316524,422.08290945986164,369.8126861375311,406.6967771668967,439.69542705652276,426.6271761265375,429.67388920756576,472.5722631190913,352.6177826948738,399.610004837167,431.4907331026554,256.8691528934223,414.8223653119731,441.20544405858357,152.97748960251488,482.9242587343196,373.13122851398384,376.388449671829,274.78855367826,429.1652088614893,364.60997569186424,453.37665046375633,469.379001500189,467.17692821289654,428.23972663676807,432.28231633491157,438.3107239065258,447.590637938198,499.4837057940848,335.6450995205764,399.5012198734811,483.7537736946192,403.38822324020947,420.1614233422977,419.57819460169964,404.51935872340755,390.3737726832829,337.3616113554747,271.2586637620612,465.11471356252764,480.4045374203017,437.8111592997461,431.9006388102614,484.8461549436661,394.55961663330186,401.51244320248827,476.33200455338556,360.0353377981305,334.59739819086997,428.7422031086767,451.11137883558723,422.30108953634976,470.1523159072358,445.17054362325695,435.0785552350792,380.6546436278985,257.98169125154413,336.9957992154869,449.3625925526957,168.873301480482
2,20,476.3506243215418,391.1159500648022,404.62504518268406,478.31780267096883,382.52829541073527,457.41991802874435,389.0342116583279,247.66140357239925,460.69943748975714,440.20814262361387,330.79650397800856,444.6617415965263,357.75488549577346,478.63966884368193,483.9965328936817,421.24645265192606,466.321380205053,430.0480676201229,289.4869622477078,404.7325757177729,484.4657469999198,431.2014235095146,341.1930655326817,370.19130298195404,351.7035188709086,369.81970468190843,492.3797209189242,390.2976182988019,451.1516518450493,448.36504269272217,181.51441878338963,61.75027685704651,361.46933629248616,479.3910746615821,435.63053212067155,419.73112079240207,470.9975966161156,471.8126626999334,485.40682412874514,404.3563762651335,483.21452986711125,480.460829768312,230.24069804663569,417.2138798578107,428.8856163404461,443.76405650159387,449.45524870706214,446.505101995546,485.2084796117536,382.5602139695302,310.8367745706553,432.8718666577188,406.09600217903494,329.0883662631307,368.84119628391505,447.6150031919457,237.63940100573367,484.1009762339129,479.11101200663904,304.0130132040221,476.9956311447239,449.7295047018192,383.5948221502253,457.5872710511446,470.11691008348083,434.375202935332,396.99380356190284,444.67972235489185,454.34143011525555,451.48181012300927,277.19619433471945,465.1596302728582,280.3949113909326,432.48264607723166,411.5329393492601,344.7152788933313,436.9167019779112,464.10969913167537,483.24734570631495,377.7754186169259,319.5625543191868,249.37202376821,451.83814870737655,399.5148977606685,426.76434303713023,454.4352890376126,345.6560581841949,320.2581014390622,419.4319408651247,406.0544088972266,371.140715630984,387.70953979829113,469.074651338662,368.2506312839173,449.88545601565426,472.5257979546765,407.80476954208996,438.6134453576837,426.2345050126867,376.280949069441,478.0364526822247,449.915948523547,467.0966995473217,445.1212841514171,458.47827326214514,479.7341428560032,401.8316985171921,484.33817668239504,402.14293762023965,375.49416309576804,404.8612698943025,308.7124452073217,327.10129148478165,478.4488328568696,361.42686348958955,475.6559369027824,416.1573199177331,472.81773317041467,266.7773240954273,225.29902980249537,472.2979277400564,455.14956352476804,418.88029632584033,485.81461738597596,198.58145076713973,433.9810086861403,486.6588397782695,330.54148060563415,370.4024123808801,458.9869757538317,371.3969398879254,334.954188298997,465.216993743903,333.8659392943138,481.34975578763516,371.39987221614757,381.15044984064366,465.6852041579456,493.1137140740354,388.50896587637664,474.569996316524,422.08290945986164,369.8126861375311,406.6967771668967,439.69542705652276,426.6271761265375,429.67388920756576,472.5722631190913,352.6177826948738,399.610004837167,431.4907331026554,256.8691528934223,414.8223653119731,441.20544405858357,152.97748960251488,482.9242587343196,373.13122851398384,376.388449671829,274.78855367826,429.1652088614893,364.60997569186424,453.37665046375633,469.379001500189,467.17692821289654,428.23972663676807,432.28231633491157,438.3107239065258,447.590637938198,499.4837057940848,335.6450995205764,399.5012198734811,483.7537736946192,403.38822324020947,420.1614233422977,419.57819460169964,404.51935872340755,390.3737726832829,337.3616113554747,271.2586637620612,465.11471356252764,480.4045374203017,437.8111592997461,431.9006388102614,484.8461549436661,394.55961663330186,401.51244320248827,476.33200455338556,360.0353377981305,334.59739819086997,428.7422031086767,451.11137883558723,422.30108953634976,470.1523159072358,445.17054362325695,435.0785552350792,380.6546436278985,257.98169125154413,336.9957992154869,449.3625925526957,168.873301480482
2,21,476.3506243215418,391.1159500648022,404.62504518268406,478.31780267096883,382.52829541073527,457.41991802874435,389.0342116583279,247.66140357239925,460.69943748975714,440.20814262361387,330.79650397800856,444.6617415965263,357.75488549577346,478.63966884368193,483.9965328936817,421.24645265192606,466.321380205053,430.0480676201229,289.4869622477078,404.7325757177729,484.4657469999198,431.2014235095146,341.1930655326817,370.19130298195404,351.7035188709086,369.81970468190843,492.3797209189242,390.2976182988019,451.1516518450493,448.36504269272217,181.51441878338963,61.75027685704651,361.46933629248616,479.3910746615821,435.63053212067155,419.73112079240207,470.9975966161156,471.8126626999334,485.40682412874514,404.3563762651335,483.21452986711125,480.460829768312,230.24069804663569,417.2138798578107,428.8856163404461,443.76405650159387,449.45524870706214,446.505101995546,485.2084796117536,382.5602139695302,310.8367745706553,432.8718666577188,406.09600217903494,329.0883662631307,368.84119628391505,447.6150031919457,237.63940100573367,484.1009762339129,479.11101200663904,304.0130132040221,476.9956311447239,449.7295047018192,383.5948221502253,457.5872710511446,470.11691008348083,434.375202935332,396.99380356190284,444.67972235489185,454.34143011525555,451.48181012300927,277.19619433471945,465.1596302728582,280.3949113909326,432.48264607723166,411.5329393492601,344.7152788933313,436.9167019779112,464.10969913167537,483.24734570631495,377.7754186169259,319.5625543191868,249.37202376821,451.83814870737655,399.5148977606685,426.76434303713023,454.4352890376126,345.6560581841949,320.2581014390622,419.4319408651247,406.0544088972266,371.140715630984,387.70953979829113,469.074651338662,368.2506312839173,449.88545601565426,472.5257979546765,407.80476954208996,438.6134453576837,426.2345050126867,376.280949069441,478.0364526822247,449.915948523547,467.0966995473217,445.1212841514171,458.47827326214514,479.7341428560032,401.8316985171921,484.33817668239504,402.14293762023965,375.49416309576804,404.8612698943025,308.7124452073217,327.10129148478165,478.4488328568696,361.42686348958955,475.6559369027824,416.1573199177331,472.81773317041467,266.7773240954273,225.29902980249537,472.2979277400564,455.14956352476804,418.88029632584033,485.81461738597596,198.58145076713973,433.9810086861403,486.6588397782695,330.54148060563415,370.4024123808801,458.9869757538317,371.3969398879254,334.954188298997,465.216993743903,333.8659392943138,481.34975578763516,371.39987221614757,381.15044984064366,465.6852041579456,493.1137140740354,388.50896587637664,474.569996316524,422.08290945986164,369.8126861375311,406.6967771668967,439.69542705652276,426.6271761265375,429.67388920756576,472.5722631190913,352.6177826948738,399.610004837167,431.4907331026554,256.8691528934223,414.8223653119731,441.20544405858357,152.97748960251488,482.9242587343196,373.13122851398384,376.388449671829,274.78855367826,429.1652088614893,364.60997569186424,453.37665046375633,469.379001500189,467.17692821289654,428.23972663676807,432.28231633491157,438.3107239065258,447.590637938198,499.4837057940848,335.6450995205764,399.5012198734811,483.7537736946192,403.38822324020947,420.1614233422977,419.57819460169964,404.51935872340755,390.3737726832829,337.3616113554747,271.2586637620612,465.11471356252764,480.4045374203017,437.8111592997461,431.9006388102614,484.8461549436661,394.55961663330186,401.51244320248827,476.33200455338556,360.0353377981305,334.59739819086997,428.7422031086767,451.11137883558723,422.30108953634976,470.1523159072358,445.17054362325695,435.0785552350792,380.6546436278985,257.98169125154413,336.9957992154869,449.3625925526957,168.873301480482
2,22,476.3506243215418,391.1159500648022,404.62504518268406,478.31780267096883,382.52829541073527,457.41991802874435,389.0342116583279,247.66140357239925,460.69943748975714,440.20814262361387,330.79650397800856,444.6617415965263,357.75488549577346,478.63966884368193,483.9965328936817,421.24645265192606,466.321380205053,430.0480676201229,289.4869622477078,404.7325757177729,484.4657469999198,431.2014235095146,341.1930655326817,370.19130298195404,351.7035188709086,369.81970468190843,492.3797209189242,390.2976182988019,451.1516518450493,448.36504269272217,181.51441878338963,61.75027685704651,361.46933629248616,479.3910746615821,435.63053212067155,419.73112079240207,470.9975966161156,471.8126626999334,485.40682412874514,404.3563762651335,483.21452986711125,480.460829768312,230.24069804663569,417.2138798578107,428.8856163404461,443.76405650159387,449.45524870706214,446.505101995546,485.2084796117536,382.5602139695302,310.8367745706553,432.8718666577188,406.09600217903494,329.0883662631307,368.84119628391505,447.6150031919457,237.63940100573367,484.1009762339129,479.11101200663904,304.0130132040221,476.9956311447239,449.7295047018192,383.5948221502253,457.5872710511446,470.11691008348083,434.375202935332,396.99380356190284,444.67972235489185,454.34143011525555,451.48181012300927,277.19619433471945,465.1596302728582,280.3949113909326,432.48264607723166,411.5329393492601,344.7152788933313,436.9167019779112,464.10969913167537,483.24734570631495,377.7754186169259,319.5625543191868,249.37202376821,451.83814870737655,399.5148977606685,426.76434303713023,454.4352890376126,345.6560581841949,320.2581014390622,419.4319408651247,406.0544088972266,371.140715630984,387.70953979829113,469.074651338662,368.2506312839173,449.88545601565426,472.5257979546765,407.80476954208996,438.6134453576837,426.2345050126867,376.280949069441,478.0364526822247,449.915948523547,467.0966995473217,445.1212841514171,458.47827326214514,479.7341428560032,401.8316985171921,484.33817668239504,402.14293762023965,375.49416309576804,404.8612698943025,308.7124452073217,327.10129148478165,478.4488328568696,361.42686348958955,475.6559369027824,416.1573199177331,472.81773317041467,266.7773240954273,225.29902980249537,472.2979277400564,455.14956352476804,418.88029632584033,485.81461738597596,198.58145076713973,433.9810086861403,486.6588397782695,330.54148060563415,370.4024123808801,458.9869757538317,371.3969398879254,334.954188298997,465.216993743903,333.8659392943138,481.34975578763516,371.39987221614757,381.15044984064366,465.6852041579456,493.1137140740354,388.50896587637664,474.569996316524,422.08290945986164,369.8126861375311,406.6967771668967,439.69542705652276,426.6271761265375,429.67388920756576,472.5722631190913,352.6177826948738,399.610004837167,431.4907331026554,256.8691528934223,414.8223653119731,441.20544405858357,152.97748960251488,482.9242587343196,373.13122851398384,376.388449671829,274.78855367826,429.1652088614893,364.60997569186424,453.37665046375633,469.379001500189,467.17692821289654,428.23972663676807,432.28231633491157,438.3107239065258,447.590637938198,499.4837057940848,335.6450995205764,399.5012198734811,483.7537736946192,403.38822324020947,420.1614233422977,419.57819460169964,404.51935872340755,390.3737726832829,337.3616113554747,271.2586637620612,465.11471356252764,480.4045374203017,437.8111592997461,431.9006388102614,484.8461549436661,394.55961663330186,401.51244320248827,476.33200455338556,360.0353377981305,334.59739819086997,428.7422031086767,451.11137883558723,422.30108953634976,470.1523159072358,445.17054362325695,435.0785552350792,380.6546436278985,257.98169125154413,336.9957992154869,449.3625925526957,168.873301480482
2,23,476.3506243215418,391.1159500648022,404.62504518268406,478.31780267096883,382.52829541073527,457.41991802874435,389.0342116583279,247.66140357239925,460.69943748975714,440.20814262361387,330.79650397800856,444.6617415965263,357.75488549577346,478.63966884368193,483.9965328936817,421.24645265192606,466.321380205053,430.0480676201229,289.4869622477078,404.7325757177729,484.4657469999198,431.2014235095146,341.1930655326817,370.19130298195404,351.7035188709086,369.81970468190843,492.3797209189242,390.2976182988019,451.1516518450493,448.36504269272217,181.51441878338963,61.75027685704651,361.46933629248616,479.3910746615821,435.63053212067155,419.73112079240207,470.9975966161156,471.8126626999334,485.40682412874514,404.3563762651335,483.21452986711125,480.460829768312,230.24069804663569,417.2138798578107,428.8856163404461,443.76405650159387,449.45524870706214,446.505101995546,485.2084796117536,382.5602139695302,310.8367745706553,432.8718666577188,406.09600217903494,329.0883662631307,368.84119628391505,447.6150031919457,237.63940100573367,484.1009762339129,479.11101200663904,304.0130132040221,476.9956311447239,449.7295047018192,383.5948221502253,457.5872710511446,470.11691008348083,434.375202935332,396.99380356190284,444.67972235489185,454.34143011525555,451.48181012300927,277.19619433471945,465.1596302728582,280.3949113909326,432.48264607723166,411.5329393492601,344.7152788933313,436.9167019779112,464.10969913167537,483.24734570631495,377.7754186169259,319.5625543191868,249.37202376821,451.83814870737655,399.5148977606685,426.76434303713023,454.4352890376126,345.6560581841949,320.2581014390622,419.4319408651247,406.0544088972266,371.140715630984,387.70953979829113,469.074651338662,368.2506312839173,449.88545601565426,472.5257979546765,407.80476954208996,438.6134453576837,426.2345050126867,376.280949069441,478.0364526822247,449.915948523547,467.0966995473217,445.1212841514171,458.47827326214514,479.7341428560032,401.8316985171921,484.33817668239504,402.14293762023965,375.49416309576804,404.8612698943025,308.7124452073217,327.10129148478165,478.4488328568696,361.42686348958955,475.6559369027824,416.1573199177331,472.81773317041467,266.7773240954273,225.29902980249537,472.2979277400564,455.14956352476804,418.88029632584033,485.81461738597596,198.58145076713973,433.9810086861403,486.6588397782695,330.54148060563415,370.4024123808801,458.9869757538317,371.3969398879254,334.954188298997,465.216993743903,333.8659392943138,481.34975578763516,371.39987221614757,381.15044984064366,465.6852041579456,493.1137140740354,388.50896587637664,474.569996316524,422.08290945986164,369.8126861375311,406.6967771668967,439.69542705652276,426.6271761265375,429.67388920756576,472.5722631190913,352.6177826948738,399.610004837167,431.4907331026554,256.8691528934223,414.8223653119731,441.20544405858357,152.97748960251488,482.9242587343196,373.13122851398384,376.388449671829,274.78855367826,429.1652088614893,364.60997569186424,453.37665046375633,469.379001500189,467.17692821289654,428.23972663676807,432.28231633491157,438.3107239065258,447.590637938198,499.4837057940848,335.6450995205764,399.5012198734811,483.7537736946192,403.38822324020947,420.1614233422977,419.57819460169964,404.51935872340755,390.3737726832829,337.3616113554747,271.2586637620612,465.11471356252764,480.4045374203017,437.8111592997461,431.9006388102614,484.8461549436661,394.55961663330186,401.51244320248827,476.33200455338556,360.0353377981305,334.59739819086997,428.7422031086767,451.11137883558723,422.30108953634976,470.1523159072358,445.17054362325695,435.0785552350792,380.6546436278985,257.98169125154413,336.9957992154869,449.3625925526957,168.873301480482
2,24,476.3506243215418,391.1159500648022,404.62504518268406,478.31780267096883,382.52829541073527,457.41991802874435,389.0342116583279,247.66140357239925,460.69943748975714,440.20814262361387,330.79650397800856,444.6617415965263,357.75488549577346,478.63966884368193,483.9965328936817,421.24645265192606,466.321380205053,430.0480676201229,289.4869622477078,404.7325757177729,484.4657469999198,431.2014235095146,341.1930655326817,370.19130298195404,351.7035188709086,369.81970468190843,492.3797209189242,390.2976182988019,451.1516518450493,448.36504269272217,181.51441878338963,61.75027685704651,361.46933629248616,479.3910746615821,435.63053212067155,419.73112079240207,470.9975966161156,471.8126626999334,485.40682412874514,404.3563762651335,483.21452986711125,480.460829768312,230.24069804663569,417.2138798578107,428.8856163404461,443.76405650159387,449.45524870706214,446.505101995546,485.2084796117536,382.5602139695302,310.8367745706553,432.8718666577188,406.09600217903494,329.0883662631307,368.84119628391505,447.6150031919457,237.63940100573367,484.1009762339129,479.11101200663904,304.0130132040221,476.9956311447239,449.7295047018192,383.5948221502253,457.5872710511446,470.11691008348083,434.375202935332,396.99380356190284,444.67972235489185,454.34143011525555,451.48181012300927,277.19619433471945,465.1596302728582,280.3949113909326,432.48264607723166,411.5329393492601,344.7152788933313,436.9167019779112,464.10969913167537,483.24734570631495,377.7754186169259,319.5625543191868,249.37202376821,451.83814870737655,399.5148977606685,426.76434303713023,454.4352890376126,345.6560581841949,320.2581014390622,419.4319408651247,406.0544088972266,371.140715630984,387.70953979829113,469.074651338662,368.2506312839173,449.88545601565426,472.5257979546765,407.80476954208996,438.6134453576837,426.2345050126867,376.280949069441,478.0364526822247,449.915948523547,467.0966995473217,445.1212841514171,458.47827326214514,479.7341428560032,401.8316985171921,484.33817668239504,402.14293762023965,375.49416309576804,404.8612698943025,308.7124452073217,327.10129148478165,478.4488328568696,361.42686348958955,475.6559369027824,416.1573199177331,472.81773317041467,266.7773240954273,225.29902980249537,472.2979277400564,455.14956352476804,418.88029632584033,485.81461738597596,198.58145076713973,433.9810086861403,486.6588397782695,330.54148060563415,370.4024123808801,458.9869757538317,371.3969398879254,334.954188298997,465.216993743903,333.8659392943138,481.34975578763516,371.39987221614757,381.15044984064366,465.6852041579456,493.1137140740354,388.50896587637664,474.569996316524,422.08290945986164,369.8126861375311,406.6967771668967,439.69542705652276,426.6271761265375,429.67388920756576,472.5722631190913,352.6177826948738,399.610004837167,431.4907331026554,256.8691528934223,414.8223653119731,441.20544405858357,152.97748960251488,482.9242587343196,373.13122851398384,376.388449671829,274.78855367826,429.1652088614893,364.60997569186424,453.37665046375633,469.379001500189,467.17692821289654,428.23972663676807,432.28231633491157,438.3107239065258,447.590637938198,499.4837057940848,335.6450995205764,399.5012198734811,483.7537736946192,403.38822324020947,420.1614233422977,419.57819460169964,404.51935872340755,390.3737726832829,337.3616113554747,271.2586637620612,465.11471356252764,480.4045374203017,437.8111592997461,431.9006388102614,484.8461549436661,394.55961663330186,401.51244320248827,476.33200455338556,360.0353377981305,334.59739819086997,428.7422031086767,451.11137883558723,422.30108953634976,470.1523159072358,445.17054362325695,435.0785552350792,380.6546436278985,257.98169125154413,336.9957992154869,449.3625925526957,168.873301480482
2,25,476.3506243215418,391.1159500648022,404.62504518268406,478.31780267096883,382.52829541073527,457.41991802874435,389.0342116583279,247.66140357239925,460.69943748975714,440.20814262361387,330.79650397800856,444.6617415965263,357.75488549577346,478.63966884368193,483.9965328936817,421.24645265192606,466.321380205053,430.0480676201229,289.4869622477078,404.7325757177729,484.4657469999198,431.2014235095146,341.1930655326817,370.19130298195404,351.7035188709086,369.81970468190843,492.3797209189242,390.2976182988019,451.1516518450493,448.36504269272217,181.51441878338963,61.75027685704651,361.46933629248616,479.3910746615821,435.63053212067155,419.73112079240207,470.9975966161156,471.8126626999334,485.40682412874514,404.3563762651335,483.21452986711125,480.460829768312,230.24069804663569,417.2138798578107,428.8856163404461,443.76405650159387,449.45524870706214,446.505101995546,485.2084796117536,382.5602139695302,310.8367745706553,432.8718666577188,406.09600217903494,329.0883662631307,368.84119628391505,447.6150031919457,237.63940100573367,484.1009762339129,479.11101200663904,304.0130132040221,476.9956311447239,449.7295047018192,383.5948221502253,457.5872710511446,470.11691008348083,434.375202935332,396.99380356190284,444.67972235489185,454.34143011525555,451.48181012300927,277.19619433471945,465.1596302728582,280.3949113909326,432.48264607723166,411.5329393492601,344.7152788933313,436.9167019779112,464.10969913167537,483.24734570631495,377.7754186169259,319.5625543191868,249.37202376821,451.83814870737655,399.5148977606685,426.76434303713023,454.4352890376126,345.6560581841949,320.2581014390622,419.4319408651247,406.0544088972266,371.140715630984,387.70953979829113,469.074651338662,368.2506312839173,449.88545601565426,472.5257979546765,407.80476954208996,438.6134453576837,426.2345050126867,376.280949069441,478.0364526822247,449.915948523547,467.0966995473217,445.1212841514171,458.47827326214514,479.7341428560032,401.8316985171921,484.33817668239504,402.14293762023965,375.49416309576804,404.8612698943025,308.7124452073217,327.10129148478165,478.4488328568696,361.42686348958955,475.6559369027824,416.1573199177331,472.81773317041467,266.7773240954273,225.29902980249537,472.2979277400564,455.14956352476804,418.88029632584033,485.81461738597596,198.58145076713973,433.9810086861403,486.6588397782695,330.54148060563415,370.4024123808801,458.9869757538317,371.3969398879254,334.954188298997,465.216993743903,333.8659392943138,481.34975578763516,371.39987221614757,381.15044984064366,465.6852041579456,493.1137140740354,388.50896587637664,474.569996316524,422.08290945986164,369.8126861375311,406.6967771668967,439.69542705652276,426.6271761265375,429.67388920756576,472.5722631190913,352.6177826948738,399.610004837167,431.4907331026554,256.8691528934223,414.8223653119731,441.20544405858357,152.97748960251488,482.9242587343196,373.13122851398384,376.388449671829,274.78855367826,429.1652088614893,364.60997569186424,453.37665046375633,469.379001500189,467.17692821289654,428.23972663676807,432.28231633491157,438.3107239065258,447.590637938198,499.4837057940848,335.6450995205764,399.5012198734811,483.7537736946192,403.38822324020947,420.1614233422977,419.57819460169964,404.51935872340755,390.3737726832829,337.3616113554747,271.2586637620612,465.11471356252764,480.4045374203017,437.8111592997461,431.9006388102614,484.8461549436661,394.55961663330186,401.51244320248827,476.33200455338556,360.0353377981305,334.59739819086997,428.7422031086767,451.11137883558723,422.30108953634976,470.1523159072358,445.17054362325695,435.0785552350792,380.6546436278985,257.98169125154413,336.9957992154869,449.3625925526957,168.873301480482
2,26,476.3506243215418,391.1159500648022,404.62504518268406,478.31780267096883,382.52829541073527,457.41991802874435,389.0342116583279,247.66140357239925,460.69943748975714,440.20814262361387,330.79650397800856,444.6617415965263,357.75488549577346,478.63966884368193,483.9965328936817,421.24645265192606,466.321380205053,430.0480676201229,289.4869622477078,404.7325757177729,484.4657469999198,431.2014235095146,341.1930655326817,370.19130298195404,351.7035188709086,369.81970468190843,492.3797209189242,390.2976182988019,451.1516518450493,448.36504269272217,181.51441878338963,61.75027685704651,361.46933629248616,479.3910746615821,435.63053212067155,419.73112079240207,470.9975966161156,471.8126626999334,485.40682412874514,404.3563762651335,483.21452986711125,480.460829768312,230.24069804663569,417.2138798578107,428.8856163404461,443.76405650159387,449.45524870706214,446.505101995546,485.2084796117536,382.5602139695302,310.8367745706553,432.8718666577188,406.09600217903494,329.0883662631307,368.84119628391505,447.6150031919457,237.63940100573367,484.1009762339129,479.11101200663904,304.0130132040221,476.9956311447239,449.7295047018192,383.5948221502253,457.5872710511446,470.11691008348083,434.375202935332,396.99380356190284,444.67972235489185,454.34143011525555,451.48181012300927,277.19619433471945,465.1596302728582,280.3949113909326,432.48264607723166,411.5329393492601,344.7152788933313,436.9167019779112,464.10969913167537,483.24734570631495,377.7754186169259,319.5625543191868,249.37202376821,451.83814870737655,399.5148977606685,426.76434303713023,454.4352890376126,345.6560581841949,320.2581014390622,419.4319408651247,406.0544088972266,371.140715630984,387.70953979829113,469.074651338662,368.2506312839173,449.88545601565426,472.5257979546765,407.80476954208996,438.6134453576837,426.2345050126867,376.280949069441,478.0364526822247,449.915948523547,467.0966995473217,445.1212841514171,458.47827326214514,479.7341428560032,401.8316985171921,484.33817668239504,402.14293762023965,375.49416309576804,404.8612698943025,308.7124452073217,327.10129148478165,478.4488328568696,361.42686348958955,475.6559369027824,416.1573199177331,472.81773317041467,266.7773240954273,225.29902980249537,472.2979277400564,455.14956352476804,418.88029632584033,485.81461738597596,198.58145076713973,433.9810086861403,486.6588397782695,330.54148060563415,370.4024123808801,458.9869757538317,371.3969398879254,334.954188298997,465.216993743903,333.8659392943138,481.34975578763516,371.39987221614757,381.15044984064366,465.6852041579456,493.1137140740354,388.50896587637664,474.569996316524,422.08290945986164,369.8126861375311,406.6967771668967,439.69542705652276,426.6271761265375,429.67388920756576,472.5722631190913,352.6177826948738,399.610004837167,431.4907331026554,256.8691528934223,414.8223653119731,441.20544405858357,152.97748960251488,482.9242587343196,373.13122851398384,376.388449671829,274.78855367826,429.1652088614893,364.60997569186424,453.37665046375633,469.379001500189,467.17692821289654,428.23972663676807,432.28231633491157,438.3107239065258,447.590637938198,499.4837057940848,335.6450995205764,399.5012198734811,483.7537736946192,403.38822324020947,420.1614233422977,419.57819460169964,404.51935872340755,390.3737726832829,337.3616113554747,271.2586637620612,465.11471356252764,480.4045374203017,437.8111592997461,431.9006388102614,484.8461549436661,394.55961663330186,401.51244320248827,476.33200455338556,360.0353377981305,334.59739819086997,428.7422031086767,451.11137883558723,422.30108953634976,470.1523159072358,445.17054362325695,435.0785552350792,380.6546436278985,257.98169125154413,336.9957992154869,449.3625925526957,168.873301480482
2,27,476.3506243215418,391.1159500648022,404.62504518268406,478.31780267096883,382.52829541073527,457.41991802874435,389.0342116583279,247.66140357239925,460.69943748975714,440.20814262361387,330.79650397800856,444.6617415965263,357.75488549577346,478.63966884368193,483.9965328936817,421.24645265192606,466.321380205053,430.0480676201229,289.4869622477078,404.7325757177729,484.4657469999198,431.2014235095146,341.1930655326817,370.19130298195404,351.7035188709086,369.81970468190843,492.3797209189242,390.2976182988019,451.1516518450493,448.36504269272217,181.51441878338963,61.75027685704651,361.46933629248616,479.3910746615821,435.63053212067155,419.73112079240207,470.9975966161156,471.8126626999334,485.40682412874514,404.3563762651335,483.21452986711125,480.460829768312,230.24069804663569,417.2138798578107,428.8856163404461,443.76405650159387,449.45524870706214,446.505101995546,485.2084796117536,382.5602139695302,310.8367745706553,432.8718666577188,406.09600217903494,329.0883662631307,368.84119628391505,447.6150031919457,237.63940100573367,484.1009762339129,479.11101200663904,304.0130132040221,476.9956311447239,449.7295047018192,383.5948221502253,457.5872710511446,470.11691008348083,434.375202935332,396.99380356190284,444.67972235489185,454.34143011525555,451.48181012300927,277.19619433471945,465.1596302728582,280.3949113909326,432.48264607723166,411.5329393492601,344.7152788933313,436.9167019779112,464.10969913167537,483.24734570631495,377.7754186169259,319.5625543191868,249.37202376821,451.83814870737655,399.5148977606685,426.76434303713023,454.4352890376126,345.6560581841949,320.2581014390622,419.4319408651247,406.0544088972266,371.140715630984,387.70953979829113,469.074651338662,368.2506312839173,449.88545601565426,472.5257979546765,407.80476954208996,438.6134453576837,426.2345050126867,376.280949069441,478.0364526822247,449.915948523547,467.0966995473217,445.1212841514171,458.47827326214514,479.7341428560032,401.8316985171921,484.33817668239504,402.14293762023965,375.49416309576804,404.8612698943025,308.7124452073217,327.10129148478165,478.4488328568696,361.42686348958955,475.6559369027824,416.1573199177331,472.81773317041467,266.7773240954273,225.29902980249537,472.2979277400564,455.14956352476804,418.88029632584033,485.81461738597596,198.58145076713973,433.9810086861403,486.6588397782695,330.54148060563415,370.4024123808801,458.9869757538317,371.3969398879254,334.954188298997,465.216993743903,333.8659392943138,481.34975578763516,371.39987221614757,381.15044984064366,465.6852041579456,493.1137140740354,388.50896587637664,474.569996316524,422.08290945986164,369.8126861375311,406.6967771668967,439.69542705652276,426.6271761265375,429.67388920756576,472.5722631190913,352.6177826948738,399.610004837167,431.4907331026554,256.8691528934223,414.8223653119731,441.20544405858357,152.97748960251488,482.9242587343196,373.13122851398384,376.388449671829,274.78855367826,429.1652088614893,364.60997569186424,453.37665046375633,469.379001500189,467.17692821289654,428.23972663676807,432.28231633491157,438.3107239065258,447.590637938198,499.4837057940848,335.6450995205764,399.5012198734811,483.7537736946192,403.38822324020947,420.1614233422977,419.57819460169964,404.51935872340755,390.3737726832829,337.3616113554747,271.2586637620612,465.11471356252764,480.4045374203017,437.8111592997461,431.9006388102614,484.8461549436661,394.55961663330186,401.51244320248827,476.33200455338556,360.0353377981305,334.59739819086997,428.7422031086767,451.11137883558723,422.30108953634976,470.1523159072358,445.17054362325695,435.0785552350792,380.6546436278985,257.98169125154413,336.9957992154869,449.3625925526957,168.873301480482
2,28,476.3506243215418,391.1159500648022,404.62504518268406,478.31780267096883,382.52829541073527,457.41991802874435,389.0342116583279,247.66140357239925,460.69943748975714,440.20814262361387,330.79650397800856,444.6617415965263,357.75488549577346,478.63966884368193,483.9965328936817,421.24645265192606,466.321380205053,430.0480676201229,289.4869622477078,404.7325757177729,484.4657469999198,431.2014235095146,341.1930655326817,370.19130298195404,351.7035188709086,369.81970468190843,492.3797209189242,390.2976182988019,451.1516518450493,448.36504269272217,181.51441878338963,61.75027685704651,361.46933629248616,479.3910746615821,435.63053212067155,419.73112079240207,470.9975966161156,471.8126626999334,485.40682412874514,404.3563762651335,483.21452986711125,480.460829768312,230.24069804663569,417.2138798578107,428.8856163404461,443.76405650159387,449.45524870706214,446.505101995546,485.2084796117536,382.5602139695302,310.8367745706553,432.8718666577188,406.09600217903494,329.0883662631307,368.84119628391505,447.6150031919457,237.63940100573367,484.1009762339129,479.11101200663904,304.0130132040221,476.9956311447239,449.7295047018192,383.5948221502253,457.5872710511446,470.11691008348083,434.375202935332,396.99380356190284,444.67972235489185,454.34143011525555,451.48181012300927,277.19619433471945,465.1596302728582,280.3949113909326,432.48264607723166,411.5329393492601,344.7152788933313,436.9167019779112,464.10969913167537,483.24734570631495,377.7754186169259,319.5625543191868,249.37202376821,451.83814870737655,399.5148977606685,426.76434303713023,454.4352890376126,345.6560581841949,320.2581014390622,419.4319408651247,406.0544088972266,371.140715630984,387.70953979829113,469.074651338662,368.2506312839173,449.88545601565426,472.5257979546765,407.80476954208996,438.6134453576837,426.2345050126867,376.280949069441,478.0364526822247,449.915948523547,467.0966995473217,445.1212841514171,458.47827326214514,479.7341428560032,401.8316985171921,484.33817668239504,402.14293762023965,375.49416309576804,404.8612698943025,308.7124452073217,327.10129148478165,478.4488328568696,361.42686348958955,475.6559369027824,416.1573199177331,472.81773317041467,266.7773240954273,225.29902980249537,472.2979277400564,455.14956352476804,418.88029632584033,485.81461738597596,198.58145076713973,433.9810086861403,486.6588397782695,330.54148060563415,370.4024123808801,458.9869757538317,371.3969398879254,334.954188298997,465.216993743903,333.8659392943138,481.34975578763516,371.39987221614757,381.15044984064366,465.6852041579456,493.1137140740354,388.50896587637664,474.569996316524,422.08290945986164,369.8126861375311,406.6967771668967,439.69542705652276,426.6271761265375,429.67388920756576,472.5722631190913,352.6177826948738,399.610004837167,431.4907331026554,256.8691528934223,414.8223653119731,441.20544405858357,152.97748960251488,482.9242587343196,373.13122851398384,376.388449671829,274.78855367826,429.1652088614893,364.60997569186424,453.37665046375633,469.379001500189,467.17692821289654,428.23972663676807,432.28231633491157,438.3107239065258,447.590637938198,499.4837057940848,335.6450995205764,399.5012198734811,483.7537736946192,403.38822324020947,420.1614233422977,419.57819460169964,404.51935872340755,390.3737726832829,337.3616113554747,271.2586637620612,465.11471356252764,480.4045374203017,437.8111592997461,431.9006388102614,484.8461549436661,394.55961663330186,401.51244320248827,476.33200455338556,360.0353377981305,334.59739819086997,428.7422031086767,451.11137883558723,422.30108953634976,470.1523159072358,445.17054362325695,435.0785552350792,380.6546436278985,257.98169125154413,336.9957992154869,449.3625925526957,168.873301480482
2,29,476.3506243215418,391.1159500648022,404.62504518268406,478.31780267096883,382.52829541073527,457.41991802874435,389.0342116583279,247.66140357239925,460.69943748975714,440.20814262361387,330.79650397800856,444.6617415965263,357.75488549577346,478.63966884368193,483.9965328936817,421.24645265192606,466.321380205053,430.0480676201229,289.4869622477078,404.7325757177729,484.4657469999198,431.2014235095146,341.1930655326817,370.19130298195404,351.7035188709086,369.81970468190843,492.3797209189242,390.2976182988019,451.1516518450493,448.36504269272217,181.51441878338963,61.75027685704651,361.46933629248616,479.3910746615821,435.63053212067155,419.73112079240207,470.9975966161156,471.8126626999334,485.40682412874514,404.3563762651335,483.21452986711125,480.460829768312,230.24069804663569,417.2138798578107,428.8856163404461,443.76405650159387,449.45524870706214,446.505101995546,485.2084796117536,382.5602139695302,310.8367745706553,432.8718666577188,406.09600217903494,329.0883662631307,368.84119628391505,447.6150031919457,237.63940100573367,484.1009762339129,479.11101200663904,304.0130132040221,476.9956311447239,449.7295047018192,383.5948221502253,457.5872710511446,470.11691008348083,434.375202935332,396.99380356190284,444.67972235489185,454.34143011525555,451.48181012300927,277.19619433471945,465.1596302728582,280.3949113909326,432.48264607723166,411.5329393492601,344.7152788933313,436.9167019779112,464.10969913167537,483.24734570631495,377.7754186169259,319.5625543191868,249.37202376821,451.83814870737655,399.5148977606685,426.76434303713023,454.4352890376126,345.6560581841949,320.2581014390622,419.4319408651247,406.0544088972266,371.140715630984,387.70953979829113,469.074651338662,368.2506312839173,449.88545601565426,472.5257979546765,407.80476954208996,438.6134453576837,426.2345050126867,376.280949069441,478.0364526822247,449.915948523547,467.0966995473217,445.1212841514171,458.47827326214514,479.7341428560032,401.8316985171921,484.33817668239504,402.14293762023965,375.49416309576804,404.8612698943025,308.7124452073217,327.10129148478165,478.4488328568696,361.42686348958955,475.6559369027824,416.1573199177331,472.81773317041467,266.7773240954273,225.29902980249537,472.2979277400564,455.14956352476804,418.88029632584033,485.81461738597596,198.58145076713973,433.9810086861403,486.6588397782695,330.54148060563415,370.4024123808801,458.9869757538317,371.3969398879254,334.954188298997,465.216993743903,333.8659392943138,481.34975578763516,371.39987221614757,381.15044984064366,465.6852041579456,493.1137140740354,388.50896587637664,474.569996316524,422.08290945986164,369.8126861375311,406.6967771668967,439.69542705652276,426.6271761265375,429.67388920756576,472.5722631190913,352.6177826948738,399.610004837167,431.4907331026554,256.8691528934223,414.8223653119731,441.20544405858357,152.97748960251488,482.9242587343196,373.13122851398384,376.388449671829,274.78855367826,429.1652088614893,364.60997569186424,453.37665046375633,469.379001500189,467.17692821289654,428.23972663676807,432.28231633491157,438.3107239065258,447.590637938198,499.4837057940848,335.6450995205764,399.5012198734811,483.7537736946192,403.38822324020947,420.1614233422977,419.57819460169964,404.51935872340755,390.3737726832829,337.3616113554747,271.2586637620612,465.11471356252764,480.4045374203017,437.8111592997461,431.9006388102614,484.8461549436661,394.55961663330186,401.51244320248827,476.33200455338556,360.0353377981305,334.59739819086997,428.7422031086767,451.11137883558723,422.30108953634976,470.1523159072358,445.17054362325695,435.0785552350792,380.6546436278985,257.98169125154413,336.9957992154869,449.3625925526957,168.873301480482
2,30,476.3506243215418,391.1159500648022,404.62504518268406,478.31780267096883,382.52829541073527,457.41991802874435,389.0342116583279,247.66140357239925,460.69943748975714,440.20814262361387,330.79650397800856,444.6617415965263,357.75488549577346,478.63966884368193,483.9965328936817,421.24645265192606,466.321380205053,430.0480676201229,289.4869622477078,404.7325757177729,484.4657469999198,431.2014235095146,341.1930655326817,370.19130298195404,351.7035188709086,369.81970468190843,492.3797209189242,390.2976182988019,451.1516518450493,448.36504269272217,181.51441878338963,61.75027685704651,361.46933629248616,479.3910746615821,435.63053212067155,419.73112079240207,470.9975966161156,471.8126626999334,485.40682412874514,404.3563762651335,483.21452986711125,480.460829768312,230.24069804663569,417.2138798578107,428.8856163404461,443.76405650159387,449.45524870706214,446.505101995546,485.2084796117536,382.5602139695302,310.8367745706553,432.8718666577188,406.09600217903494,329.0883662631307,368.84119628391505,447.6150031919457,237.63940100573367,484.1009762339129,479.11101200663904,304.0130132040221,476.9956311447239,449.7295047018192,383.5948221502253,457.5872710511446,470.11691008348083,434.375202935332,396.99380356190284,444.67972235489185,454.34143011525555,451.48181012300927,277.19619433471945,465.1596302728582,280.3949113909326,432.48264607723166,411.5329393492601,344.7152788933313,436.9167019779112,464.10969913167537,483.24734570631495,377.7754186169259,319.5625543191868,249.37202376821,451.83814870737655,399.5148977606685,426.76434303713023,454.4352890376126,345.6560581841949,320.2581014390622,419.4319408651247,406.0544088972266,371.140715630984,387.70953979829113,469.074651338662,368.2506312839173,449.88545601565426,472.5257979546765,407.80476954208996,438.6134453576837,426.2345050126867,376.280949069441,478.0364526822247,449.915948523547,467.0966995473217,445.1212841514171,458.47827326214514,479.7341428560032,401.8316985171921,484.33817668239504,402.14293762023965,375.49416309576804,404.8612698943025,308.7124452073217,327.10129148478165,478.4488328568696,361.42686348958955,475.6559369027824,416.1573199177331,472.81773317041467,266.7773240954273,225.29902980249537,472.2979277400564,455.14956352476804,418.88029632584033,485.81461738597596,198.58145076713973,433.9810086861403,486.6588397782695,330.54148060563415,370.4024123808801,458.9869757538317,371.3969398879254,334.954188298997,465.216993743903,333.8659392943138,481.34975578763516,371.39987221614757,381.15044984064366,465.6852041579456,493.1137140740354,388.50896587637664,474.569996316524,422.08290945986164,369.8126861375311,406.6967771668967,439.69542705652276,426.6271761265375,429.67388920756576,472.5722631190913,352.6177826948738,399.610004837167,431.4907331026554,256.8691528934223,414.8223653119731,441.20544405858357,152.97748960251488,482.9242587343196,373.13122851398384,376.388449671829,274.78855367826,429.1652088614893,364.60997569186424,453.37665046375633,469.379001500189,467.17692821289654,428.23972663676807,432.28231633491157,438.3107239065258,447.590637938198,499.4837057940848,335.6450995205764,399.5012198734811,483.7537736946192,403.38822324020947,420.1614233422977,419.57819460169964,404.51935872340755,390.3737726832829,337.3616113554747,271.2586637620612,465.11471356252764,480.4045374203017,437.8111592997461,431.9006388102614,484.8461549436661,394.55961663330186,401.51244320248827,476.33200455338556,360.0353377981305,334.59739819086997,428.7422031086767,451.11137883558723,422.30108953634976,470.1523159072358,445.17054362325695,435.0785552350792,380.6546436278985,257.98169125154413,336.9957992154869,449.3625925526957,168.873301480482
2,31,476.3506243215418,391.1159500648022,404.62504518268406,478.31780267096883,382.52829541073527,457.41991802874435,389.0342116583279,247.66140357239925,460.69943748975714,440.20814262361387,330.79650397800856,444.6617415965263,357.75488549577346,478.63966884368193,483.9965328936817,421.24645265192606,466.321380205053,430.0480676201229,289.4869622477078,404.7325757177729,484.4657469999198,431.2014235095146,341.1930655326817,370.19130298195404,351.7035188709086,369.81970468190843,492.3797209189242,390.2976182988019,451.1516518450493,448.36504269272217,181.51441878338963,61.75027685704651,361.46933629248616,479.3910746615821,435.63053212067155,419.73112079240207,470.9975966161156,471.8126626999334,485.40682412874514,404.3563762651335,483.21452986711125,480.460829768312,230.24069804663569,417.2138798578107,428.8856163404461,443.76405650159387,449.45524870706214,446.505101995546,485.2084796117536,382.5602139695302,310.8367745706553,432.8718666577188,406.09600217903494,329.0883662631307,368.84119628391505,447.6150031919457,237.63940100573367,484.1009762339129,479.11101200663904,304.0130132040221,476.9956311447239,449.7295047018192,383.5948221502253,457.5872710511446,470.11691008348083,434.375202935332,396.99380356190284,444.67972235489185,454.34143011525555,451.48181012300927,277.19619433471945,465.1596302728582,280.3949113909326,432.48264607723166,411.5329393492601,344.7152788933313,436.9167019779112,464.10969913167537,483.24734570631495,377.7754186169259,319.5625543191868,249.37202376821,451.83814870737655,399.5148977606685,426.76434303713023,454.4352890376126,345.6560581841949,320.2581014390622,419.4319408651247,406.0544088972266,371.140715630984,387.70953979829113,469.074651338662,368.2506312839173,449.88545601565426,472.5257979546765,407.80476954208996,438.6134453576837,426.2345050126867,376.280949069441,478.0364526822247,449.915948523547,467.0966995473217,445.1212841514171,458.47827326214514,479.7341428560032,401.8316985171921,484.33817668239504,402.14293762023965,375.49416309576804,404.8612698943025,308.7124452073217,327.10129148478165,478.4488328568696,361.42686348958955,475.6559369027824,416.1573199177331,472.81773317041467,266.7773240954273,225.29902980249537,472.2979277400564,455.14956352476804,418.88029632584033,485.81461738597596,198.58145076713973,433.9810086861403,486.6588397782695,330.54148060563415,370.4024123808801,458.9869757538317,371.3969398879254,334.954188298997,465.216993743903,333.8659392943138,481.34975578763516,371.39987221614757,381.15044984064366,465.6852041579456,493.1137140740354,388.50896587637664,474.569996316524,422.08290945986164,369.8126861375311,406.6967771668967,439.69542705652276,426.6271761265375,429.67388920756576,472.5722631190913,352.6177826948738,399.610004837167,431.4907331026554,256.8691528934223,414.8223653119731,441.20544405858357,152.97748960251488,482.9242587343196,373.13122851398384,376.388449671829,274.78855367826,429.1652088614893,364.60997569186424,453.37665046375633,469.379001500189,467.17692821289654,428.23972663676807,432.28231633491157,438.3107239065258,447.590637938198,499.4837057940848,335.6450995205764,399.5012198734811,483.7537736946192,403.38822324020947,420.1614233422977,419.57819460169964,404.51935872340755,390.3737726832829,337.3616113554747,271.2586637620612,465.11471356252764,480.4045374203017,437.8111592997461,431.9006388102614,484.8461549436661,394.55961663330186,401.51244320248827,476.33200455338556,360.0353377981305,334.59739819086997,428.7422031086767,451.11137883558723,422.30108953634976,470.1523159072358,445.17054362325695,435.0785552350792,380.6546436278985,257.98169125154413,336.9957992154869,449.3625925526957,168.873301480482
2,32,476.3506243215418,391.1159500648022,404.62504518268406,478.31780267096883,382.52829541073527,457.41991802874435,389.0342116583279,247.66140357239925,460.69943748975714,440.20814262361387,330.79650397800856,444.6617415965263,357.75488549577346,478.63966884368193,483.9965328936817,421.24645265192606,466.321380205053,430.0480676201229,289.4869622477078,404.7325757177729,484.4657469999198,431.2014235095146,341.1930655326817,370.19130298195404,351.7035188709086,369.81970468190843,492.3797209189242,390.2976182988019,451.1516518450493,448.36504269272217,181.51441878338963,61.75027685704651,361.46933629248616,479.3910746615821,435.63053212067155,419.73112079240207,470.9975966161156,471.8126626999334,485.40682412874514,404.3563762651335,483.21452986711125,480.460829768312,230.24069804663569,417.2138798578107,428.8856163404461,443.76405650159387,449.45524870706214,446.505101995546,485.2084796117536,382.5602139695302,310.8367745706553,432.8718666577188,406.09600217903494,329.0883662631307,368.84119628391505,447.6150031919457,237.63940100573367,484.1009762339129,479.11101200663904,304.0130132040221,476.9956311447239,449.7295047018192,383.5948221502253,457.5872710511446,470.11691008348083,434.375202935332,396.99380356190284,444.67972235489185,454.34143011525555,451.48181012300927,277.19619433471945,465.1596302728582,280.3949113909326,432.48264607723166,411.5329393492601,344.7152788933313,436.9167019779112,464.10969913167537,483.24734570631495,377.7754186169259,319.5625543191868,249.37202376821,451.83814870737655,399.5148977606685,426.76434303713023,454.4352890376126,345.6560581841949,320.2581014390622,419.4319408651247,406.0544088972266,371.140715630984,387.70953979829113,469.074651338662,368.2506312839173,449.88545601565426,472.5257979546765,407.80476954208996,438.6134453576837,426.2345050126867,376.280949069441,478.0364526822247,449.915948523547,467.0966995473217,445.1212841514171,458.47827326214514,479.7341428560032,401.8316985171921,484.33817668239504,402.14293762023965,375.49416309576804,404.8612698943025,308.7124452073217,327.10129148478165,478.4488328568696,361.42686348958955,475.6559369027824,416.1573199177331,472.81773317041467,266.7773240954273,225.29902980249537,472.2979277400564,455.14956352476804,418.88029632584033,485.81461738597596,198.58145076713973,433.9810086861403,486.6588397782695,330.54148060563415,370.4024123808801,458.9869757538317,371.3969398879254,334.954188298997,465.216993743903,333.8659392943138,481.34975578763516,371.39987221614757,381.15044984064366,465.6852041579456,493.1137140740354,388.50896587637664,474.569996316524,422.08290945986164,369.8126861375311,406.6967771668967,439.69542705652276,426.6271761265375,429.67388920756576,472.5722631190913,352.6177826948738,399.610004837167,431.4907331026554,256.8691528934223,414.8223653119731,441.20544405858357,152.97748960251488,482.9242587343196,373.13122851398384,376.388449671829,274.78855367826,429.1652088614893,364.60997569186424,453.37665046375633,469.379001500189,467.17692821289654,428.23972663676807,432.28231633491157,438.3107239065258,447.590637938198,499.4837057940848,335.6450995205764,399.5012198734811,483.7537736946192,403.38822324020947,420.1614233422977,419.57819460169964,404.51935872340755,390.3737726832829,337.3616113554747,271.2586637620612,465.11471356252764,480.4045374203017,437.8111592997461,431.9006388102614,484.8461549436661,394.55961663330186,401.51244320248827,476.33200455338556,360.0353377981305,334.59739819086997,428.7422031086767,451.11137883558723,422.30108953634976,470.1523159072358,445.17054362325695,435.0785552350792,380.6546436278985,257.98169125154413,336.9957992154869,449.3625925526957,168.873301480482
2,33,476.3506243215418,391.1159500648022,404.62504518268406,478.31780267096883,382.52829541073527,457.41991802874435,389.0342116583279,247.66140357239925,460.69943748975714,440.20814262361387,330.79650397800856,444.6617415965263,357.75488549577346,478.63966884368193,483.9965328936817,421.24645265192606,466.321380205053,430.0480676201229,289.4869622477078,404.7325757177729,484.4657469999198,431.2014235095146,341.1930655326817,370.19130298195404,351.7035188709086,369.81970468190843,492.3797209189242,390.2976182988019,451.1516518450493,448.36504269272217,181.51441878338963,61.75027685704651,361.46933629248616,479.3910746615821,435.63053212067155,419.73112079240207,470.9975966161156,471.8126626999334,485.40682412874514,404.3563762651335,483.21452986711125,480.460829768312,230.24069804663569,417.2138798578107,428.8856163404461,443.76405650159387,449.45524870706214,446.505101995546,485.2084796117536,382.5602139695302,310.8367745706553,432.8718666577188,406.09600217903494,329.0883662631307,368.84119628391505,447.6150031919457,237.63940100573367,484.1009762339129,479.11101200663904,304.0130132040221,476.9956311447239,449.7295047018192,383.5948221502253,457.5872710511446,470.11691008348083,434.375202935332,396.99380356190284,444.67972235489185,454.34143011525555,451.48181012300927,277.19619433471945,465.1596302728582,280.3949113909326,432.48264607723166,411.5329393492601,344.7152788933313,436.9167019779112,464.10969913167537,483.24734570631495,377.7754186169259,319.5625543191868,249.37202376821,451.83814870737655,399.5148977606685,426.76434303713023,454.4352890376126,345.6560581841949,320.2581014390622,419.4319408651247,406.0544088972266,371.140715630984,387.70953979829113,469.074651338662,368.2506312839173,449.88545601565426,472.5257979546765,407.80476954208996,438.6134453576837,426.2345050126867,376.280949069441,478.0364526822247,449.915948523547,467.0966995473217,445.1212841514171,458.47827326214514,479.7341428560032,401.8316985171921,484.33817668239504,402.14293762023965,375.49416309576804,404.8612698943025,308.7124452073217,327.10129148478165,478.4488328568696,361.42686348958955,475.6559369027824,416.1573199177331,472.81773317041467,266.7773240954273,225.29902980249537,472.2979277400564,455.14956352476804,418.88029632584033,485.81461738597596,198.58145076713973,433.9810086861403,486.6588397782695,330.54148060563415,370.4024123808801,458.9869757538317,371.3969398879254,334.954188298997,465.216993743903,333.8659392943138,481.34975578763516,371.39987221614757,381.15044984064366,465.6852041579456,493.1137140740354,388.50896587637664,474.569996316524,422.08290945986164,369.8126861375311,406.6967771668967,439.69542705652276,426.6271761265375,429.67388920756576,472.5722631190913,352.6177826948738,399.610004837167,431.4907331026554,256.8691528934223,414.8223653119731,441.20544405858357,152.97748960251488,482.9242587343196,373.13122851398384,376.388449671829,274.78855367826,429.1652088614893,364.60997569186424,453.37665046375633,469.379001500189,467.17692821289654,428.23972663676807,432.28231633491157,438.3107239065258,447.590637938198,499.4837057940848,335.6450995205764,399.5012198734811,483.7537736946192,403.38822324020947,420.1614233422977,419.57819460169964,404.51935872340755,390.3737726832829,337.3616113554747,271.2586637620612,465.11471356252764,480.4045374203017,437.8111592997461,431.9006388102614,484.8461549436661,394.55961663330186,401.51244320248827,476.33200455338556,360.0353377981305,334.59739819086997,428.7422031086767,451.11137883558723,422.30108953634976,470.1523159072358,445.17054362325695,435.0785552350792,380.6546436278985,257.98169125154413,336.9957992154869,449.3625925526957,168.873301480482
2,34,476.3506243215418,391.1159500648022,404.62504518268406,478.31780267096883,382.52829541073527,457.41991802874435,389.0342116583279,247.66140357239925,460.69943748975714,440.20814262361387,330.79650397800856,444.6617415965263,357.75488549577346,478.63966884368193,483.9965328936817,421.24645265192606,466.321380205053,430.0480676201229,289.4869622477078,404.7325757177729,484.4657469999198,431.2014235095146,341.1930655326817,370.19130298195404,351.7035188709086,369.81970468190843,492.3797209189242,390.2976182988019,451.1516518450493,448.36504269272217,181.51441878338963,61.75027685704651,361.46933629248616,479.3910746615821,435.63053212067155,419.73112079240207,470.9975966161156,471.8126626999334,485.40682412874514,404.3563762651335,483.21452986711125,480.460829768312,230.24069804663569,417.2138798578107,428.8856163404461,443.76405650159387,449.45524870706214,446.505101995546,485.2084796117536,382.5602139695302,310.8367745706553,432.8718666577188,406.09600217903494,329.0883662631307,368.84119628391505,447.6150031919457,237.63940100573367,484.1009762339129,479.11101200663904,304.0130132040221,476.9956311447239,449.7295047018192,383.5948221502253,457.5872710511446,470.11691008348083,434.375202935332,396.99380356190284,444.67972235489185,454.34143011525555,451.48181012300927,277.19619433471945,465.1596302728582,280.3949113909326,432.48264607723166,411.5329393492601,344.7152788933313,436.9167019779112,464.10969913167537,483.24734570631495,377.7754186169259,319.5625543191868,249.37202376821,451.83814870737655,399.5148977606685,426.76434303713023,454.4352890376126,345.6560581841949,320.2581014390622,419.4319408651247,406.0544088972266,371.140715630984,387.70953979829113,469.074651338662,368.2506312839173,449.88545601565426,472.5257979546765,407.80476954208996,438.6134453576837,426.2345050126867,376.280949069441,478.0364526822247,449.915948523547,467.0966995473217,445.1212841514171,458.47827326214514,479.7341428560032,401.8316985171921,484.33817668239504,402.14293762023965,375.49416309576804,404.8612698943025,308.7124452073217,327.10129148478165,478.4488328568696,361.42686348958955,475.6559369027824,416.1573199177331,472.81773317041467,266.7773240954273,225.29902980249537,472.2979277400564,455.14956352476804,418.88029632584033,485.81461738597596,198.58145076713973,433.9810086861403,486.6588397782695,330.54148060563415,370.4024123808801,458.9869757538317,371.3969398879254,334.954188298997,465.216993743903,333.8659392943138,481.34975578763516,371.39987221614757,381.15044984064366,465.6852041579456,493.1137140740354,388.50896587637664,474.569996316524,422.08290945986164,369.8126861375311,406.6967771668967,439.69542705652276,426.6271761265375,429.67388920756576,472.5722631190913,352.6177826948738,399.610004837167,431.4907331026554,256.8691528934223,414.8223653119731,441.20544405858357,152.97748960251488,482.9242587343196,373.13122851398384,376.388449671829,274.78855367826,429.1652088614893,364.60997569186424,453.37665046375633,469.379001500189,467.17692821289654,428.23972663676807,432.28231633491157,438.3107239065258,447.590637938198,499.4837057940848,335.6450995205764,399.5012198734811,483.7537736946192,403.38822324020947,420.1614233422977,419.57819460169964,404.51935872340755,390.3737726832829,337.3616113554747,271.2586637620612,465.11471356252764,480.4045374203017,437.8111592997461,431.9006388102614,484.8461549436661,394.55961663330186,401.51244320248827,476.33200455338556,360.0353377981305,334.59739819086997,428.7422031086767,451.11137883558723,422.30108953634976,470.1523159072358,445.17054362325695,435.0785552350792,380.6546436278985,257.98169125154413,336.9957992154869,449.3625925526957,168.873301480482
2,35,476.3506243215418,391.1159500648022,404.62504518268406,478.31780267096883,382.52829541073527,457.41991802874435,389.0342116583279,247.66140357239925,460.69943748975714,440.20814262361387,330.79650397800856,444.6617415965263,357.75488549577346,478.63966884368193,483.9965328936817,421.24645265192606,466.321380205053,430.0480676201229,289.4869622477078,404.7325757177729,484.4657469999198,431.2014235095146,341.1930655326817,370.19130298195404,351.7035188709086,369.81970468190843,492.3797209189242,390.2976182988019,451.1516518450493,448.36504269272217,181.51441878338963,61.75027685704651,361.46933629248616,479.3910746615821,435.63053212067155,419.73112079240207,470.9975966161156,471.8126626999334,485.40682412874514,404.3563762651335,483.21452986711125,480.460829768312,230.24069804663569,417.2138798578107,428.8856163404461,443.76405650159387,449.45524870706214,446.505101995546,485.2084796117536,382.5602139695302,310.8367745706553,432.8718666577188,406.09600217903494,329.0883662631307,368.84119628391505,447.6150031919457,237.63940100573367,484.1009762339129,479.11101200663904,304.0130132040221,476.9956311447239,449.7295047018192,383.5948221502253,457.5872710511446,470.11691008348083,434.375202935332,396.99380356190284,444.67972235489185,454.34143011525555,451.48181012300927,277.19619433471945,465.1596302728582,280.3949113909326,432.48264607723166,411.5329393492601,344.7152788933313,436.9167019779112,464.10969913167537,483.24734570631495,377.7754186169259,319.5625543191868,249.37202376821,451.83814870737655,399.5148977606685,426.76434303713023,454.4352890376126,345.6560581841949,320.2581014390622,419.4319408651247,406.0544088972266,371.140715630984,387.70953979829113,469.074651338662,368.2506312839173,449.88545601565426,472.5257979546765,407.80476954208996,438.6134453576837,426.2345050126867,376.280949069441,478.0364526822247,449.915948523547,467.0966995473217,445.1212841514171,458.47827326214514,479.7341428560032,401.8316985171921,484.33817668239504,402.14293762023965,375.49416309576804,404.8612698943025,308.7124452073217,327.10129148478165,478.4488328568696,361.42686348958955,475.6559369027824,416.1573199177331,472.81773317041467,266.7773240954273,225.29902980249537,472.2979277400564,455.14956352476804,418.88029632584033,485.81461738597596,198.58145076713973,433.9810086861403,486.6588397782695,330.54148060563415,370.4024123808801,458.9869757538317,371.3969398879254,334.954188298997,465.216993743903,333.8659392943138,481.34975578763516,371.39987221614757,381.15044984064366,465.6852041579456,493.1137140740354,388.50896587637664,474.569996316524,422.08290945986164,369.8126861375311,406.6967771668967,439.69542705652276,426.6271761265375,429.67388920756576,472.5722631190913,352.6177826948738,399.610004837167,431.4907331026554,256.8691528934223,414.8223653119731,441.20544405858357,152.97748960251488,482.9242587343196,373.13122851398384,376.388449671829,274.78855367826,429.1652088614893,364.60997569186424,453.37665046375633,469.379001500189,467.17692821289654,428.23972663676807,432.28231633491157,438.3107239065258,447.590637938198,499.4837057940848,335.6450995205764,399.5012198734811,483.7537736946192,403.38822324020947,420.1614233422977,419.57819460169964,404.51935872340755,390.3737726832829,337.3616113554747,271.2586637620612,465.11471356252764,480.4045374203017,437.8111592997461,431.9006388102614,484.8461549436661,394.55961663330186,401.51244320248827,476.33200455338556,360.0353377981305,334.59739819086997,428.7422031086767,451.11137883558723,422.30108953634976,470.1523159072358,445.17054362325695,435.0785552350792,380.6546436278985,257.98169125154413,336.9957992154869,449.3625925526957,168.873301480482
2,36,476.3506243215418,391.1159500648022,404.62504518268406,478.31780267096883,382.52829541073527,457.41991802874435,389.0342116583279,247.66140357239925,460.69943748975714,440.20814262361387,330.79650397800856,444.6617415965263,357.75488549577346,478.63966884368193,483.9965328936817,421.24645265192606,466.321380205053,430.0480676201229,289.4869622477078,404.7325757177729,484.4657469999198,431.2014235095146,341.1930655326817,370.19130298195404,351.7035188709086,369.81970468190843,492.3797209189242,390.2976182988019,451.1516518450493,448.36504269272217,181.51441878338963,61.75027685704651,361.46933629248616,479.3910746615821,435.63053212067155,419.73112079240207,470.9975966161156,471.8126626999334,485.40682412874514,404.3563762651335,483.21452986711125,480.460829768312,230.24069804663569,417.2138798578107,428.8856163404461,443.76405650159387,449.45524870706214,446.505101995546,485.2084796117536,382.5602139695302,310.8367745706553,432.8718666577188,406.09600217903494,329.0883662631307,368.84119628391505,447.6150031919457,237.63940100573367,484.1009762339129,479.11101200663904,304.0130132040221,476.9956311447239,449.7295047018192,383.5948221502253,457.5872710511446,470.11691008348083,434.375202935332,396.99380356190284,444.67972235489185,454.34143011525555,451.48181012300927,277.19619433471945,465.1596302728582,280.3949113909326,432.48264607723166,411.5329393492601,344.7152788933313,436.9167019779112,464.10969913167537,483.24734570631495,377.7754186169259,319.5625543191868,249.37202376821,451.83814870737655,399.5148977606685,426.76434303713023,454.4352890376126,345.6560581841949,320.2581014390622,419.4319408651247,406.0544088972266,371.140715630984,387.70953979829113,469.074651338662,368.2506312839173,449.88545601565426,472.5257979546765,407.80476954208996,438.6134453576837,426.2345050126867,376.280949069441,478.0364526822247,449.915948523547,467.0966995473217,445.1212841514171,458.47827326214514,479.7341428560032,401.8316985171921,484.33817668239504,402.14293762023965,375.49416309576804,404.8612698943025,308.7124452073217,327.10129148478165,478.4488328568696,361.42686348958955,475.6559369027824,416.1573199177331,472.81773317041467,266.7773240954273,225.29902980249537,472.2979277400564,455.14956352476804,418.88029632584033,485.81461738597596,198.58145076713973,433.9810086861403,486.6588397782695,330.54148060563415,370.4024123808801,458.9869757538317,371.3969398879254,334.954188298997,465.216993743903,333.8659392943138,481.34975578763516,371.39987221614757,381.15044984064366,465.6852041579456,493.1137140740354,388.50896587637664,474.569996316524,422.08290945986164,369.8126861375311,406.6967771668967,439.69542705652276,426.6271761265375,429.67388920756576,472.5722631190913,352.6177826948738,399.610004837167,431.4907331026554,256.8691528934223,414.8223653119731,441.20544405858357,152.97748960251488,482.9242587343196,373.13122851398384,376.388449671829,274.78855367826,429.1652088614893,364.60997569186424,453.37665046375633,469.379001500189,467.17692821289654,428.23972663676807,432.28231633491157,438.3107239065258,447.590637938198,499.4837057940848,335.6450995205764,399.5012198734811,483.7537736946192,403.38822324020947,420.1614233422977,419.57819460169964,404.51935872340755,390.3737726832829,337.3616113554747,271.2586637620612,465.11471356252764,480.4045374203017,437.8111592997461,431.9006388102614,484.8461549436661,394.55961663330186,401.51244320248827,476.33200455338556,360.0353377981305,334.59739819086997,428.7422031086767,451.11137883558723,422.30108953634976,470.1523159072358,445.17054362325695,435.0785552350792,380.6546436278985,257.98169125154413,336.9957992154869,449.3625925526957,168.873301480482
2,37,476.3506243215418,391.1159500648022,404.62504518268406,478.31780267096883,382.52829541073527,457.41991802874435,389.0342116583279,247.66140357239925,460.69943748975714,440.20814262361387,330.79650397800856,444.6617415965263,357.75488549577346,478.63966884368193,483.9965328936817,421.24645265192606,466.321380205053,430.0480676201229,289.4869622477078,404.7325757177729,484.4657469999198,431.2014235095146,341.1930655326817,370.19130298195404,351.7035188709086,369.81970468190843,492.3797209189242,390.2976182988019,451.1516518450493,448.36504269272217,181.51441878338963,61.75027685704651,361.46933629248616,479.3910746615821,435.63053212067155,419.73112079240207,470.9975966161156,471.8126626999334,485.40682412874514,404.3563762651335,483.21452986711125,480.460829768312,230.24069804663569,417.2138798578107,428.8856163404461,443.76405650159387,449.45524870706214,446.505101995546,485.2084796117536,382.5602139695302,310.8367745706553,432.8718666577188,406.09600217903494,329.0883662631307,368.84119628391505,447.6150031919457,237.63940100573367,484.1009762339129,479.11101200663904,304.0130132040221,476.9956311447239,449.7295047018192,383.5948221502253,457.5872710511446,470.11691008348083,434.375202935332,396.99380356190284,444.67972235489185,454.34143011525555,451.48181012300927,277.19619433471945,465.1596302728582,280.3949113909326,432.48264607723166,411.5329393492601,344.7152788933313,436.9167019779112,464.10969913167537,483.24734570631495,377.7754186169259,319.5625543191868,249.37202376821,451.83814870737655,399.5148977606685,426.76434303713023,454.4352890376126,345.6560581841949,320.2581014390622,419.4319408651247,406.0544088972266,371.140715630984,387.70953979829113,469.074651338662,368.2506312839173,449.88545601565426,472.5257979546765,407.80476954208996,438.6134453576837,426.2345050126867,376.280949069441,478.0364526822247,449.915948523547,467.0966995473217,445.1212841514171,458.47827326214514,479.7341428560032,401.8316985171921,484.33817668239504,402.14293762023965,375.49416309576804,404.8612698943025,308.7124452073217,327.10129148478165,478.4488328568696,361.42686348958955,475.6559369027824,416.1573199177331,472.81773317041467,266.7773240954273,225.29902980249537,472.2979277400564,455.14956352476804,418.88029632584033,485.81461738597596,198.58145076713973,433.9810086861403,486.6588397782695,330.54148060563415,370.4024123808801,458.9869757538317,371.3969398879254,334.954188298997,465.216993743903,333.8659392943138,481.34975578763516,371.39987221614757,381.15044984064366,465.6852041579456,493.1137140740354,388.50896587637664,474.569996316524,422.08290945986164,369.8126861375311,406.6967771668967,439.69542705652276,426.6271761265375,429.67388920756576,472.5722631190913,352.6177826948738,399.610004837167,431.4907331026554,256.8691528934223,414.8223653119731,441.20544405858357,152.97748960251488,482.9242587343196,373.13122851398384,376.388449671829,274.78855367826,429.1652088614893,364.60997569186424,453.37665046375633,469.379001500189,467.17692821289654,428.23972663676807,432.28231633491157,438.3107239065258,447.590637938198,499.4837057940848,335.6450995205764,399.5012198734811,483.7537736946192,403.38822324020947,420.1614233422977,419.57819460169964,404.51935872340755,390.3737726832829,337.3616113554747,271.2586637620612,465.11471356252764,480.4045374203017,437.8111592997461,431.9006388102614,484.8461549436661,394.55961663330186,401.51244320248827,476.33200455338556,360.0353377981305,334.59739819086997,428.7422031086767,451.11137883558723,422.30108953634976,470.1523159072358,445.17054362325695,435.0785552350792,380.6546436278985,257.98169125154413,336.9957992154869,449.3625925526957,168.873301480482
2,38,476.3506243215418,391.1159500648022,404.62504518268406,478.31780267096883,382.52829541073527,457.41991802874435,389.0342116583279,247.66140357239925,460.69943748975714,440.20814262361387,330.79650397800856,444.6617415965263,357.75488549577346,478.63966884368193,483.9965328936817,421.24645265192606,466.321380205053,430.0480676201229,289.4869622477078,404.7325757177729,484.4657469999198,431.2014235095146,341.1930655326817,370.19130298195404,351.7035188709086,369.81970468190843,492.3797209189242,390.2976182988019,451.1516518450493,448.36504269272217,181.51441878338963,61.75027685704651,361.46933629248616,479.3910746615821,435.63053212067155,419.73112079240207,470.9975966161156,471.8126626999334,485.40682412874514,404.3563762651335,483.21452986711125,480.460829768312,230.24069804663569,417.2138798578107,428.8856163404461,443.76405650159387,449.45524870706214,446.505101995546,485.2084796117536,382.5602139695302,310.8367745706553,432.8718666577188,406.09600217903494,329.0883662631307,368.84119628391505,447.6150031919457,237.63940100573367,484.1009762339129,479.11101200663904,304.0130132040221,476.9956311447239,449.7295047018192,383.5948221502253,457.5872710511446,470.11691008348083,434.375202935332,396.99380356190284,444.67972235489185,454.34143011525555,451.48181012300927,277.19619433471945,465.1596302728582,280.3949113909326,432.48264607723166,411.5329393492601,344.7152788933313,436.9167019779112,464.10969913167537,483.24734570631495,377.7754186169259,319.5625543191868,249.37202376821,451.83814870737655,399.5148977606685,426.76434303713023,454.4352890376126,345.6560581841949,320.2581014390622,419.4319408651247,406.0544088972266,371.140715630984,387.70953979829113,469.074651338662,368.2506312839173,449.88545601565426,472.5257979546765,407.80476954208996,438.6134453576837,426.2345050126867,376.280949069441,478.0364526822247,449.915948523547,467.0966995473217,445.1212841514171,458.47827326214514,479.7341428560032,401.8316985171921,484.33817668239504,402.14293762023965,375.49416309576804,404.8612698943025,308.7124452073217,327.10129148478165,478.4488328568696,361.42686348958955,475.6559369027824,416.1573199177331,472.81773317041467,266.7773240954273,225.29902980249537,472.2979277400564,455.14956352476804,418.88029632584033,485.81461738597596,198.58145076713973,433.9810086861403,486.6588397782695,330.54148060563415,370.4024123808801,458.9869757538317,371.3969398879254,334.954188298997,465.216993743903,333.8659392943138,481.34975578763516,371.39987221614757,381.15044984064366,465.6852041579456,493.1137140740354,388.50896587637664,474.569996316524,422.08290945986164,369.8126861375311,406.6967771668967,439.69542705652276,426.6271761265375,429.67388920756576,472.5722631190913,352.6177826948738,399.610004837167,431.4907331026554,256.8691528934223,414.8223653119731,441.20544405858357,152.97748960251488,482.9242587343196,373.13122851398384,376.388449671829,274.78855367826,429.1652088614893,364.60997569186424,453.37665046375633,469.379001500189,467.17692821289654,428.23972663676807,432.28231633491157,438.3107239065258,447.590637938198,499.4837057940848,335.6450995205764,399.5012198734811,483.7537736946192,403.38822324020947,420.1614233422977,419.57819460169964,404.51935872340755,390.3737726832829,337.3616113554747,271.2586637620612,465.11471356252764,480.4045374203017,437.8111592997461,431.9006388102614,484.8461549436661,394.55961663330186,401.51244320248827,476.33200455338556,360.0353377981305,334.59739819086997,428.7422031086767,451.11137883558723,422.30108953634976,470.1523159072358,445.17054362325695,435.0785552350792,380.6546436278985,257.98169125154413,336.9957992154869,449.3625925526957,168.873301480482
2,39,476.3506243215418,391.1159500648022,404.62504518268406,478.31780267096883,382.52829541073527,457.41991802874435,389.0342116583279,247.66140357239925,460.69943748975714,440.20814262361387,330.79650397800856,444.6617415965263,357.75488549577346,478.63966884368193,483.9965328936817,421.24645265192606,466.321380205053,430.0480676201229,289.4869622477078,404.7325757177729,484.4657469999198,431.2014235095146,341.1930655326817,370.19130298195404,351.7035188709086,369.81970468190843,492.3797209189242,390.2976182988019,451.1516518450493,448.36504269272217,181.51441878338963,61.75027685704651,361.46933629248616,479.3910746615821,435.63053212067155,419.73112079240207,470.9975966161156,471.8126626999334,485.40682412874514,404.3563762651335,483.21452986711125,480.460829768312,230.24069804663569,417.2138798578107,428.8856163404461,443.76405650159387,449.45524870706214,446.505101995546,485.2084796117536,382.5602139695302,310.8367745706553,432.8718666577188,406.09600217903494,329.0883662631307,368.84119628391505,447.6150031919457,237.63940100573367,484.1009762339129,479.11101200663904,304.0130132040221,476.9956311447239,449.7295047018192,383.5948221502253,457.5872710511446,470.11691008348083,434.375202935332,396.99380356190284,444.67972235489185,454.34143011525555,451.48181012300927,277.19619433471945,465.1596302728582,280.3949113909326,432.48264607723166,411.5329393492601,344.7152788933313,436.9167019779112,464.10969913167537,483.24734570631495,377.7754186169259,319.5625543191868,249.37202376821,451.83814870737655,399.5148977606685,426.76434303713023,454.4352890376126,345.6560581841949,320.2581014390622,419.4319408651247,406.0544088972266,371.140715630984,387.70953979829113,469.074651338662,368.2506312839173,449.88545601565426,472.5257979546765,407.80476954208996,438.6134453576837,426.2345050126867,376.280949069441,478.0364526822247,449.915948523547,467.0966995473217,445.1212841514171,458.47827326214514,479.7341428560032,401.8316985171921,484.33817668239504,402.14293762023965,375.49416309576804,404.8612698943025,308.7124452073217,327.10129148478165,478.4488328568696,361.42686348958955,475.6559369027824,416.1573199177331,472.81773317041467,266.7773240954273,225.29902980249537,472.2979277400564,455.14956352476804,418.88029632584033,485.81461738597596,198.58145076713973,433.9810086861403,486.6588397782695,330.54148060563415,370.4024123808801,458.9869757538317,371.3969398879254,334.954188298997,465.216993743903,333.8659392943138,481.34975578763516,371.39987221614757,381.15044984064366,465.6852041579456,493.1137140740354,388.50896587637664,474.569996316524,422.08290945986164,369.8126861375311,406.6967771668967,439.69542705652276,426.6271761265375,429.67388920756576,472.5722631190913,352.6177826948738,399.610004837167,431.4907331026554,256.8691528934223,414.8223653119731,441.20544405858357,152.97748960251488,482.9242587343196,373.13122851398384,376.388449671829,274.78855367826,429.1652088614893,364.60997569186424,453.37665046375633,469.379001500189,467.17692821289654,428.23972663676807,432.28231633491157,438.3107239065258,447.590637938198,499.4837057940848,335.6450995205764,399.5012198734811,483.7537736946192,403.38822324020947,420.1614233422977,419.57819460169964,404.51935872340755,390.3737726832829,337.3616113554747,271.2586637620612,465.11471356252764,480.4045374203017,437.8111592997461,431.9006388102614,484.8461549436661,394.55961663330186,401.51244320248827,476.33200455338556,360.0353377981305,334.59739819086997,428.7422031086767,451.11137883558723,422.30108953634976,470.1523159072358,445.17054362325695,435.0785552350792,380.6546436278985,257.98169125154413,336.9957992154869,449.3625925526957,168.873301480482
3,0,428.8704955639598,439.22520809874555,61.526232252510624,492.3797209189242,382.52829541073527,370.19130298195404,448.10567239333204,394.41007963522014,399.610004837167,459.83415767694,371.39987221614757,406.09600217903494,426.9287339608814,451.1516518450493,452.2433035555061,427.73148331047287,442.2761293080063,331.2299589544509,257.98169125154413,470.9975966161156,431.4129308949103,478.1699121225565,454.7350113430496,334.2113303917084,419.04256901421326,444.67972235489185,302.85559799728486,319.0916371802236,391.5314884055834,484.23243062207786,475.6559369027824,229.91799028229926,409.12937037545476,360.0353377981305,438.6510574391179,483.7537736946192,441.2440977809547,443.90756951618465,368.84119628391505,341.1930655326817,369.8196707203482,388.42000975401254,380.97546044335695,390.2976182988019,428.00003791206194,472.81773317041467,429.67388920756576,495.78544586816525,404.51935872340755,447.9128981196117,484.77094184227735,381.15044984064366,402.1538754991247,307.81815558762696,460.69943748975714,420.36072602336816,436.9167019779112,472.5722631190913,465.11471356252764,343.0421309619583,369.9247652984614,426.5734436125409,361.34339418663404,374.08478012676505,351.99107120234817,476.9956311447239,434.375202935332,345.6560581841949,415.73284161818884,483.7571185715089,438.3493874425056,428.23972663676807,452.92879287768176,465.6852041579456,437.8111592997461,373.13122851398384,366.3775248269128,327.621047256855,475.6525720126528,375.66774866790826,484.37401802700606,271.0624866654241,388.89341932756554,371.05279271235537,468.14460727010055,399.4433809061803,401.5181130916737,438.61516412758186,449.53391069846566,478.6320703389099,448.88390968399995,249.37202376821,247.66140357239925,337.02389645582235,395.4957918902491,480.73444702456567,484.857237725197,277.19619433471945,432.48264607723166,374.95268961437233,487.1769500339308,433.5192005097892,472.2979277400564,484.90282052623587,450.32037612201873,266.376083942933,458.9869757538317,457.41991802874435,455.14956352476804,465.216993743903,377.4647167886856,368.78812488935165,404.64132926249766,152.19814022705253,432.28231633491157,404.0781674544732,428.7422031086767,479.4678954290507,361.42686348958955,225.29902980249537,465.99340824534744,432.75779647142025,274.78855367826,398.7081103825617,406.6967771668967,199.0294270000743,368.3384094202735,429.74195511135684,414.8223653119731,422.9575868086202,335.6450995205764,383.65886615711725,478.0364526822247,380.8227036578165,467.0966995473217,422.30108953634976,470.11691008348083,445.1212841514171,471.1924004104827,449.45524870706214,475.72303636256254,466.321380205053,456.79998462815047,434.9890719470143,419.4319408651247,337.1485518200771,470.1523159072358,477.3834100896288,237.63940100573367,403.2307487385879,369.81970468190843,426.38584049601536,465.1596302728582,310.662335597745,482.8321152697477,405.71997471845606,334.59739819086997,450.95848417014,418.88029632584033,467.17692821289654,446.30180861850636,422.5000557964448,390.12147583122885,403.11021066728125,438.3107239065258,491.39307802721515,469.90285790677467,286.7899230106988,478.9631183700227,485.2084796117536,449.915948523547,479.65482360267526,483.81969572552066,472.21110813640746,401.51244320248827,168.06538409753713,329.0883662631307,320.2581014390622,446.505101995546,256.8691528934223,181.43930909079947,357.75488549577346,484.8461549436661,449.3625925526957,416.1573199177331,457.5872710511446,482.9291900892127,420.1614233422977,387.70953979829113,479.7341428560032,411.5329393492601,404.7325757177729,333.8659392943138,443.76405650159387,279.80007659312463,474.569996316524,330.8379878379363,431.4907331026554,351.7035188709086,479.80948378419725
3,1,428.8704955639598,440.20814262361387,61.526232252510624,492.3797209189242,382.52829541073527,370.19130298195404,447.590637938198,394.31846311751536,399.610004837167,458.47827326214514,371.39987221614757,406.09600217903494,426.6271761265375,450.2774174601278,451.6923537184896,427.73148331047287,445.17054362325695,330.79650397800856,257.98169125154413,470.9975966161156,431.4129308949103,479.3910746615821,454.4352890376126,334.954188298997,419.57819460169964,444.67972235489185,302.85559799728486,319.5625543191868,391.1159500648022,484.23243062207786,475.6559369027824,230.24069804663569,407.80476954208996,360.0353377981305,438.6510574391179,483.7537736946192,441.20544405858357,444.6617415965263,368.84119628391505,341.1930655326817,370.4024123808801,389.0342116583279,380.6546436278985,390.2976182988019,426.0528490012698,472.81773317041467,429.67388920756576,495.78544586816525,404.51935872340755,448.36504269272217,484.33817668239504,381.15044984064366,402.1538754991247,308.2467997505207,460.69943748975714,419.73112079240207,436.9167019779112,473.0396574640326,465.11471356252764,343.0421309619583,369.9247652984614,426.2345050126867,361.46933629248616,374.08478012676505,352.6177826948738,476.9956311447239,434.375202935332,345.6560581841949,415.73284161818884,483.4005049169395,435.63053212067155,427.9293724539271,453.37665046375633,465.6852041579456,439.0306503352901,373.13122851398384,364.60997569186424,327.10129148478165,475.6525720126528,376.388449671829,484.37401802700606,271.0624866654241,388.50896587637664,371.05279271235537,469.074651338662,399.5012198734811,401.7741647116884,437.8627549514134,449.30396150599955,478.63966884368193,448.88390968399995,249.37202376821,247.66140357239925,336.9957992154869,394.7091066489714,480.460829768312,484.4657469999198,277.19619433471945,432.48264607723166,376.280949069441,486.6588397782695,433.5192005097892,472.2979277400564,483.24734570631495,450.3377144613776,266.376083942933,458.9869757538317,457.41991802874435,455.14956352476804,465.216993743903,376.6180120051737,368.78812488935165,405.89579739706915,152.19814022705253,432.28231633491157,404.8612698943025,428.7422031086767,480.4045374203017,361.18211703972975,225.29902980249537,464.10969913167537,431.9006388102614,274.78855367826,398.7081103825617,406.6967771668967,198.58145076713973,368.2506312839173,429.98081962995633,414.8223653119731,421.24645265192606,335.6450995205764,383.5948221502253,476.36551683677123,380.8227036578165,467.0966995473217,422.07368915386456,470.11691008348083,445.1212841514171,471.1924004104827,449.45524870706214,475.72303636256254,466.321380205053,454.34143011525555,432.8718666577188,419.4319408651247,337.3616113554747,470.1523159072358,477.3834100896288,237.63940100573367,403.2307487385879,369.81970468190843,426.76434303713023,465.1596302728582,310.8367745706553,482.8321152697477,404.62504518268406,334.59739819086997,450.95848417014,418.88029632584033,467.17692821289654,446.30180861850636,421.09245122123764,390.12147583122885,403.38822324020947,438.3107239065258,491.39307802721515,469.90285790677467,286.7899230106988,478.31780267096883,484.41174970514606,449.915948523547,479.11101200663904,484.1009762339129,472.5257979546765,401.51244320248827,168.06538409753713,329.0883662631307,320.2581014390622,446.505101995546,256.8691528934223,181.4087049248021,357.75488549577346,484.8461549436661,449.3625925526957,416.1573199177331,457.5872710511446,483.21452986711125,420.1614233422977,387.70953979829113,479.7341428560032,411.5329393492601,404.7325757177729,333.8659392943138,443.76405650159387,279.80007659312463,474.569996316524,330.8379878379363,431.4907331026554,351.7035188709086,479.80948378419725
3,2,430.0480676201229,440.54239633565453,61.526232252510624,492.3797209189242,382.52829541073527,370.19130298195404,447.590637938198,394.31846311751536,399.610004837167,458.47827326214514,371.39987221614757,406.09600217903494,426.6271761265375,451.1516518450493,451.48181012300927,427.73148331047287,445.17054362325695,330.79650397800856,257.98169125154413,470.9975966161156,431.4129308949103,479.3910746615821,454.4352890376126,334.954188298997,419.57819460169964,444.67972235489185,302.85559799728486,319.5625543191868,391.1159500648022,484.23243062207786,475.6559369027824,230.24069804663569,407.80476954208996,360.0353377981305,439.69542705652276,483.7537736946192,441.2440977809547,444.6617415965263,368.84119628391505,341.1930655326817,370.4024123808801,389.0342116583279,380.6546436278985,390.2976182988019,426.0528490012698,472.81773317041467,429.67388920756576,499.4837057940848,404.51935872340755,448.36504269272217,484.33817668239504,381.15044984064366,402.14293762023965,308.49474759109785,460.69943748975714,419.73112079240207,436.9167019779112,472.5722631190913,465.11471356252764,343.0421309619583,371.140715630984,426.2345050126867,361.46933629248616,375.49416309576804,352.6177826948738,476.9956311447239,434.375202935332,345.6560581841949,415.73284161818884,485.81461738597596,435.63053212067155,428.23972663676807,453.37665046375633,465.6852041579456,439.0306503352901,373.13122851398384,364.34843591938915,327.10129148478165,476.33200455338556,376.388449671829,484.37401802700606,271.2586637620612,388.50896587637664,371.3969398879254,469.074651338662,399.6512887440392,401.8316985171921,437.8627549514134,449.7295047018192,478.63966884368193,449.88545601565426,249.37202376821,247.66140357239925,336.9957992154869,396.99380356190284,480.73444702456567,484.4657469999198,277.19619433471945,432.48264607723166,376.280949069441,486.6588397782695,433.59205142774806,472.2979277400564,483.24734570631495,451.11137883558723,266.7773240954273,458.9869757538317,457.41991802874435,455.14956352476804,465.216993743903,376.6180120051737,369.8126861375311,405.89579739706915,152.19814022705253,432.28231633491157,404.8612698943025,428.7422031086767,480.4045374203017,361.42686348958955,225.29902980249537,464.10969913167537,431.9006388102614,274.78855367826,399.5148977606685,406.6967771668967,198.58145076713973,368.2506312839173,429.98081962995633,414.8223653119731,421.24645265192606,335.6450995205764,383.5948221502253,476.36551683677123,380.8227036578165,467.0966995473217,422.30108953634976,470.11691008348083,445.1212841514171,471.8126626999334,449.45524870706214,475.72303636256254,466.321380205053,454.34143011525555,432.8718666577188,419.4319408651247,337.3616113554747,470.1523159072358,478.4488328568696,237.63940100573367,403.2307487385879,368.9015764145426,426.76434303713023,465.1596302728582,310.8367745706553,482.8321152697477,404.62504518268406,334.59739819086997,450.95848417014,418.88029632584033,467.17692821289654,446.30180861850636,422.5000557964448,390.3737726832829,403.38822324020947,438.3107239065258,491.39307802721515,468.798389098634,286.7899230106988,478.31780267096883,484.41174970514606,449.915948523547,479.65482360267526,484.1009762339129,472.21110813640746,401.51244320248827,168.2959907178689,329.0883662631307,320.2581014390622,446.505101995546,256.8691528934223,181.4087049248021,357.75488549577346,484.8461549436661,449.3625925526957,416.1573199177331,457.5872710511446,483.21452986711125,420.1614233422977,387.70953979829113,479.7341428560032,411.5329393492601,404.7325757177729,333.8659392943138,443.76405650159387,279.80007659312463,474.569996316524,330.8379878379363,431.4907331026554,351.7035188709086,482.44672809499036
3,3,430.0480676201229,440.54239633565453,61.526232252510624,492.3797209189242,382.52829541073527,370.19130298195404,447.590637938198,394.31846311751536,399.610004837167,458.47827326214514,371.39987221614757,406.09600217903494,426.6271761265375,451.1516518450493,451.6923537184896,427.73148331047287,445.17054362325695,330.79650397800856,257.98169125154413,470.9975966161156,435.0785552350792,479.3910746615821,454.4352890376126,334.954188298997,419.57819460169964,444.67972235489185,302.85559799728486,319.5625543191868,391.1159500648022,484.56749733161473,475.6559369027824,230.24069804663569,407.80476954208996,360.0353377981305,439.69542705652276,483.7537736946192,441.20544405858357,444.6617415965263,368.84119628391505,341.1930655326817,370.4024123808801,389.0342116583279,380.6546436278985,390.2976182988019,426.0528490012698,472.81773317041467,429.67388920756576,499.4837057940848,404.51935872340755,448.36504269272217,484.33817668239504,381.15044984064366,402.14293762023965,308.49474759109785,460.69943748975714,419.73112079240207,436.9167019779112,472.5722631190913,465.11471356252764,343.0421309619583,371.140715630984,426.2345050126867,361.46933629248616,375.49416309576804,352.6177826948738,476.9956311447239,434.375202935332,345.6560581841949,415.73284161818884,485.81461738597596,435.63053212067155,427.9293724539271,453.37665046375633,465.6852041579456,439.9750990619974,373.13122851398384,364.60997569186424,327.10129148478165,476.33200455338556,376.388449671829,484.37401802700606,271.2586637620612,388.50896587637664,371.3969398879254,469.074651338662,399.6512887440392,401.8316985171921,438.6134453576837,449.7295047018192,479.56286552827635,449.88545601565426,249.37202376821,247.66140357239925,336.9957992154869,396.99380356190284,480.460829768312,484.4657469999198,277.19619433471945,432.48264607723166,376.280949069441,486.6588397782695,433.5192005097892,472.2979277400564,483.24734570631495,451.11137883558723,266.7773240954273,462.05640401113686,457.41991802874435,455.14956352476804,465.216993743903,376.6180120051737,369.8126861375311,405.89579739706915,152.93940708326784,432.28231633491157,404.8612698943025,428.8159611924157,480.4045374203017,361.18211703972975,225.29902980249537,464.10969913167537,431.9006388102614,274.78855367826,399.5148977606685,406.6967771668967,198.58145076713973,368.2506312839173,429.98081962995633,414.8223653119731,421.24645265192606,335.6450995205764,383.5948221502253,476.36551683677123,380.8227036578165,467.0966995473217,422.30108953634976,470.11691008348083,445.1212841514171,471.8126626999334,449.45524870706214,475.72303636256254,466.321380205053,454.34143011525555,432.8718666577188,419.4319408651247,337.3616113554747,470.1523159072358,478.4488328568696,237.63940100573367,404.3563762651335,369.81970468190843,426.76434303713023,465.1596302728582,310.8367745706553,482.9242587343196,404.62504518268406,334.59739819086997,450.95848417014,418.88029632584033,467.17692821289654,446.606641234888,422.5000557964448,390.3737726832829,403.38822324020947,438.3107239065258,491.39307802721515,469.90285790677467,289.4869622477078,478.31780267096883,484.41174970514606,449.915948523547,479.65482360267526,484.1009762339129,472.5257979546765,401.51244320248827,168.06538409753713,329.0883662631307,320.2581014390622,446.505101995546,256.8691528934223,181.51441878338963,357.75488549577346,484.8461549436661,449.3625925526957,416.1573199177331,457.5872710511446,483.21452986711125,420.1614233422977,387.8277801891682,479.7341428560032,411.5329393492601,404.7325757177729,333.8659392943138,443.76405650159387,279.80007659312463,474.569996316524,330.8379878379363,431.4907331026554,351.7035188709086,482.44672809499036
3,4,430.0480676201229,440.54239633565453,61.526232252510624,492.3797209189242,382.52829541073527,370.19130298195404,447.590637938198,394.31846311751536,399.610004837167,458.47827326214514,371.39987221614757,406.09600217903494,426.6271761265375,451.1516518450493,451.48181012300927,427.73148331047287,445.17054362325695,330.79650397800856,257.98169125154413,470.9975966161156,435.0785552350792,479.3910746615821,454.4352890376126,334.954188298997,419.57819460169964,444.67972235489185,302.85559799728486,319.5625543191868,391.1159500648022,485.40682412874514,475.6559369027824,230.24069804663569,407.80476954208996,360.0353377981305,439.69542705652276,483.7537736946192,441.2440977809547,444.6617415965263,368.84119628391505,341.1930655326817,370.4024123808801,389.0342116583279,380.6546436278985,390.2976182988019,426.0528490012698,472.81773317041467,429.67388920756576,499.4837057940848,404.51935872340755,448.36504269272217,484.33817668239504,381.15044984064366,402.14293762023965,308.49474759109785,460.69943748975714,419.73112079240207,436.9167019779112,472.5722631190913,465.11471356252764,343.0421309619583,371.140715630984,426.2345050126867,361.46933629248616,375.49416309576804,352.6177826948738,476.9956311447239,434.375202935332,345.6560581841949,415.73284161818884,485.81461738597596,435.63053212067155,428.23972663676807,453.37665046375633,465.6852041579456,439.9750990619974,373.13122851398384,364.60997569186424,327.10129148478165,476.33200455338556,376.388449671829,484.37401802700606,271.2586637620612,388.50896587637664,371.3969398879254,469.074651338662,399.6512887440392,401.8316985171921,438.6134453576837,449.7295047018192,479.56286552827635,449.88545601565426,249.37202376821,247.66140357239925,336.9957992154869,396.99380356190284,480.460829768312,484.4657469999198,277.19619433471945,432.48264607723166,376.280949069441,486.6588397782695,433.5192005097892,472.2979277400564,483.24734570631495,451.11137883558723,266.7773240954273,462.05640401113686,458.5771664116558,455.14956352476804,465.216993743903,376.6180120051737,369.8126861375311,405.89579739706915,152.93940708326784,432.28231633491157,404.8612698943025,428.7422031086767,480.4045374203017,361.42686348958955,225.29902980249537,464.10969913167537,433.3601042284166,274.78855367826,399.5148977606685,406.6967771668967,198.58145076713973,368.2506312839173,430.1199462248626,414.8223653119731,421.24645265192606,335.6450995205764,383.5948221502253,476.36551683677123,380.8227036578165,467.0966995473217,422.30108953634976,470.11691008348083,445.1212841514171,471.8126626999334,449.45524870706214,475.72303636256254,466.321380205053,454.34143011525555,432.8718666577188,419.4319408651247,337.3616113554747,470.1523159072358,478.4488328568696,237.63940100573367,404.3563762651335,369.81970468190843,426.76434303713023,465.1596302728582,310.8367745706553,482.9242587343196,404.62504518268406,334.59739819086997,450.95848417014,418.88029632584033,467.17692821289654,446.606641234888,422.08290945986164,390.3737726832829,403.38822324020947,438.3107239065258,491.39307802721515,469.90285790677467,289.4869622477078,478.31780267096883,484.41174970514606,449.915948523547,479.65482360267526,484.1009762339129,472.5257979546765,401.51244320248827,168.06538409753713,329.0883662631307,320.2581014390622,446.505101995546,256.8691528934223,181.51441878338963,357.75488549577346,484.8461549436661,449.7761740571596,416.1573199177331,457.5872710511446,483.21452986711125,420.1614233422977,387.8277801891682,479.7341428560032,411.5329393492601,404.7325757177729,333.8659392943138,443.76405650159387,279.80007659312463,474.569996316524,329.52545081240646,431.4907331026554,351.7035188709086,482.44672809499036
3,5,430.0480676201229,440.54239633565453,61.526232252510624,492.3797209189242,382.52829541073527,370.19130298195404,447.590637938198,395.9282001328432,399.610004837167,458.47827326214514,371.39987221614757,406.09600217903494,426.6271761265375,451.1516518450493,451.48181012300927,427.73148331047287,445.17054362325695,330.79650397800856,257.98169125154413,470.9975966161156,435.0785552350792,479.3910746615821,454.4352890376126,334.954188298997,419.57819460169964,444.67972235489185,302.85559799728486,319.5625543191868,391.1159500648022,485.40682412874514,475.6559369027824,230.24069804663569,407.80476954208996,360.0353377981305,439.69542705652276,483.7537736946192,441.20544405858357,444.6617415965263,368.84119628391505,341.1930655326817,370.4024123808801,389.0342116583279,380.6546436278985,390.2976182988019,426.0528490012698,472.81773317041467,429.67388920756576,499.4837057940848,404.51935872340755,448.36504269272217,484.33817668239504,381.15044984064366,402.14293762023965,308.49474759109785,460.69943748975714,419.73112079240207,436.9167019779112,472.5722631190913,465.11471356252764,343.0421309619583,371.140715630984,426.2345050126867,361.46933629248616,375.49416309576804,352.6177826948738,476.9956311447239,434.375202935332,345.6560581841949,415.73284161818884,485.81461738597596,435.63053212067155,428.23972663676807,453.37665046375633,465.6852041579456,439.9750990619974,373.13122851398384,364.60997569186424,327.10129148478165,476.33200455338556,376.388449671829,484.37401802700606,271.2586637620612,388.50896587637664,371.3969398879254,469.074651338662,399.6512887440392,401.8316985171921,439.31002636646775,449.7295047018192,479.56286552827635,449.88545601565426,249.37202376821,247.66140357239925,336.9957992154869,396.99380356190284,480.460829768312,484.4657469999198,277.19619433471945,432.48264607723166,376.280949069441,486.6588397782695,433.5192005097892,472.2979277400564,483.24734570631495,451.11137883558723,266.7773240954273,462.05640401113686,458.5771664116558,455.14956352476804,465.216993743903,376.6180120051737,369.8126861375311,405.89579739706915,152.93940708326784,432.28231633491157,404.8612698943025,428.7422031086767,480.4045374203017,361.42686348958955,225.29902980249537,464.10969913167537,433.3601042284166,274.78855367826,399.5148977606685,406.6967771668967,198.58145076713973,368.2506312839173,429.98081962995633,414.8223653119731,421.24645265192606,335.6450995205764,383.5948221502253,476.36551683677123,380.8227036578165,467.0966995473217,422.30108953634976,470.11691008348083,445.1212841514171,471.8126626999334,449.45524870706214,475.72303636256254,466.321380205053,454.34143011525555,432.8718666577188,419.4319408651247,337.3616113554747,470.1523159072358,478.4488328568696,237.63940100573367,404.3563762651335,369.81970468190843,426.76434303713023,465.1596302728582,310.8367745706553,482.9242587343196,404.62504518268406,334.59739819086997,450.95848417014,418.88029632584033,467.17692821289654,447.2287890280938,422.08290945986164,390.3737726832829,403.38822324020947,438.3107239065258,491.39307802721515,469.90285790677467,289.4869622477078,478.31780267096883,484.41174970514606,449.915948523547,479.65482360267526,484.1009762339129,472.5257979546765,401.51244320248827,168.06538409753713,329.0883662631307,320.2581014390622,446.505101995546,256.8691528934223,181.51441878338963,357.75488549577346,484.8461549436661,449.7761740571596,416.1573199177331,457.5872710511446,483.21452986711125,420.1614233422977,387.70953979829113,479.7341428560032,411.5329393492601,404.7325757177729,333.8659392943138,443.76405650159387,279.80007659312463,474.569996316524,329.52545081240646,431.4907331026554,351.7035188709086,482.44672809499036
3,6,430.0480676201229,440.54239633565453,61.45379517509201,492.3797209189242,382.52829541073527,370.19130298195404,447.590637938198,395.9282001328432,399.610004837167,458.47827326214514,371.39987221614757,406.09600217903494,426.6271761265375,451.1516518450493,451.48181012300927,427.73148331047287,445.17054362325695,330.79650397800856,257.98169125154413,470.9975966161156,435.0785552350792,479.3910746615821,454.4352890376126,334.954188298997,419.57819460169964,444.67972235489185,302.85559799728486,319.5625543191868,391.1159500648022,485.40682412874514,475.6559369027824,230.24069804663569,407.80476954208996,360.0353377981305,439.69542705652276,483.7537736946192,441.20544405858357,444.6617415965263,368.84119628391505,341.1930655326817,370.4024123808801,389.0342116583279,380.6546436278985,390.2976182988019,426.0528490012698,472.81773317041467,429.67388920756576,499.4837057940848,404.51935872340755,448.36504269272217,484.33817668239504,381.15044984064366,402.14293762023965,308.49474759109785,460.69943748975714,419.73112079240207,436.9167019779112,472.5722631190913,465.11471356252764,343.0421309619583,371.140715630984,426.2345050126867,361.46933629248616,375.49416309576804,352.6177826948738,476.9956311447239,434.375202935332,345.6560581841949,415.73284161818884,485.81461738597596,435.63053212067155,428.23972663676807,453.37665046375633,465.6852041579456,439.9750990619974,373.13122851398384,364.60997569186424,327.10129148478165,476.33200455338556,376.388449671829,483.9965328936817,271.2586637620612,388.50896587637664,371.3969398879254,469.074651338662,399.6512887440392,401.8316985171921,439.31002636646775,449.7295047018192,479.56286552827635,449.88545601565426,249.37202376821,247.66140357239925,336.9957992154869,396.99380356190284,480.460829768312,484.4657469999198,277.19619433471945,432.48264607723166,376.280949069441,486.6588397782695,433.5192005097892,472.2979277400564,483.24734570631495,451.11137883558723,266.7773240954273,462.05640401113686,458.5771664116558,455.14956352476804,465.216993743903,376.6180120051737,369.8126861375311,405.89579739706915,152.93940708326784,432.28231633491157,404.8612698943025,428.7422031086767,480.4045374203017,361.42686348958955,225.29902980249537,464.10969913167537,433.3601042284166,274.78855367826,399.5148977606685,406.6967771668967,198.58145076713973,368.2506312839173,431.2014235095146,414.8223653119731,421.24645265192606,335.6450995205764,383.5948221502253,476.36551683677123,380.8227036578165,467.0966995473217,422.30108953634976,470.11691008348083,445.1212841514171,471.8126626999334,449.45524870706214,475.72303636256254,466.321380205053,454.34143011525555,432.8718666577188,419.4319408651247,337.3616113554747,470.1523159072358,478.4488328568696,237.63940100573367,404.3563762651335,369.81970468190843,426.76434303713023,465.1596302728582,310.8367745706553,482.9242587343196,404.62504518268406,334.59739819086997,450.95848417014,418.88029632584033,467.17692821289654,447.2287890280938,422.08290945986164,390.3737726832829,403.38822324020947,438.3107239065258,491.39307802721515,469.90285790677467,289.4869622477078,478.31780267096883,484.41174970514606,449.915948523547,479.65482360267526,484.1009762339129,472.5257979546765,401.51244320248827,168.873301480482,329.0883662631307,320.2581014390622,446.505101995546,256.8691528934223,181.51441878338963,357.75488549577346,484.8461549436661,449.7761740571596,416.1573199177331,457.5872710511446,483.21452986711125,420.1614233422977,387.70953979829113,479.7341428560032,411.5329393492601,404.7325757177729,333.8659392943138,443.76405650159387,279.80007659312463,474.569996316524,329.52545081240646,431.4907331026554,351.7035188709086,482.44672809499036
3,7,430.0480676201229,440.54239633565453,61.45379517509201,492.3797209189242,382.52829541073527,370.19130298195404,447.590637938198,395.9282001328432,399.610004837167,458.47827326214514,371.39987221614757,406.09600217903494,426.6271761265375,451.1516518450493,451.48181012300927,427.73148331047287,445.17054362325695,330.79650397800856,257.98169125154413,470.9975966161156,435.0785552350792,479.3910746615821,454.4352890376126,334.954188298997,419.57819460169964,444.67972235489185,302.85559799728486,319.5625543191868,391.1159500648022,485.40682412874514,475.6559369027824,230.24069804663569,407.80476954208996,360.0353377981305,439.69542705652276,483.7537736946192,441.20544405858357,444.6617415965263,368.84119628391505,341.1930655326817,370.4024123808801,389.0342116583279,380.6546436278985,390.2976182988019,426.0528490012698,472.81773317041467,429.67388920756576,499.4837057940848,404.51935872340755,448.36504269272217,484.33817668239504,381.15044984064366,402.1538754991247,308.49474759109785,460.69943748975714,419.73112079240207,436.9167019779112,472.5722631190913,465.11471356252764,343.0421309619583,371.140715630984,426.2345050126867,361.46933629248616,375.49416309576804,352.6177826948738,476.9956311447239,434.375202935332,345.6560581841949,415.73284161818884,485.81461738597596,435.63053212067155,428.23972663676807,453.37665046375633,465.6852041579456,439.9750990619974,373.13122851398384,364.60997569186424,327.10129148478165,476.33200455338556,376.388449671829,483.9965328936817,271.2586637620612,388.50896587637664,371.3969398879254,469.074651338662,399.6512887440392,401.8316985171921,439.31002636646775,449.7295047018192,479.56286552827635,449.88545601565426,249.37202376821,247.66140357239925,336.9957992154869,396.99380356190284,480.73444702456567,484.4657469999198,277.19619433471945,432.48264607723166,376.280949069441,486.6588397782695,433.5192005097892,472.2979277400564,483.24734570631495,451.11137883558723,266.7773240954273,462.05640401113686,458.5771664116558,455.14956352476804,465.216993743903,376.6180120051737,369.8126861375311,405.89579739706915,152.93940708326784,432.28231633491157,404.8612698943025,428.7422031086767,480.4045374203017,361.42686348958955,225.29902980249537,464.10969913167537,433.3601042284166,274.78855367826,399.5148977606685,406.6967771668967,198.58145076713973,368.2506312839173,431.2014235095146,414.8223653119731,421.24645265192606,335.6450995205764,383.5948221502253,476.36551683677123,380.8227036578165,467.0966995473217,422.30108953634976,470.11691008348083,445.1212841514171,471.8126626999334,449.45524870706214,475.72303636256254,466.321380205053,454.34143011525555,432.8718666577188,419.4319408651247,337.3616113554747,470.1523159072358,478.4488328568696,237.63940100573367,404.3563762651335,369.81970468190843,426.76434303713023,465.1596302728582,310.8367745706553,482.9242587343196,404.62504518268406,334.59739819086997,450.95848417014,418.88029632584033,467.17692821289654,447.2287890280938,422.08290945986164,390.3737726832829,403.38822324020947,438.3107239065258,491.39307802721515,469.90285790677467,289.4869622477078,478.31780267096883,484.41174970514606,449.915948523547,479.65482360267526,484.1009762339129,472.5257979546765,401.51244320248827,168.873301480482,329.0883662631307,320.2581014390622,446.505101995546,256.8691528934223,181.51441878338963,357.75488549577346,484.8461549436661,449.7761740571596,416.1573199177331,457.5872710511446,483.21452986711125,420.1614233422977,387.70953979829113,479.7341428560032,411.5329393492601,404.7325757177729,333.8659392943138,443.76405650159387,279.80007659312463,474.569996316524,329.52545081240646,431.4907331026554,351.7035188709086,482.44672809499036
3,8,430.0480676201229,440.54239633565453,61.75027685704651,492.3797209189242,382.52829541073527,370.19130298195404,447.590637938198,395.9282001328432,399.610004837167,458.47827326214514,371.39987221614757,406.09600217903494,426.6271761265375,451.1516518450493,451.48181012300927,427.73148331047287,445.17054362325695,330.79650397800856,257.98169125154413,470.9975966161156,435.0785552350792,479.3910746615821,454.4352890376126,334.954188298997,419.57819460169964,444.67972235489185,302.85559799728486,319.5625543191868,391.1159500648022,485.40682412874514,475.6559369027824,230.24069804663569,407.80476954208996,360.0353377981305,439.69542705652276,483.7537736946192,441.20544405858357,444.6617415965263,368.84119628391505,341.1930655326817,370.4024123808801,389.0342116583279,380.6546436278985,390.2976182988019,426.0528490012698,472.81773317041467,429.67388920756576,499.4837057940848,404.51935872340755,448.36504269272217,484.33817668239504,381.15044984064366,402.1538754991247,308.49474759109785,460.69943748975714,419.73112079240207,436.9167019779112,472.5722631190913,465.11471356252764,344.7152788933313,371.140715630984,426.2345050126867,361.46933629248616,375.49416309576804,352.6177826948738,476.9956311447239,434.375202935332,345.6560581841949,415.73284161818884,485.81461738597596,435.63053212067155,428.23972663676807,453.37665046375633,465.6852041579456,439.9750990619974,373.13122851398384,364.60997569186424,327.10129148478165,476.33200455338556,376.388449671829,483.9965328936817,271.2586637620612,388.50896587637664,371.3969398879254,469.074651338662,399.6512887440392,401.8316985171921,439.31002636646775,449.7295047018192,479.56286552827635,449.88545601565426,249.37202376821,247.66140357239925,336.9957992154869,396.99380356190284,480.73444702456567,484.4657469999198,277.19619433471945,432.48264607723166,376.280949069441,486.6588397782695,433.5192005097892,472.2979277400564,483.24734570631495,451.11137883558723,266.7773240954273,462.05640401113686,458.5771664116558,455.14956352476804,465.216993743903,376.6180120051737,369.8126861375311,405.89579739706915,152.93940708326784,432.28231633491157,404.8612698943025,428.7422031086767,480.4045374203017,361.42686348958955,225.29902980249537,464.10969913167537,433.3601042284166,274.78855367826,399.5148977606685,406.6967771668967,198.58145076713973,368.2506312839173,431.2014235095146,414.8223653119731,421.24645265192606,335.6450995205764,383.5948221502253,476.36551683677123,380.8227036578165,467.0966995473217,422.30108953634976,470.11691008348083,445.1212841514171,471.8126626999334,449.45524870706214,475.72303636256254,466.321380205053,454.34143011525555,432.8718666577188,419.4319408651247,337.3616113554747,470.1523159072358,478.4488328568696,237.63940100573367,404.3563762651335,369.81970468190843,426.76434303713023,465.1596302728582,310.8367745706553,482.9242587343196,404.62504518268406,334.59739819086997,450.95848417014,418.88029632584033,467.17692821289654,447.2287890280938,422.08290945986164,390.3737726832829,403.38822324020947,438.3107239065258,491.39307802721515,469.90285790677467,289.4869622477078,478.31780267096883,484.41174970514606,449.915948523547,479.65482360267526,484.1009762339129,472.5257979546765,401.51244320248827,168.873301480482,329.0883662631307,320.2581014390622,446.505101995546,256.8691528934223,181.51441878338963,357.75488549577346,484.8461549436661,449.3625925526957,416.1573199177331,457.5872710511446,483.21452986711125,420.1614233422977,387.70953979829113,479.7341428560032,411.5329393492601,404.7325757177729,333.8659392943138,443.76405650159387,279.80007659312463,474.569996316524,330.8379878379363,431.4907331026554,351.7035188709086,482.44672809499036
3,9,430.0480676201229,440.54239633565453,61.75027685704651,492.3797209189242,382.52829541073527,370.19130298195404,447.590637938198,395.9282001328432,399.610004837167,458.47827326214514,371.39987221614757,406.09600217903494,426.6271761265375,451.1516518450493,451.48181012300927,427.73148331047287,445.17054362325695,330.79650397800856,257.98169125154413,470.9975966161156,435.0785552350792,479.3910746615821,454.4352890376126,334.954188298997,419.57819460169964,444.67972235489185,302.85559799728486,319.5625543191868,391.1159500648022,485.40682412874514,475.6559369027824,230.24069804663569,407.80476954208996,360.0353377981305,439.69542705652276,483.7537736946192,441.20544405858357,444.6617415965263,368.84119628391505,341.1930655326817,370.4024123808801,389.0342116583279,380.6546436278985,390.2976182988019,426.0528490012698,472.81773317041467,429.67388920756576,499.4837057940848,404.51935872340755,448.36504269272217,484.33817668239504,381.15044984064366,402.1538754991247,308.49474759109785,460.69943748975714,419.73112079240207,436.9167019779112,472.5722631190913,465.11471356252764,344.7152788933313,371.140715630984,426.2345050126867,361.46933629248616,375.49416309576804,352.6177826948738,476.9956311447239,434.375202935332,345.6560581841949,415.73284161818884,485.81461738597596,435.63053212067155,428.23972663676807,453.37665046375633,465.6852041579456,439.9750990619974,373.13122851398384,364.60997569186424,327.10129148478165,476.33200455338556,376.388449671829,483.9965328936817,271.2586637620612,388.50896587637664,371.3969398879254,469.074651338662,399.6512887440392,401.8316985171921,439.31002636646775,449.7295047018192,479.56286552827635,449.88545601565426,249.37202376821,247.66140357239925,336.9957992154869,396.99380356190284,480.73444702456567,484.4657469999198,277.19619433471945,432.48264607723166,376.280949069441,486.6588397782695,433.5192005097892,472.2979277400564,483.24734570631495,451.11137883558723,266.7773240954273,462.05640401113686,458.5771664116558,455.14956352476804,465.216993743903,376.6180120051737,369.8126861375311,405.89579739706915,152.93940708326784,432.28231633491157,404.8612698943025,428.7422031086767,480.4045374203017,361.18211703972975,225.29902980249537,464.10969913167537,433.3601042284166,274.78855367826,399.5148977606685,406.6967771668967,198.58145076713973,368.2506312839173,431.2014235095146,414.8223653119731,421.24645265192606,335.6450995205764,383.5948221502253,476.36551683677123,380.8227036578165,467.0966995473217,422.30108953634976,470.11691008348083,445.1212841514171,471.8126626999334,449.45524870706214,475.72303636256254,466.321380205053,454.34143011525555,432.8718666577188,419.4319408651247,337.3616113554747,470.1523159072358,478.4488328568696,237.63940100573367,404.3563762651335,369.81970468190843,426.76434303713023,465.1596302728582,310.8367745706553,482.9242587343196,404.62504518268406,334.59739819086997,450.95848417014,418.88029632584033,467.17692821289654,447.2287890280938,422.08290945986164,390.3737726832829,403.38822324020947,438.3107239065258,491.39307802721515,469.90285790677467,289.4869622477078,478.31780267096883,484.41174970514606,449.915948523547,479.65482360267526,484.1009762339129,472.5257979546765,401.51244320248827,168.873301480482,329.0883662631307,320.2581014390622,446.505101995546,256.8691528934223,181.51441878338963,357.75488549577346,484.8461549436661,449.3625925526957,416.1573199177331,457.5872710511446,483.21452986711125,420.1614233422977,387.70953979829113,479.7341428560032,411.5329393492601,404.7325757177729,333.8659392943138,443.76405650159387,279.80007659312463,474.569996316524,330.8379878379363,431.4907331026554,351.7035188709086,482.44672809499036
3,10,430.0480676201229,440.54239633565453,61.75027685704651,492.3797209189242,382.52829541073527,370.19130298195404,447.590637938198,395.9282001328432,399.610004837167,458.47827326214514,371.39987221614757,406.09600217903494,426.6271761265375,451.1516518450493,451.48181012300927,427.73148331047287,445.17054362325695,330.79650397800856,257.98169125154413,470.9975966161156,435.0785552350792,479.3910746615821,454.4352890376126,334.954188298997,419.57819460169964,444.67972235489185,302.85559799728486,319.5625543191868,391.1159500648022,485.40682412874514,475.6559369027824,230.24069804663569,407.80476954208996,360.0353377981305,439.69542705652276,483.7537736946192,441.20544405858357,444.6617415965263,368.84119628391505,341.1930655326817,370.4024123808801,389.0342116583279,380.6546436278985,390.2976182988019,426.0528490012698,472.81773317041467,429.67388920756576,499.4837057940848,404.51935872340755,448.36504269272217,484.33817668239504,381.15044984064366,402.1538754991247,308.49474759109785,460.69943748975714,419.73112079240207,436.9167019779112,472.5722631190913,465.11471356252764,344.7152788933313,371.140715630984,426.2345050126867,361.46933629248616,375.49416309576804,352.6177826948738,476.9956311447239,434.375202935332,345.6560581841949,415.73284161818884,485.81461738597596,435.63053212067155,428.23972663676807,453.37665046375633,465.6852041579456,439.9750990619974,373.13122851398384,364.60997569186424,327.10129148478165,476.33200455338556,376.388449671829,483.9965328936817,271.2586637620612,388.50896587637664,371.3969398879254,469.074651338662,399.6512887440392,401.8316985171921,439.31002636646775,449.7295047018192,479.56286552827635,449.88545601565426,249.37202376821,247.66140357239925,336.9957992154869,396.99380356190284,480.73444702456567,484.4657469999198,277.19619433471945,432.48264607723166,376.280949069441,486.6588397782695,433.5192005097892,472.2979277400564,483.24734570631495,451.11137883558723,266.7773240954273,462.05640401113686,458.5771664116558,455.14956352476804,465.216993743903,376.6180120051737,369.8126861375311,405.89579739706915,152.93940708326784,432.28231633491157,404.8612698943025,428.7422031086767,480.4045374203017,361.18211703972975,225.29902980249537,464.10969913167537,433.3601042284166,274.78855367826,399.5148977606685,406.6967771668967,198.58145076713973,368.2506312839173,431.2014235095146,414.8223653119731,421.24645265192606,335.6450995205764,383.5948221502253,476.36551683677123,380.8227036578165,467.0966995473217,422.30108953634976,470.11691008348083,445.1212841514171,471.8126626999334,449.45524870706214,475.72303636256254,466.321380205053,454.34143011525555,432.8718666577188,419.4319408651247,337.3616113554747,470.1523159072358,478.4488328568696,237.63940100573367,404.3563762651335,369.81970468190843,426.76434303713023,465.1596302728582,310.8367745706553,482.9242587343196,404.62504518268406,334.59739819086997,450.95848417014,418.88029632584033,467.17692821289654,447.2287890280938,422.08290945986164,390.3737726832829,403.38822324020947,438.3107239065258,491.39307802721515,469.90285790677467,289.4869622477078,478.31780267096883,484.41174970514606,449.915948523547,479.65482360267526,484.1009762339129,472.5257979546765,401.51244320248827,168.873301480482,329.0883662631307,320.2581014390622,446.505101995546,256.8691528934223,181.51441878338963,357.75488549577346,484.8461549436661,449.3625925526957,416.1573199177331,457.5872710511446,483.21452986711125,420.1614233422977,387.70953979829113,479.7341428560032,411.5329393492601,404.7325757177729,333.8659392943138,443.76405650159387,279.80007659312463,474.569996316524,330.8379878379363,431.4907331026554,351.7035188709086,482.44672809499036
3,11,430.0480676201229,440.54239633565453,61.75027685704651,492.3797209189242,382.52829541073527,370.19130298195404,447.590637938198,395.9282001328432,399.610004837167,458.47827326214514,371.39987221614757,406.09600217903494,426.6271761265375,451.1516518450493,451.48181012300927,427.73148331047287,445.17054362325695,330.79650397800856,257.98169125154413,470.9975966161156,435.0785552350792,479.3910746615821,454.4352890376126,334.954188298997,419.57819460169964,444.67972235489185,302.85559799728486,319.5625543191868,391.1159500648022,485.40682412874514,475.6559369027824,230.24069804663569,407.80476954208996,360.0353377981305,439.69542705652276,483.7537736946192,441.20544405858357,444.6617415965263,368.84119628391505,341.1930655326817,370.4024123808801,389.0342116583279,380.6546436278985,390.2976182988019,426.0528490012698,472.81773317041467,429.67388920756576,499.4837057940848,404.51935872340755,448.36504269272217,484.33817668239504,381.15044984064366,402.1538754991247,308.49474759109785,460.69943748975714,419.73112079240207,436.9167019779112,472.5722631190913,465.11471356252764,344.7152788933313,371.140715630984,426.2345050126867,361.46933629248616,375.49416309576804,352.6177826948738,476.9956311447239,434.375202935332,345.6560581841949,415.73284161818884,485.81461738597596,435.63053212067155,428.23972663676807,453.37665046375633,465.6852041579456,439.9750990619974,373.13122851398384,364.60997569186424,327.10129148478165,476.33200455338556,376.388449671829,483.9965328936817,271.2586637620612,388.50896587637664,371.3969398879254,469.074651338662,399.6512887440392,401.8316985171921,439.31002636646775,449.7295047018192,479.56286552827635,449.88545601565426,249.37202376821,247.66140357239925,336.9957992154869,396.99380356190284,480.73444702456567,484.4657469999198,277.19619433471945,432.48264607723166,376.280949069441,486.6588397782695,433.5192005097892,472.2979277400564,483.24734570631495,451.11137883558723,266.7773240954273,462.05640401113686,458.5771664116558,455.14956352476804,465.216993743903,376.6180120051737,369.8126861375311,405.89579739706915,152.93940708326784,432.28231633491157,404.8612698943025,428.7422031086767,480.4045374203017,361.18211703972975,225.29902980249537,464.10969913167537,433.3601042284166,274.78855367826,399.5148977606685,406.6967771668967,198.58145076713973,368.2506312839173,431.2014235095146,414.8223653119731,421.24645265192606,335.6450995205764,383.5948221502253,476.36551683677123,380.8227036578165,467.0966995473217,422.30108953634976,470.11691008348083,445.1212841514171,471.8126626999334,449.45524870706214,475.72303636256254,466.321380205053,454.34143011525555,432.8718666577188,419.4319408651247,337.3616113554747,470.1523159072358,478.4488328568696,237.63940100573367,404.3563762651335,369.81970468190843,426.76434303713023,465.1596302728582,310.8367745706553,482.9242587343196,404.62504518268406,334.59739819086997,450.95848417014,418.88029632584033,467.17692821289654,447.2287890280938,422.08290945986164,390.3737726832829,403.38822324020947,438.3107239065258,491.39307802721515,469.90285790677467,289.4869622477078,478.31780267096883,484.41174970514606,449.915948523547,479.65482360267526,484.1009762339129,472.5257979546765,401.51244320248827,168.873301480482,329.0883662631307,320.2581014390622,446.505101995546,256.8691528934223,181.51441878338963,357.75488549577346,484.8461549436661,449.3625925526957,416.1573199177331,457.5872710511446,483.21452986711125,420.1614233422977,387.70953979829113,479.7341428560032,411.5329393492601,404.7325757177729,333.8659392943138,443.76405650159387,279.80007659312463,474.569996316524,330.8379878379363,431.4907331026554,351.7035188709086,482.44672809499036
3,12,430.0480676201229,440.54239633565453,61.75027685704651,492.3797209189242,382.52829541073527,370.19130298195404,447.590637938198,395.9282001328432,399.610004837167,458.47827326214514,371.39987221614757,406.09600217903494,426.6271761265375,451.1516518450493,451.48181012300927,427.73148331047287,445.17054362325695,330.79650397800856,257.98169125154413,470.9975966161156,435.0785552350792,479.3910746615821,454.4352890376126,334.954188298997,419.57819460169964,444.67972235489185,302.85559799728486,319.5625543191868,391.1159500648022,485.40682412874514,475.6559369027824,230.24069804663569,407.80476954208996,360.0353377981305,439.69542705652276,483.7537736946192,441.20544405858357,444.6617415965263,368.84119628391505,341.1930655326817,370.4024123808801,389.0342116583279,380.6546436278985,390.2976182988019,426.0528490012698,472.81773317041467,429.67388920756576,499.4837057940848,404.51935872340755,448.36504269272217,484.33817668239504,381.15044984064366,402.1538754991247,308.49474759109785,460.69943748975714,419.73112079240207,436.9167019779112,472.5722631190913,465.11471356252764,344.7152788933313,371.140715630984,426.2345050126867,361.46933629248616,375.49416309576804,352.6177826948738,476.9956311447239,434.375202935332,345.6560581841949,415.73284161818884,485.81461738597596,435.63053212067155,428.23972663676807,453.37665046375633,465.6852041579456,439.9750990619974,373.13122851398384,364.60997569186424,327.10129148478165,476.33200455338556,376.388449671829,483.9965328936817,271.2586637620612,388.50896587637664,371.3969398879254,469.074651338662,399.6512887440392,401.8316985171921,439.31002636646775,449.7295047018192,479.56286552827635,449.88545601565426,249.37202376821,247.66140357239925,336.9957992154869,396.99380356190284,480.73444702456567,484.4657469999198,277.19619433471945,432.48264607723166,376.280949069441,486.6588397782695,433.5192005097892,472.2979277400564,483.24734570631495,451.11137883558723,266.7773240954273,462.05640401113686,458.5771664116558,455.14956352476804,465.216993743903,376.6180120051737,369.8126861375311,405.89579739706915,152.93940708326784,432.28231633491157,404.8612698943025,428.7422031086767,480.4045374203017,361.18211703972975,225.29902980249537,464.10969913167537,433.3601042284166,274.78855367826,399.5148977606685,406.6967771668967,198.58145076713973,368.2506312839173,431.2014235095146,414.8223653119731,421.24645265192606,335.6450995205764,383.5948221502253,476.36551683677123,380.8227036578165,467.0966995473217,422.30108953634976,470.11691008348083,445.1212841514171,471.8126626999334,449.45524870706214,475.72303636256254,466.321380205053,454.34143011525555,432.8718666577188,419.4319408651247,337.3616113554747,470.1523159072358,478.4488328568696,237.63940100573367,404.3563762651335,369.81970468190843,426.76434303713023,465.1596302728582,310.8367745706553,482.9242587343196,404.62504518268406,334.59739819086997,450.95848417014,418.88029632584033,467.17692821289654,447.2287890280938,422.08290945986164,390.3737726832829,403.38822324020947,438.3107239065258,491.39307802721515,469.90285790677467,289.4869622477078,478.31780267096883,484.41174970514606,449.915948523547,479.65482360267526,484.1009762339129,472.5257979546765,401.51244320248827,168.873301480482,329.0883662631307,320.2581014390622,446.505101995546,256.8691528934223,181.51441878338963,357.75488549577346,484.8461549436661,449.3625925526957,416.1573199177331,457.5872710511446,483.21452986711125,420.1614233422977,387.70953979829113,479.7341428560032,411.5329393492601,404.7325757177729,333.8659392943138,443.76405650159387,279.80007659312463,474.569996316524,330.8379878379363,431.4907331026554,351.7035188709086,482.44672809499036
3,13,430.0480676201229,440.54239633565453,61.75027685704651,492.3797209189242,382.52829541073527,370.19130298195404,447.590637938198,395.9282001328432,399.610004837167,458.47827326214514,371.39987221614757,406.09600217903494,426.6271761265375,451.1516518450493,451.48181012300927,427.73148331047287,445.17054362325695,330.79650397800856,257.98169125154413,470.9975966161156,435.0785552350792,479.3910746615821,454.4352890376126,334.954188298997,419.57819460169964,444.67972235489185,302.85559799728486,319.5625543191868,391.1159500648022,485.40682412874514,475.6559369027824,230.24069804663569,407.80476954208996,360.0353377981305,439.69542705652276,483.7537736946192,441.20544405858357,444.6617415965263,368.84119628391505,341.1930655326817,370.4024123808801,389.0342116583279,380.6546436278985,390.2976182988019,426.0528490012698,472.81773317041467,429.67388920756576,499.4837057940848,404.51935872340755,448.36504269272217,484.33817668239504,381.15044984064366,402.1538754991247,308.49474759109785,460.69943748975714,419.73112079240207,436.9167019779112,472.5722631190913,465.11471356252764,344.7152788933313,371.140715630984,426.2345050126867,361.46933629248616,375.49416309576804,352.6177826948738,476.9956311447239,434.375202935332,345.6560581841949,415.73284161818884,485.81461738597596,435.63053212067155,428.23972663676807,453.37665046375633,465.6852041579456,439.9750990619974,373.13122851398384,364.60997569186424,327.10129148478165,476.33200455338556,376.388449671829,483.9965328936817,271.2586637620612,388.50896587637664,371.3969398879254,469.074651338662,399.6512887440392,401.8316985171921,439.31002636646775,449.7295047018192,479.56286552827635,449.88545601565426,249.37202376821,247.66140357239925,336.9957992154869,396.99380356190284,480.73444702456567,484.4657469999198,277.19619433471945,432.48264607723166,376.280949069441,486.6588397782695,433.5192005097892,472.2979277400564,483.24734570631495,451.11137883558723,266.7773240954273,462.05640401113686,458.5771664116558,455.14956352476804,465.216993743903,376.6180120051737,369.8126861375311,405.89579739706915,152.93940708326784,432.28231633491157,404.8612698943025,428.7422031086767,480.4045374203017,361.18211703972975,225.29902980249537,464.10969913167537,433.3601042284166,274.78855367826,399.5148977606685,406.6967771668967,198.58145076713973,368.2506312839173,431.2014235095146,414.8223653119731,421.24645265192606,335.6450995205764,383.5948221502253,476.36551683677123,380.8227036578165,467.0966995473217,422.30108953634976,470.11691008348083,445.1212841514171,471.8126626999334,449.45524870706214,475.72303636256254,466.321380205053,454.34143011525555,432.8718666577188,419.4319408651247,337.3616113554747,470.1523159072358,478.4488328568696,237.63940100573367,404.3563762651335,369.81970468190843,426.76434303713023,465.1596302728582,310.8367745706553,482.9242587343196,404.62504518268406,334.59739819086997,450.95848417014,418.88029632584033,467.17692821289654,447.2287890280938,422.08290945986164,390.3737726832829,403.38822324020947,438.3107239065258,491.39307802721515,469.90285790677467,289.4869622477078,478.31780267096883,484.41174970514606,449.915948523547,479.65482360267526,484.1009762339129,472.5257979546765,401.51244320248827,168.873301480482,329.0883662631307,320.2581014390622,446.505101995546,256.8691528934223,181.51441878338963,357.75488549577346,484.8461549436661,449.3625925526957,416.1573199177331,457.5872710511446,483.21452986711125,420.1614233422977,387.70953979829113,479.7341428560032,411.5329393492601,404.7325757177729,333.8659392943138,443.76405650159387,279.80007659312463,474.569996316524,330.8379878379363,431.4907331026554,351.7035188709086,482.44672809499036
3,14,430.0480676201229,440.54239633565453,61.75027685704651,492.3797209189242,382.52829541073527,370.19130298195404,447.590637938198,395.9282001328432,399.610004837167,458.47827326214514,371.39987221614757,406.09600217903494,426.6271761265375,451.1516518450493,451.48181012300927,427.73148331047287,445.17054362325695,330.79650397800856,257.98169125154413,470.9975966161156,435.0785552350792,479.3910746615821,454.4352890376126,334.954188298997,419.57819460169964,444.67972235489185,302.85559799728486,319.5625543191868,391.1159500648022,485.40682412874514,475.6559369027824,230.24069804663569,407.80476954208996,360.0353377981305,439.69542705652276,483.7537736946192,441.20544405858357,444.6617415965263,368.84119628391505,341.1930655326817,370.4024123808801,389.0342116583279,380.6546436278985,390.2976182988019,426.0528490012698,472.81773317041467,429.67388920756576,499.4837057940848,404.51935872340755,448.36504269272217,484.33817668239504,381.15044984064366,402.1538754991247,308.49474759109785,460.69943748975714,419.73112079240207,436.9167019779112,472.5722631190913,465.11471356252764,344.7152788933313,371.140715630984,426.2345050126867,361.46933629248616,375.49416309576804,352.6177826948738,476.9956311447239,434.375202935332,345.6560581841949,415.73284161818884,485.81461738597596,435.63053212067155,428.23972663676807,453.37665046375633,465.6852041579456,439.9750990619974,373.13122851398384,364.60997569186424,327.10129148478165,476.33200455338556,376.388449671829,483.9965328936817,271.2586637620612,388.50896587637664,371.3969398879254,469.074651338662,399.6512887440392,401.8316985171921,439.31002636646775,449.7295047018192,479.56286552827635,449.88545601565426,249.37202376821,247.66140357239925,336.9957992154869,396.99380356190284,480.73444702456567,484.4657469999198,277.19619433471945,432.48264607723166,376.280949069441,486.6588397782695,433.5192005097892,472.2979277400564,483.24734570631495,451.11137883558723,266.7773240954273,462.05640401113686,458.5771664116558,455.14956352476804,465.216993743903,376.6180120051737,369.8126861375311,405.89579739706915,152.93940708326784,432.28231633491157,404.8612698943025,428.7422031086767,480.4045374203017,361.18211703972975,225.29902980249537,464.10969913167537,433.3601042284166,274.78855367826,399.5148977606685,406.6967771668967,198.58145076713973,368.2506312839173,431.2014235095146,414.8223653119731,421.24645265192606,335.6450995205764,383.5948221502253,476.36551683677123,380.8227036578165,467.0966995473217,422.30108953634976,470.11691008348083,445.1212841514171,471.8126626999334,449.45524870706214,475.72303636256254,466.321380205053,454.34143011525555,432.8718666577188,419.4319408651247,337.3616113554747,470.1523159072358,478.4488328568696,237.63940100573367,404.3563762651335,369.81970468190843,426.76434303713023,465.1596302728582,310.8367745706553,482.9242587343196,404.62504518268406,334.59739819086997,450.95848417014,418.88029632584033,467.17692821289654,447.2287890280938,422.08290945986164,390.3737726832829,403.38822324020947,438.3107239065258,491.39307802721515,469.90285790677467,289.4869622477078,478.31780267096883,484.41174970514606,449.915948523547,479.65482360267526,484.1009762339129,472.5257979546765,401.51244320248827,168.873301480482,329.0883662631307,320.2581014390622,446.505101995546,256.8691528934223,181.51441878338963,357.75488549577346,484.8461549436661,449.3625925526957,416.1573199177331,457.5872710511446,483.21452986711125,420.1614233422977,387.70953979829113,479.7341428560032,411.5329393492601,404.7325757177729,333.8659392943138,443.76405650159387,279.80007659312463,474.569996316524,330.8379878379363,431.4907331026554,351.7035188709086,482.44672809499036
3,15,430.0480676201229,440.54239633565453,61.75027685704651,492.3797209189242,382.52829541073527,370.19130298195404,447.590637938198,395.9282001328432,399.610004837167,458.47827326214514,371.39987221614757,406.09600217903494,426.6271761265375,451.1516518450493,451.48181012300927,427.73148331047287,445.17054362325695,330.79650397800856,257.98169125154413,470.9975966161156,435.0785552350792,479.3910746615821,454.4352890376126,334.954188298997,419.57819460169964,444.67972235489185,302.85559799728486,319.5625543191868,391.1159500648022,485.40682412874514,475.6559369027824,230.24069804663569,407.80476954208996,360.0353377981305,439.69542705652276,483.7537736946192,441.20544405858357,444.6617415965263,368.84119628391505,341.1930655326817,370.4024123808801,389.0342116583279,380.6546436278985,390.2976182988019,426.0528490012698,472.81773317041467,429.67388920756576,499.4837057940848,404.51935872340755,448.36504269272217,484.33817668239504,381.15044984064366,402.1538754991247,308.49474759109785,460.69943748975714,419.73112079240207,436.9167019779112,472.5722631190913,465.11471356252764,344.7152788933313,371.140715630984,426.2345050126867,361.46933629248616,375.49416309576804,352.6177826948738,476.9956311447239,434.375202935332,345.6560581841949,415.73284161818884,485.81461738597596,435.63053212067155,428.23972663676807,453.37665046375633,465.6852041579456,439.9750990619974,373.13122851398384,364.60997569186424,327.10129148478165,476.33200455338556,376.388449671829,483.9965328936817,271.2586637620612,388.50896587637664,371.3969398879254,469.074651338662,399.6512887440392,401.8316985171921,439.31002636646775,449.7295047018192,479.56286552827635,449.88545601565426,249.37202376821,247.66140357239925,336.9957992154869,396.99380356190284,480.73444702456567,484.4657469999198,277.19619433471945,432.48264607723166,376.280949069441,486.6588397782695,433.5192005097892,472.2979277400564,483.24734570631495,451.11137883558723,266.7773240954273,462.05640401113686,458.5771664116558,455.14956352476804,465.216993743903,376.6180120051737,369.8126861375311,405.89579739706915,152.93940708326784,432.28231633491157,404.8612698943025,428.7422031086767,480.4045374203017,361.18211703972975,225.29902980249537,464.10969913167537,433.3601042284166,274.78855367826,399.5148977606685,406.6967771668967,198.58145076713973,368.2506312839173,431.2014235095146,414.8223653119731,421.24645265192606,335.6450995205764,383.5948221502253,476.36551683677123,380.8227036578165,467.0966995473217,422.30108953634976,470.11691008348083,445.1212841514171,471.8126626999334,449.45524870706214,475.72303636256254,466.321380205053,454.34143011525555,432.8718666577188,419.4319408651247,337.3616113554747,470.1523159072358,478.4488328568696,237.63940100573367,404.3563762651335,369.81970468190843,426.76434303713023,465.1596302728582,310.8367745706553,482.9242587343196,404.62504518268406,334.59739819086997,450.95848417014,418.88029632584033,467.17692821289654,447.2287890280938,422.08290945986164,390.3737726832829,403.38822324020947,438.3107239065258,491.39307802721515,469.90285790677467,289.4869622477078,478.31780267096883,484.41174970514606,449.915948523547,479.65482360267526,484.1009762339129,472.5257979546765,401.51244320248827,168.873301480482,329.0883662631307,320.2581014390622,446.505101995546,256.8691528934223,181.51441878338963,357.75488549577346,484.8461549436661,449.3625925526957,416.1573199177331,457.5872710511446,483.21452986711125,420.1614233422977,387.70953979829113,479.7341428560032,411.5329393492601,404.7325757177729,333.8659392943138,443.76405650159387,279.80007659312463,474.569996316524,330.8379878379363,431.4907331026554,351.7035188709086,482.44672809499036
3,16,430.0480676201229,440.54239633565453,61.75027685704651,492.3797209189242,382.52829541073527,370.19130298195404,447.590637938198,395.9282001328432,399.610004837167,458.47827326214514,371.39987221614757,406.09600217903494,426.6271761265375,451.1516518450493,451.48181012300927,427.73148331047287,445.17054362325695,330.79650397800856,257.98169125154413,470.9975966161156,435.0785552350792,479.3910746615821,454.4352890376126,334.954188298997,419.57819460169964,444.67972235489185,302.85559799728486,319.5625543191868,391.1159500648022,485.40682412874514,475.6559369027824,230.24069804663569,407.80476954208996,360.0353377981305,439.69542705652276,483.7537736946192,441.20544405858357,444.6617415965263,368.84119628391505,341.1930655326817,370.4024123808801,389.0342116583279,380.6546436278985,390.2976182988019,426.0528490012698,472.81773317041467,429.67388920756576,499.4837057940848,404.51935872340755,448.36504269272217,484.33817668239504,381.15044984064366,402.1538754991247,308.49474759109785,460.69943748975714,419.73112079240207,436.9167019779112,472.5722631190913,465.11471356252764,344.7152788933313,371.140715630984,426.2345050126867,361.46933629248616,375.49416309576804,352.6177826948738,476.9956311447239,434.375202935332,345.6560581841949,415.73284161818884,485.81461738597596,435.63053212067155,428.23972663676807,453.37665046375633,465.6852041579456,439.9750990619974,373.13122851398384,364.60997569186424,327.10129148478165,476.33200455338556,376.388449671829,483.9965328936817,271.2586637620612,388.50896587637664,371.3969398879254,469.074651338662,399.6512887440392,401.8316985171921,439.31002636646775,449.7295047018192,479.56286552827635,449.88545601565426,249.37202376821,247.66140357239925,336.9957992154869,396.99380356190284,480.73444702456567,484.4657469999198,277.19619433471945,432.48264607723166,376.280949069441,486.6588397782695,433.5192005097892,472.2979277400564,483.24734570631495,451.11137883558723,266.7773240954273,462.05640401113686,458.5771664116558,455.14956352476804,465.216993743903,376.6180120051737,369.8126861375311,405.89579739706915,152.93940708326784,432.28231633491157,404.8612698943025,428.7422031086767,480.4045374203017,361.18211703972975,225.29902980249537,464.10969913167537,433.3601042284166,274.78855367826,399.5148977606685,406.6967771668967,198.58145076713973,368.2506312839173,431.2014235095146,414.8223653119731,421.24645265192606,335.6450995205764,383.5948221502253,476.36551683677123,380.8227036578165,467.0966995473217,422.30108953634976,470.11691008348083,445.1212841514171,471.8126626999334,449.45524870706214,475.72303636256254,466.321380205053,454.34143011525555,432.8718666577188,419.4319408651247,337.3616113554747,470.1523159072358,478.4488328568696,237.63940100573367,404.3563762651335,369.81970468190843,426.76434303713023,465.1596302728582,310.8367745706553,482.9242587343196,404.62504518268406,334.59739819086997,450.95848417014,418.88029632584033,467.17692821289654,447.2287890280938,422.08290945986164,390.3737726832829,403.38822324020947,438.3107239065258,491.39307802721515,469.90285790677467,289.4869622477078,478.31780267096883,484.41174970514606,449.915948523547,479.65482360267526,484.1009762339129,472.5257979546765,401.51244320248827,168.873301480482,329.0883662631307,320.2581014390622,446.505101995546,256.8691528934223,181.51441878338963,357.75488549577346,484.8461549436661,449.3625925526957,416.1573199177331,457.5872710511446,483.21452986711125,420.1614233422977,387.70953979829113,479.7341428560032,411.5329393492601,404.7325757177729,333.8659392943138,443.76405650159387,279.80007659312463,474.569996316524,330.8379878379363,431.4907331026554,351.7035188709086,482.44672809499036
3,17,430.0480676201229,440.54239633565453,61.75027685704651,492.3797209189242,382.52829541073527,370.19130298195404,447.590637938198,395.9282001328432,399.610004837167,458.47827326214514,371.39987221614757,406.09600217903494,426.6271761265375,451.1516518450493,451.48181012300927,427.73148331047287,445.17054362325695,330.79650397800856,257.98169125154413,470.9975966161156,435.0785552350792,479.3910746615821,454.4352890376126,334.954188298997,419.57819460169964,444.67972235489185,302.85559799728486,319.5625543191868,391.1159500648022,485.40682412874514,475.6559369027824,230.24069804663569,407.80476954208996,360.0353377981305,439.69542705652276,483.7537736946192,441.20544405858357,444.6617415965263,368.84119628391505,341.1930655326817,370.4024123808801,389.0342116583279,380.6546436278985,390.2976182988019,426.0528490012698,472.81773317041467,429.67388920756576,499.4837057940848,404.51935872340755,448.36504269272217,484.33817668239504,381.15044984064366,402.1538754991247,308.49474759109785,460.69943748975714,419.73112079240207,436.9167019779112,472.5722631190913,465.11471356252764,344.7152788933313,371.140715630984,426.2345050126867,361.46933629248616,375.49416309576804,352.6177826948738,476.9956311447239,434.375202935332,345.6560581841949,415.73284161818884,485.81461738597596,435.63053212067155,428.23972663676807,453.37665046375633,465.6852041579456,439.9750990619974,373.13122851398384,364.60997569186424,327.10129148478165,476.33200455338556,376.388449671829,483.9965328936817,271.2586637620612,388.50896587637664,371.3969398879254,469.074651338662,399.6512887440392,401.8316985171921,439.31002636646775,449.7295047018192,479.56286552827635,449.88545601565426,249.37202376821,247.66140357239925,336.9957992154869,396.99380356190284,480.73444702456567,484.4657469999198,277.19619433471945,432.48264607723166,376.280949069441,486.6588397782695,433.5192005097892,472.2979277400564,483.24734570631495,451.11137883558723,266.7773240954273,462.05640401113686,458.5771664116558,455.14956352476804,465.216993743903,376.6180120051737,369.8126861375311,405.89579739706915,152.93940708326784,432.28231633491157,404.8612698943025,428.7422031086767,480.4045374203017,361.18211703972975,225.29902980249537,464.10969913167537,433.3601042284166,274.78855367826,399.5148977606685,406.6967771668967,198.58145076713973,368.2506312839173,431.2014235095146,414.8223653119731,421.24645265192606,335.6450995205764,383.5948221502253,476.36551683677123,380.8227036578165,467.0966995473217,422.30108953634976,470.11691008348083,445.1212841514171,471.8126626999334,449.45524870706214,475.72303636256254,466.321380205053,454.34143011525555,432.8718666577188,419.4319408651247,337.3616113554747,470.1523159072358,478.4488328568696,237.63940100573367,404.3563762651335,369.81970468190843,426.76434303713023,465.1596302728582,310.8367745706553,482.9242587343196,404.62504518268406,334.59739819086997,450.95848417014,418.88029632584033,467.17692821289654,447.2287890280938,422.08290945986164,390.3737726832829,403.38822324020947,438.3107239065258,491.39307802721515,469.90285790677467,289.4869622477078,478.31780267096883,484.41174970514606,449.915948523547,479.65482360267526,484.1009762339129,472.5257979546765,401.51244320248827,168.873301480482,329.0883662631307,320.2581014390622,446.505101995546,256.8691528934223,181.51441878338963,357.75488549577346,484.8461549436661,449.3625925526957,416.1573199177331,457.5872710511446,483.21452986711125,420.1614233422977,387.70953979829113,479.7341428560032,411.5329393492601,404.7325757177729,333.8659392943138,443.76405650159387,279.80007659312463,474.569996316524,330.8379878379363,431.4907331026554,351.7035188709086,482.44672809499036
3,18,430.0480676201229,440.54239633565453,61.75027685704651,492.3797209189242,382.52829541073527,370.19130298195404,447.590637938198,395.9282001328432,399.610004837167,458.47827326214514,371.39987221614757,406.09600217903494,426.6271761265375,451.1516518450493,451.48181012300927,427.73148331047287,445.17054362325695,330.79650397800856,257.98169125154413,470.9975966161156,435.0785552350792,479.3910746615821,454.4352890376126,334.954188298997,419.57819460169964,444.67972235489185,302.85559799728486,319.5625543191868,391.1159500648022,485.40682412874514,475.6559369027824,230.24069804663569,407.80476954208996,360.0353377981305,439.69542705652276,483.7537736946192,441.20544405858357,444.6617415965263,368.84119628391505,341.1930655326817,370.4024123808801,389.0342116583279,380.6546436278985,390.2976182988019,426.0528490012698,472.81773317041467,429.67388920756576,499.4837057940848,404.51935872340755,448.36504269272217,484.33817668239504,381.15044984064366,402.1538754991247,308.49474759109785,460.69943748975714,419.73112079240207,436.9167019779112,472.5722631190913,465.11471356252764,344.7152788933313,371.140715630984,426.2345050126867,361.46933629248616,375.49416309576804,352.6177826948738,476.9956311447239,434.375202935332,345.6560581841949,415.73284161818884,485.81461738597596,435.63053212067155,428.23972663676807,453.37665046375633,465.6852041579456,439.9750990619974,373.13122851398384,364.60997569186424,327.10129148478165,476.33200455338556,376.388449671829,483.9965328936817,271.2586637620612,388.50896587637664,371.3969398879254,469.074651338662,399.6512887440392,401.8316985171921,439.31002636646775,449.7295047018192,479.56286552827635,449.88545601565426,249.37202376821,247.66140357239925,336.9957992154869,396.99380356190284,480.73444702456567,484.4657469999198,277.19619433471945,432.48264607723166,376.280949069441,486.6588397782695,433.5192005097892,472.2979277400564,483.24734570631495,451.11137883558723,266.7773240954273,462.05640401113686,458.5771664116558,455.14956352476804,465.216993743903,376.6180120051737,369.8126861375311,405.89579739706915,152.93940708326784,432.28231633491157,404.8612698943025,428.7422031086767,480.4045374203017,361.18211703972975,225.29902980249537,464.10969913167537,433.3601042284166,274.78855367826,399.5148977606685,406.6967771668967,198.58145076713973,368.2506312839173,431.2014235095146,414.8223653119731,421.24645265192606,335.6450995205764,383.5948221502253,476.36551683677123,380.8227036578165,467.0966995473217,422.30108953634976,470.11691008348083,445.1212841514171,471.8126626999334,449.45524870706214,475.72303636256254,466.321380205053,454.34143011525555,432.8718666577188,419.4319408651247,337.3616113554747,470.1523159072358,478.4488328568696,237.63940100573367,404.3563762651335,369.81970468190843,426.76434303713023,465.1596302728582,310.8367745706553,482.9242587343196,404.62504518268406,334.59739819086997,450.95848417014,418.88029632584033,467.17692821289654,447.2287890280938,422.08290945986164,390.3737726832829,403.38822324020947,438.3107239065258,491.39307802721515,469.90285790677467,289.4869622477078,478.31780267096883,484.41174970514606,449.915948523547,479.65482360267526,484.1009762339129,472.5257979546765,401.51244320248827,168.873301480482,329.0883662631307,320.2581014390622,446.505101995546,256.8691528934223,181.51441878338963,357.75488549577346,484.8461549436661,449.3625925526957,416.1573199177331,457.5872710511446,483.21452986711125,420.1614233422977,387.70953979829113,479.7341428560032,411.5329393492601,404.7325757177729,333.8659392943138,443.76405650159387,279.80007659312463,474.569996316524,330.8379878379363,431.4907331026554,351.7035188709086,482.44672809499036
3,19,430.0480676201229,440.54239633565453,61.75027685704651,492.3797209189242,382.52829541073527,370.19130298195404,447.590637938198,395.9282001328432,399.610004837167,458.47827326214514,371.39987221614757,406.09600217903494,426.6271761265375,451.1516518450493,451.48181012300927,427.73148331047287,445.17054362325695,330.79650397800856,257.98169125154413,470.9975966161156,435.0785552350792,479.3910746615821,454.4352890376126,334.954188298997,419.57819460169964,444.67972235489185,302.85559799728486,319.5625543191868,391.1159500648022,485.40682412874514,475.6559369027824,230.24069804663569,407.80476954208996,360.0353377981305,439.69542705652276,483.7537736946192,441.20544405858357,444.6617415965263,368.84119628391505,341.1930655326817,370.4024123808801,389.0342116583279,380.6546436278985,390.2976182988019,426.0528490012698,472.81773317041467,429.67388920756576,499.4837057940848,404.51935872340755,448.36504269272217,484.33817668239504,381.15044984064366,402.1538754991247,308.49474759109785,460.69943748975714,419.73112079240207,436.9167019779112,472.5722631190913,465.11471356252764,344.7152788933313,371.140715630984,426.2345050126867,361.46933629248616,375.49416309576804,352.6177826948738,476.9956311447239,434.375202935332,345.6560581841949,415.73284161818884,485.81461738597596,435.63053212067155,428.23972663676807,453.37665046375633,465.6852041579456,439.9750990619974,373.13122851398384,364.60997569186424,327.10129148478165,476.33200455338556,376.388449671829,483.9965328936817,271.2586637620612,388.50896587637664,371.3969398879254,469.074651338662,399.6512887440392,401.8316985171921,439.31002636646775,449.7295047018192,479.56286552827635,449.88545601565426,249.37202376821,247.66140357239925,336.9957992154869,396.99380356190284,480.73444702456567,484.4657469999198,277.19619433471945,432.48264607723166,376.280949069441,486.6588397782695,433.5192005097892,472.2979277400564,483.24734570631495,451.11137883558723,266.7773240954273,462.05640401113686,458.5771664116558,455.14956352476804,465.216993743903,376.6180120051737,369.8126861375311,405.89579739706915,152.93940708326784,432.28231633491157,404.8612698943025,428.7422031086767,480.4045374203017,361.18211703972975,225.29902980249537,464.10969913167537,433.3601042284166,274.78855367826,399.5148977606685,406.6967771668967,198.58145076713973,368.2506312839173,431.2014235095146,414.8223653119731,421.24645265192606,335.6450995205764,383.5948221502253,476.36551683677123,380.8227036578165,467.0966995473217,422.30108953634976,470.11691008348083,445.1212841514171,471.8126626999334,449.45524870706214,475.72303636256254,466.321380205053,454.34143011525555,432.8718666577188,419.4319408651247,337.3616113554747,470.1523159072358,478.4488328568696,237.63940100573367,404.3563762651335,369.81970468190843,426.76434303713023,465.1596302728582,310.8367745706553,482.9242587343196,404.62504518268406,334.59739819086997,450.95848417014,418.88029632584033,467.17692821289654,447.2287890280938,422.08290945986164,390.3737726832829,403.38822324020947,438.3107239065258,491.39307802721515,469.90285790677467,289.4869622477078,478.31780267096883,484.41174970514606,449.915948523547,479.65482360267526,484.1009762339129,472.5257979546765,401.51244320248827,168.873301480482,329.0883662631307,320.2581014390622,446.505101995546,256.8691528934223,181.51441878338963,357.75488549577346,484.8461549436661,449.3625925526957,416.1573199177331,457.5872710511446,483.21452986711125,420.1614233422977,387.70953979829113,479.7341428560032,411.5329393492601,404.7325757177729,333.8659392943138,443.76405650159387,279.80007659312463,474.569996316524,330.8379878379363,431.4907331026554,351.7035188709086,482.44672809499036
3,20,430.0480676201229,440.54239633565453,61.75027685704651,492.3797209189242,382.52829541073527,370.19130298195404,447.590637938198,395.9282001328432,399.610004837167,458.47827326214514,371.39987221614757,406.09600217903494,426.6271761265375,451.1516518450493,451.48181012300927,427.73148331047287,445.17054362325695,330.79650397800856,257.98169125154413,470.9975966161156,435.0785552350792,479.3910746615821,454.4352890376126,334.954188298997,419.57819460169964,444.67972235489185,302.85559799728486,319.5625543191868,391.1159500648022,485.40682412874514,475.6559369027824,230.24069804663569,407.80476954208996,360.0353377981305,439.69542705652276,483.7537736946192,441.20544405858357,444.6617415965263,368.84119628391505,341.1930655326817,370.4024123808801,389.0342116583279,380.6546436278985,390.2976182988019,426.0528490012698,472.81773317041467,429.67388920756576,499.4837057940848,404.51935872340755,448.36504269272217,484.33817668239504,381.15044984064366,402.1538754991247,308.49474759109785,460.69943748975714,419.73112079240207,436.9167019779112,472.5722631190913,465.11471356252764,344.7152788933313,371.140715630984,426.2345050126867,361.46933629248616,375.49416309576804,352.6177826948738,476.9956311447239,434.375202935332,345.6560581841949,415.73284161818884,485.81461738597596,435.63053212067155,428.23972663676807,453.37665046375633,465.6852041579456,439.9750990619974,373.13122851398384,364.60997569186424,327.10129148478165,476.33200455338556,376.388449671829,483.9965328936817,271.2586637620612,388.50896587637664,371.3969398879254,469.074651338662,399.6512887440392,401.8316985171921,439.31002636646775,449.7295047018192,479.56286552827635,449.88545601565426,249.37202376821,247.66140357239925,336.9957992154869,396.99380356190284,480.73444702456567,484.4657469999198,277.19619433471945,432.48264607723166,376.280949069441,486.6588397782695,433.5192005097892,472.2979277400564,483.24734570631495,451.11137883558723,266.7773240954273,462.05640401113686,458.5771664116558,455.14956352476804,465.216993743903,376.6180120051737,369.8126861375311,405.89579739706915,152.93940708326784,432.28231633491157,404.8612698943025,428.7422031086767,480.4045374203017,361.18211703972975,225.29902980249537,464.10969913167537,433.3601042284166,274.78855367826,399.5148977606685,406.6967771668967,198.58145076713973,368.2506312839173,431.2014235095146,414.8223653119731,421.24645265192606,335.6450995205764,383.5948221502253,476.36551683677123,380.8227036578165,467.0966995473217,422.30108953634976,470.11691008348083,445.1212841514171,471.8126626999334,449.45524870706214,475.72303636256254,466.321380205053,454.34143011525555,432.8718666577188,419.4319408651247,337.3616113554747,470.1523159072358,478.4488328568696,237.63940100573367,404.3563762651335,369.81970468190843,426.76434303713023,465.1596302728582,310.8367745706553,482.9242587343196,404.62504518268406,334.59739819086997,450.95848417014,418.88029632584033,467.17692821289654,447.2287890280938,422.08290945986164,390.3737726832829,403.38822324020947,438.3107239065258,491.39307802721515,469.90285790677467,289.4869622477078,478.31780267096883,484.41174970514606,449.915948523547,479.65482360267526,484.1009762339129,472.5257979546765,401.51244320248827,168.873301480482,329.0883662631307,320.2581014390622,446.505101995546,256.8691528934223,181.51441878338963,357.75488549577346,484.8461549436661,449.3625925526957,416.1573199177331,457.5872710511446,483.21452986711125,420.1614233422977,387.70953979829113,479.7341428560032,411.5329393492601,404.7325757177729,333.8659392943138,443.76405650159387,279.80007659312463,474.569996316524,330.8379878379363,431.4907331026554,351.7035188709086,482.44672809499036
3,21,430.0480676201229,440.54239633565453,61.75027685704651,492.3797209189242,382.52829541073527,370.19130298195404,447.590637938198,395.9282001328432,399.610004837167,458.47827326214514,371.39987221614757,406.09600217903494,426.6271761265375,451.1516518450493,451.48181012300927,427.73148331047287,445.17054362325695,330.79650397800856,257.98169125154413,470.9975966161156,435.0785552350792,479.3910746615821,454.4352890376126,334.954188298997,419.57819460169964,444.67972235489185,302.85559799728486,319.5625543191868,391.1159500648022,485.40682412874514,475.6559369027824,230.24069804663569,407.80476954208996,360.0353377981305,439.69542705652276,483.7537736946192,441.20544405858357,444.6617415965263,368.84119628391505,341.1930655326817,370.4024123808801,389.0342116583279,380.6546436278985,390.2976182988019,426.0528490012698,472.81773317041467,429.67388920756576,499.4837057940848,404.51935872340755,448.36504269272217,484.33817668239504,381.15044984064366,402.1538754991247,308.49474759109785,460.69943748975714,419.73112079240207,436.9167019779112,472.5722631190913,465.11471356252764,344.7152788933313,371.140715630984,426.2345050126867,361.46933629248616,375.49416309576804,352.6177826948738,476.9956311447239,434.375202935332,345.6560581841949,415.73284161818884,485.81461738597596,435.63053212067155,428.23972663676807,453.37665046375633,465.6852041579456,439.9750990619974,373.13122851398384,364.60997569186424,327.10129148478165,476.33200455338556,376.388449671829,483.9965328936817,271.2586637620612,388.50896587637664,371.3969398879254,469.074651338662,399.6512887440392,401.8316985171921,439.31002636646775,449.7295047018192,479.56286552827635,449.88545601565426,249.37202376821,247.66140357239925,336.9957992154869,396.99380356190284,480.73444702456567,484.4657469999198,277.19619433471945,432.48264607723166,376.280949069441,486.6588397782695,433.5192005097892,472.2979277400564,483.24734570631495,451.11137883558723,266.7773240954273,462.05640401113686,458.5771664116558,455.14956352476804,465.216993743903,376.6180120051737,369.8126861375311,405.89579739706915,152.93940708326784,432.28231633491157,404.8612698943025,428.7422031086767,480.4045374203017,361.18211703972975,225.29902980249537,464.10969913167537,433.3601042284166,274.78855367826,399.5148977606685,406.6967771668967,198.58145076713973,368.2506312839173,431.2014235095146,414.8223653119731,421.24645265192606,335.6450995205764,383.5948221502253,476.36551683677123,380.8227036578165,467.0966995473217,422.30108953634976,470.11691008348083,445.1212841514171,471.8126626999334,449.45524870706214,475.72303636256254,466.321380205053,454.34143011525555,432.8718666577188,419.4319408651247,337.3616113554747,470.1523159072358,478.4488328568696,237.63940100573367,404.3563762651335,369.81970468190843,426.76434303713023,465.1596302728582,310.8367745706553,482.9242587343196,404.62504518268406,334.59739819086997,450.95848417014,418.88029632584033,467.17692821289654,447.2287890280938,422.08290945986164,390.3737726832829,403.38822324020947,438.3107239065258,491.39307802721515,469.90285790677467,289.4869622477078,478.31780267096883,484.41174970514606,449.915948523547,479.65482360267526,484.1009762339129,472.5257979546765,401.51244320248827,168.873301480482,329.0883662631307,320.2581014390622,446.505101995546,256.8691528934223,181.51441878338963,357.75488549577346,484.8461549436661,449.3625925526957,416.1573199177331,457.5872710511446,483.21452986711125,420.1614233422977,387.70953979829113,479.7341428560032,411.5329393492601,404.7325757177729,333.8659392943138,443.76405650159387,279.80007659312463,474.569996316524,330.8379878379363,431.4907331026554,351.7035188709086,482.44672809499036
3,22,430.0480676201229,440.54239633565453,61.75027685704651,492.3797209189242,382.52829541073527,370.19130298195404,447.590637938198,395.9282001328432,399.610004837167,458.47827326214514,371.39987221614757,406.09600217903494,426.6271761265375,451.1516518450493,451.48181012300927,427.73148331047287,445.17054362325695,330.79650397800856,257.98169125154413,470.9975966161156,435.0785552350792,479.3910746615821,454.4352890376126,334.954188298997,419.57819460169964,444.67972235489185,302.85559799728486,319.5625543191868,391.1159500648022,485.40682412874514,475.6559369027824,230.24069804663569,407.80476954208996,360.0353377981305,439.69542705652276,483.7537736946192,441.20544405858357,444.6617415965263,368.84119628391505,341.1930655326817,370.4024123808801,389.0342116583279,380.6546436278985,390.2976182988019,426.0528490012698,472.81773317041467,429.67388920756576,499.4837057940848,404.51935872340755,448.36504269272217,484.33817668239504,381.15044984064366,402.1538754991247,308.49474759109785,460.69943748975714,419.73112079240207,436.9167019779112,472.5722631190913,465.11471356252764,344.7152788933313,371.140715630984,426.2345050126867,361.46933629248616,375.49416309576804,352.6177826948738,476.9956311447239,434.375202935332,345.6560581841949,415.73284161818884,485.81461738597596,435.63053212067155,428.23972663676807,453.37665046375633,465.6852041579456,439.9750990619974,373.13122851398384,364.60997569186424,327.10129148478165,476.33200455338556,376.388449671829,483.9965328936817,271.2586637620612,388.50896587637664,371.3969398879254,469.074651338662,399.6512887440392,401.8316985171921,439.31002636646775,449.7295047018192,479.56286552827635,449.88545601565426,249.37202376821,247.66140357239925,336.9957992154869,396.99380356190284,480.73444702456567,484.4657469999198,277.19619433471945,432.48264607723166,376.280949069441,486.6588397782695,433.5192005097892,472.2979277400564,483.24734570631495,451.11137883558723,266.7773240954273,462.05640401113686,458.5771664116558,455.14956352476804,465.216993743903,376.6180120051737,369.8126861375311,405.89579739706915,152.93940708326784,432.28231633491157,404.8612698943025,428.7422031086767,480.4045374203017,361.18211703972975,225.29902980249537,464.10969913167537,433.3601042284166,274.78855367826,399.5148977606685,406.6967771668967,198.58145076713973,368.2506312839173,431.2014235095146,414.8223653119731,421.24645265192606,335.6450995205764,383.5948221502253,476.36551683677123,380.8227036578165,467.0966995473217,422.30108953634976,470.11691008348083,445.1212841514171,471.8126626999334,449.45524870706214,475.72303636256254,466.321380205053,454.34143011525555,432.8718666577188,419.4319408651247,337.3616113554747,470.1523159072358,478.4488328568696,237.63940100573367,404.3563762651335,369.81970468190843,426.76434303713023,465.1596302728582,310.8367745706553,482.9242587343196,404.62504518268406,334.59739819086997,450.95848417014,418.88029632584033,467.17692821289654,447.2287890280938,422.08290945986164,390.3737726832829,403.38822324020947,438.3107239065258,491.39307802721515,469.90285790677467,289.4869622477078,478.31780267096883,484.41174970514606,449.915948523547,479.65482360267526,484.1009762339129,472.5257979546765,401.51244320248827,168.873301480482,329.0883662631307,320.2581014390622,446.505101995546,256.8691528934223,181.51441878338963,357.75488549577346,484.8461549436661,449.3625925526957,416.1573199177331,457.5872710511446,483.21452986711125,420.1614233422977,387.70953979829113,479.7341428560032,411.5329393492601,404.7325757177729,333.8659392943138,443.76405650159387,279.80007659312463,474.569996316524,330.8379878379363,431.4907331026554,351.7035188709086,482.44672809499036
3,23,430.0480676201229,440.54239633565453,61.75027685704651,492.3797209189242,382.52829541073527,370.19130298195404,447.590637938198,395.9282001328432,399.610004837167,458.47827326214514,371.39987221614757,406.09600217903494,426.6271761265375,451.1516518450493,451.48181012300927,427.73148331047287,445.17054362325695,330.79650397800856,257.98169125154413,470.9975966161156,435.0785552350792,479.3910746615821,454.4352890376126,334.954188298997,419.57819460169964,444.67972235489185,302.85559799728486,319.5625543191868,391.1159500648022,485.40682412874514,475.6559369027824,230.24069804663569,407.80476954208996,360.0353377981305,439.69542705652276,483.7537736946192,441.20544405858357,444.6617415965263,368.84119628391505,341.1930655326817,370.4024123808801,389.0342116583279,380.6546436278985,390.2976182988019,426.0528490012698,472.81773317041467,429.67388920756576,499.4837057940848,404.51935872340755,448.36504269272217,484.33817668239504,381.15044984064366,402.1538754991247,308.49474759109785,460.69943748975714,419.73112079240207,436.9167019779112,472.5722631190913,465.11471356252764,344.7152788933313,371.140715630984,426.2345050126867,361.46933629248616,375.49416309576804,352.6177826948738,476.9956311447239,434.375202935332,345.6560581841949,415.73284161818884,485.81461738597596,435.63053212067155,428.23972663676807,453.37665046375633,465.6852041579456,439.9750990619974,373.13122851398384,364.60997569186424,327.10129148478165,476.33200455338556,376.388449671829,483.9965328936817,271.2586637620612,388.50896587637664,371.3969398879254,469.074651338662,399.6512887440392,401.8316985171921,439.31002636646775,449.7295047018192,479.56286552827635,449.88545601565426,249.37202376821,247.66140357239925,336.9957992154869,396.99380356190284,480.73444702456567,484.4657469999198,277.19619433471945,432.48264607723166,376.280949069441,486.6588397782695,433.5192005097892,472.2979277400564,483.24734570631495,451.11137883558723,266.7773240954273,462.05640401113686,458.5771664116558,455.14956352476804,465.216993743903,376.6180120051737,369.8126861375311,405.89579739706915,152.93940708326784,432.28231633491157,404.8612698943025,428.7422031086767,480.4045374203017,361.18211703972975,225.29902980249537,464.10969913167537,433.3601042284166,274.78855367826,399.5148977606685,406.6967771668967,198.58145076713973,368.2506312839173,431.2014235095146,414.8223653119731,421.24645265192606,335.6450995205764,383.5948221502253,476.36551683677123,380.8227036578165,467.0966995473217,422.30108953634976,470.11691008348083,445.1212841514171,471.8126626999334,449.45524870706214,475.72303636256254,466.321380205053,454.34143011525555,432.8718666577188,419.4319408651247,337.3616113554747,470.1523159072358,478.4488328568696,237.63940100573367,404.3563762651335,369.81970468190843,426.76434303713023,465.1596302728582,310.8367745706553,482.9242587343196,404.62504518268406,334.59739819086997,450.95848417014,418.88029632584033,467.17692821289654,447.2287890280938,422.08290945986164,390.3737726832829,403.38822324020947,438.3107239065258,491.39307802721515,469.90285790677467,289.4869622477078,478.31780267096883,484.41174970514606,449.915948523547,479.65482360267526,484.1009762339129,472.5257979546765,401.51244320248827,168.873301480482,329.0883662631307,320.2581014390622,446.505101995546,256.8691528934223,181.51441878338963,357.75488549577346,484.8461549436661,449.3625925526957,416.1573199177331,457.5872710511446,483.21452986711125,420.1614233422977,387.70953979829113,479.7341428560032,411.5329393492601,404.7325757177729,333.8659392943138,443.76405650159387,279.80007659312463,474.569996316524,330.8379878379363,431.4907331026554,351.7035188709086,482.44672809499036
3,24,430.0480676201229,440.54239633565453,61.75027685704651,492.3797209189242,382.52829541073527,370.19130298195404,447.590637938198,395.9282001328432,399.610004837167,458.47827326214514,371.39987221614757,406.09600217903494,426.6271761265375,451.1516518450493,451.48181012300927,427.73148331047287,445.17054362325695,330.79650397800856,257.98169125154413,470.9975966161156,435.0785552350792,479.3910746615821,454.4352890376126,334.954188298997,419.57819460169964,444.67972235489185,302.85559799728486,319.5625543191868,391.1159500648022,485.40682412874514,475.6559369027824,230.24069804663569,407.80476954208996,360.0353377981305,439.69542705652276,483.7537736946192,441.20544405858357,444.6617415965263,368.84119628391505,341.1930655326817,370.4024123808801,389.0342116583279,380.6546436278985,390.2976182988019,426.0528490012698,472.81773317041467,429.67388920756576,499.4837057940848,404.51935872340755,448.36504269272217,484.33817668239504,381.15044984064366,402.1538754991247,308.49474759109785,460.69943748975714,419.73112079240207,436.9167019779112,472.5722631190913,465.11471356252764,344.7152788933313,371.140715630984,426.2345050126867,361.46933629248616,375.49416309576804,352.6177826948738,476.9956311447239,434.375202935332,345.6560581841949,415.73284161818884,485.81461738597596,435.63053212067155,428.23972663676807,453.37665046375633,465.6852041579456,439.9750990619974,373.13122851398384,364.60997569186424,327.10129148478165,476.33200455338556,376.388449671829,483.9965328936817,271.2586637620612,388.50896587637664,371.3969398879254,469.074651338662,399.6512887440392,401.8316985171921,439.31002636646775,449.7295047018192,479.56286552827635,449.88545601565426,249.37202376821,247.66140357239925,336.9957992154869,396.99380356190284,480.73444702456567,484.4657469999198,277.19619433471945,432.48264607723166,376.280949069441,486.6588397782695,433.5192005097892,472.2979277400564,483.24734570631495,451.11137883558723,266.7773240954273,462.05640401113686,458.5771664116558,455.14956352476804,465.216993743903,376.6180120051737,369.8126861375311,405.89579739706915,152.93940708326784,432.28231633491157,404.8612698943025,428.7422031086767,480.4045374203017,361.18211703972975,225.29902980249537,464.10969913167537,433.3601042284166,274.78855367826,399.5148977606685,406.6967771668967,198.58145076713973,368.2506312839173,431.2014235095146,414.8223653119731,421.24645265192606,335.6450995205764,383.5948221502253,476.36551683677123,380.8227036578165,467.0966995473217,422.30108953634976,470.11691008348083,445.1212841514171,471.8126626999334,449.45524870706214,475.72303636256254,466.321380205053,454.34143011525555,432.8718666577188,419.4319408651247,337.3616113554747,470.1523159072358,478.4488328568696,237.63940100573367,404.3563762651335,369.81970468190843,426.76434303713023,465.1596302728582,310.8367745706553,482.9242587343196,404.62504518268406,334.59739819086997,450.95848417014,418.88029632584033,467.17692821289654,447.2287890280938,422.08290945986164,390.3737726832829,403.38822324020947,438.3107239065258,491.39307802721515,469.90285790677467,289.4869622477078,478.31780267096883,484.41174970514606,449.915948523547,479.65482360267526,484.1009762339129,472.5257979546765,401.51244320248827,168.873301480482,329.0883662631307,320.2581014390622,446.505101995546,256.8691528934223,181.51441878338963,357.75488549577346,484.8461549436661,449.3625925526957,416.1573199177331,457.5872710511446,483.21452986711125,420.1614233422977,387.70953979829113,479.7341428560032,411.5329393492601,404.7325757177729,333.8659392943138,443.76405650159387,279.80007659312463,474.569996316524,330.8379878379363,431.4907331026554,351.7035188709086,482.44672809499036
3,25,430.0480676201229,440.54239633565453,61.75027685704651,492.3797209189242,382.52829541073527,370.19130298195404,447.590637938198,395.9282001328432,399.610004837167,458.47827326214514,371.39987221614757,406.09600217903494,426.6271761265375,451.1516518450493,451.48181012300927,427.73148331047287,445.17054362325695,330.79650397800856,257.98169125154413,470.9975966161156,435.0785552350792,479.3910746615821,454.4352890376126,334.954188298997,419.57819460169964,444.67972235489185,302.85559799728486,319.5625543191868,391.1159500648022,485.40682412874514,475.6559369027824,230.24069804663569,407.80476954208996,360.0353377981305,439.69542705652276,483.7537736946192,441.20544405858357,444.6617415965263,368.84119628391505,341.1930655326817,370.4024123808801,389.0342116583279,380.6546436278985,390.2976182988019,426.0528490012698,472.81773317041467,429.67388920756576,499.4837057940848,404.51935872340755,448.36504269272217,484.33817668239504,381.15044984064366,402.1538754991247,308.49474759109785,460.69943748975714,419.73112079240207,436.9167019779112,472.5722631190913,465.11471356252764,344.7152788933313,371.140715630984,426.2345050126867,361.46933629248616,375.49416309576804,352.6177826948738,476.9956311447239,434.375202935332,345.6560581841949,415.73284161818884,485.81461738597596,435.63053212067155,428.23972663676807,453.37665046375633,465.6852041579456,439.9750990619974,373.13122851398384,364.60997569186424,327.10129148478165,476.33200455338556,376.388449671829,483.9965328936817,271.2586637620612,388.50896587637664,371.3969398879254,469.074651338662,399.6512887440392,401.8316985171921,439.31002636646775,449.7295047018192,479.56286552827635,449.88545601565426,249.37202376821,247.66140357239925,336.9957992154869,396.99380356190284,480.73444702456567,484.4657469999198,277.19619433471945,432.48264607723166,376.280949069441,486.6588397782695,433.5192005097892,472.2979277400564,483.24734570631495,451.11137883558723,266.7773240954273,462.05640401113686,458.5771664116558,455.14956352476804,465.216993743903,376.6180120051737,369.8126861375311,405.89579739706915,152.93940708326784,432.28231633491157,404.8612698943025,428.7422031086767,480.4045374203017,361.18211703972975,225.29902980249537,464.10969913167537,433.3601042284166,274.78855367826,399.5148977606685,406.6967771668967,198.58145076713973,368.2506312839173,431.2014235095146,414.8223653119731,421.24645265192606,335.6450995205764,383.5948221502253,476.36551683677123,380.8227036578165,467.0966995473217,422.30108953634976,470.11691008348083,445.1212841514171,471.8126626999334,449.45524870706214,475.72303636256254,466.321380205053,454.34143011525555,432.8718666577188,419.4319408651247,337.3616113554747,470.1523159072358,478.4488328568696,237.63940100573367,404.3563762651335,369.81970468190843,426.76434303713023,465.1596302728582,310.8367745706553,482.9242587343196,404.62504518268406,334.59739819086997,450.95848417014,418.88029632584033,467.17692821289654,447.2287890280938,422.08290945986164,390.3737726832829,403.38822324020947,438.3107239065258,491.39307802721515,469.90285790677467,289.4869622477078,478.31780267096883,484.41174970514606,449.915948523547,479.65482360267526,484.1009762339129,472.5257979546765,401.51244320248827,168.873301480482,329.0883662631307,320.2581014390622,446.505101995546,256.8691528934223,181.51441878338963,357.75488549577346,484.8461549436661,449.3625925526957,416.1573199177331,457.5872710511446,483.21452986711125,420.1614233422977,387.70953979829113,479.7341428560032,411.5329393492601,404.7325757177729,333.8659392943138,443.76405650159387,279.80007659312463,474.569996316524,330.8379878379363,431.4907331026554,351.7035188709086,482.44672809499036
3,26,430.0480676201229,440.54239633565453,61.75027685704651,492.3797209189242,382.52829541073527,370.19130298195404,447.590637938198,395.9282001328432,399.610004837167,458.47827326214514,371.39987221614757,406.09600217903494,426.6271761265375,451.1516518450493,451.48181012300927,427.73148331047287,445.17054362325695,330.79650397800856,257.98169125154413,470.9975966161156,435.0785552350792,479.3910746615821,454.4352890376126,334.954188298997,419.57819460169964,444.67972235489185,302.85559799728486,319.5625543191868,391.1159500648022,485.40682412874514,475.6559369027824,230.24069804663569,407.80476954208996,360.0353377981305,439.69542705652276,483.7537736946192,441.20544405858357,444.6617415965263,368.84119628391505,341.1930655326817,370.4024123808801,389.0342116583279,380.6546436278985,390.2976182988019,426.0528490012698,472.81773317041467,429.67388920756576,499.4837057940848,404.51935872340755,448.36504269272217,484.33817668239504,381.15044984064366,402.1538754991247,308.49474759109785,460.69943748975714,419.73112079240207,436.9167019779112,472.5722631190913,465.11471356252764,344.7152788933313,371.140715630984,426.2345050126867,361.46933629248616,375.49416309576804,352.6177826948738,476.9956311447239,434.375202935332,345.6560581841949,415.73284161818884,485.81461738597596,435.63053212067155,428.23972663676807,453.37665046375633,465.6852041579456,439.9750990619974,373.13122851398384,364.60997569186424,327.10129148478165,476.33200455338556,376.388449671829,483.9965328936817,271.2586637620612,388.50896587637664,371.3969398879254,469.074651338662,399.6512887440392,401.8316985171921,439.31002636646775,449.7295047018192,479.56286552827635,449.88545601565426,249.37202376821,247.66140357239925,336.9957992154869,396.99380356190284,480.73444702456567,484.4657469999198,277.19619433471945,432.48264607723166,376.280949069441,486.6588397782695,433.5192005097892,472.2979277400564,483.24734570631495,451.11137883558723,266.7773240954273,462.05640401113686,458.5771664116558,455.14956352476804,465.216993743903,376.6180120051737,369.8126861375311,405.89579739706915,152.93940708326784,432.28231633491157,404.8612698943025,428.7422031086767,480.4045374203017,361.18211703972975,225.29902980249537,464.10969913167537,433.3601042284166,274.78855367826,399.5148977606685,406.6967771668967,198.58145076713973,368.2506312839173,431.2014235095146,414.8223653119731,421.24645265192606,335.6450995205764,383.5948221502253,476.36551683677123,380.8227036578165,467.0966995473217,422.30108953634976,470.11691008348083,445.1212841514171,471.8126626999334,449.45524870706214,475.72303636256254,466.321380205053,454.34143011525555,432.8718666577188,419.4319408651247,337.3616113554747,470.1523159072358,478.4488328568696,237.63940100573367,404.3563762651335,369.81970468190843,426.76434303713023,465.1596302728582,310.8367745706553,482.9242587343196,404.62504518268406,334.59739819086997,450.95848417014,418.88029632584033,467.17692821289654,447.2287890280938,422.08290945986164,390.3737726832829,403.38822324020947,438.3107239065258,491.39307802721515,469.90285790677467,289.4869622477078,478.31780267096883,484.41174970514606,449.915948523547,479.65482360267526,484.1009762339129,472.5257979546765,401.51244320248827,168.873301480482,329.0883662631307,320.2581014390622,446.505101995546,256.8691528934223,181.51441878338963,357.75488549577346,484.8461549436661,449.3625925526957,416.1573199177331,457.5872710511446,483.21452986711125,420.1614233422977,387.70953979829113,479.7341428560032,411.5329393492601,404.7325757177729,333.8659392943138,443.76405650159387,279.80007659312463,474.569996316524,330.8379878379363,431.4907331026554,351.7035188709086,482.44672809499036
3,27,430.0480676201229,440.54239633565453,61.75027685704651,492.3797209189242,382.52829541073527,370.19130298195404,447.590637938198,395.9282001328432,399.610004837167,458.47827326214514,371.39987221614757,406.09600217903494,426.6271761265375,451.1516518450493,451.48181012300927,427.73148331047287,445.17054362325695,330.79650397800856,257.98169125154413,470.9975966161156,435.0785552350792,479.3910746615821,454.4352890376126,334.954188298997,419.57819460169964,444.67972235489185,302.85559799728486,319.5625543191868,391.1159500648022,485.40682412874514,475.6559369027824,230.24069804663569,407.80476954208996,360.0353377981305,439.69542705652276,483.7537736946192,441.20544405858357,444.6617415965263,368.84119628391505,341.1930655326817,370.4024123808801,389.0342116583279,380.6546436278985,390.2976182988019,426.0528490012698,472.81773317041467,429.67388920756576,499.4837057940848,404.51935872340755,448.36504269272217,484.33817668239504,381.15044984064366,402.1538754991247,308.49474759109785,460.69943748975714,419.73112079240207,436.9167019779112,472.5722631190913,465.11471356252764,344.7152788933313,371.140715630984,426.2345050126867,361.46933629248616,375.49416309576804,352.6177826948738,476.9956311447239,434.375202935332,345.6560581841949,415.73284161818884,485.81461738597596,435.63053212067155,428.23972663676807,453.37665046375633,465.6852041579456,439.9750990619974,373.13122851398384,364.60997569186424,327.10129148478165,476.33200455338556,376.388449671829,483.9965328936817,271.2586637620612,388.50896587637664,371.3969398879254,469.074651338662,399.6512887440392,401.8316985171921,439.31002636646775,449.7295047018192,479.56286552827635,449.88545601565426,249.37202376821,247.66140357239925,336.9957992154869,396.99380356190284,480.73444702456567,484.4657469999198,277.19619433471945,432.48264607723166,376.280949069441,486.6588397782695,433.5192005097892,472.2979277400564,483.24734570631495,451.11137883558723,266.7773240954273,462.05640401113686,458.5771664116558,455.14956352476804,465.216993743903,376.6180120051737,369.8126861375311,405.89579739706915,152.93940708326784,432.28231633491157,404.8612698943025,428.7422031086767,480.4045374203017,361.18211703972975,225.29902980249537,464.10969913167537,433.3601042284166,274.78855367826,399.5148977606685,406.6967771668967,198.58145076713973,368.2506312839173,431.2014235095146,414.8223653119731,421.24645265192606,335.6450995205764,383.5948221502253,476.36551683677123,380.8227036578165,467.0966995473217,422.30108953634976,470.11691008348083,445.1212841514171,471.8126626999334,449.45524870706214,475.72303636256254,466.321380205053,454.34143011525555,432.8718666577188,419.4319408651247,337.3616113554747,470.1523159072358,478.4488328568696,237.63940100573367,404.3563762651335,369.81970468190843,426.76434303713023,465.1596302728582,310.8367745706553,482.9242587343196,404.62504518268406,334.59739819086997,450.95848417014,418.88029632584033,467.17692821289654,447.2287890280938,422.08290945986164,390.3737726832829,403.38822324020947,438.3107239065258,491.39307802721515,469.90285790677467,289.4869622477078,478.31780267096883,484.41174970514606,449.915948523547,479.65482360267526,484.1009762339129,472.5257979546765,401.51244320248827,168.873301480482,329.0883662631307,320.2581014390622,446.505101995546,256.8691528934223,181.51441878338963,357.75488549577346,484.8461549436661,449.3625925526957,416.1573199177331,457.5872710511446,483.21452986711125,420.1614233422977,387.70953979829113,479.7341428560032,411.5329393492601,404.7325757177729,333.8659392943138,443.76405650159387,279.80007659312463,474.569996316524,330.8379878379363,431.4907331026554,351.7035188709086,482.44672809499036
3,28,430.0480676201229,440.54239633565453,61.75027685704651,492.3797209189242,382.52829541073527,370.19130298195404,447.590637938198,395.9282001328432,399.610004837167,458.47827326214514,371.39987221614757,406.09600217903494,426.6271761265375,451.1516518450493,451.48181012300927,427.73148331047287,445.17054362325695,330.79650397800856,257.98169125154413,470.9975966161156,435.0785552350792,479.3910746615821,454.4352890376126,334.954188298997,419.57819460169964,444.67972235489185,302.85559799728486,319.5625543191868,391.1159500648022,485.40682412874514,475.6559369027824,230.24069804663569,407.80476954208996,360.0353377981305,439.69542705652276,483.7537736946192,441.20544405858357,444.6617415965263,368.84119628391505,341.1930655326817,370.4024123808801,389.0342116583279,380.6546436278985,390.2976182988019,426.0528490012698,472.81773317041467,429.67388920756576,499.4837057940848,404.51935872340755,448.36504269272217,484.33817668239504,381.15044984064366,402.1538754991247,308.49474759109785,460.69943748975714,419.73112079240207,436.9167019779112,472.5722631190913,465.11471356252764,344.7152788933313,371.140715630984,426.2345050126867,361.46933629248616,375.49416309576804,352.6177826948738,476.9956311447239,434.375202935332,345.6560581841949,415.73284161818884,485.81461738597596,435.63053212067155,428.23972663676807,453.37665046375633,465.6852041579456,439.9750990619974,373.13122851398384,364.60997569186424,327.10129148478165,476.33200455338556,376.388449671829,483.9965328936817,271.2586637620612,388.50896587637664,371.3969398879254,469.074651338662,399.6512887440392,401.8316985171921,439.31002636646775,449.7295047018192,479.56286552827635,449.88545601565426,249.37202376821,247.66140357239925,336.9957992154869,396.99380356190284,480.73444702456567,484.4657469999198,277.19619433471945,432.48264607723166,376.280949069441,486.6588397782695,433.5192005097892,472.2979277400564,483.24734570631495,451.11137883558723,266.7773240954273,462.05640401113686,458.5771664116558,455.14956352476804,465.216993743903,376.6180120051737,369.8126861375311,405.89579739706915,152.93940708326784,432.28231633491157,404.8612698943025,428.7422031086767,480.4045374203017,361.18211703972975,225.29902980249537,464.10969913167537,433.3601042284166,274.78855367826,399.5148977606685,406.6967771668967,198.58145076713973,368.2506312839173,431.2014235095146,414.8223653119731,421.24645265192606,335.6450995205764,383.5948221502253,476.36551683677123,380.8227036578165,467.0966995473217,422.30108953634976,470.11691008348083,445.1212841514171,471.8126626999334,449.45524870706214,475.72303636256254,466.321380205053,454.34143011525555,432.8718666577188,419.4319408651247,337.3616113554747,470.1523159072358,478.4488328568696,237.63940100573367,404.3563762651335,369.81970468190843,426.76434303713023,465.1596302728582,310.8367745706553,482.9242587343196,404.62504518268406,334.59739819086997,450.95848417014,418.88029632584033,467.17692821289654,447.2287890280938,422.08290945986164,390.3737726832829,403.38822324020947,438.3107239065258,491.39307802721515,469.90285790677467,289.4869622477078,478.31780267096883,484.41174970514606,449.915948523547,479.65482360267526,484.1009762339129,472.5257979546765,401.51244320248827,168.873301480482,329.0883662631307,320.2581014390622,446.505101995546,256.8691528934223,181.51441878338963,357.75488549577346,484.8461549436661,449.3625925526957,416.1573199177331,457.5872710511446,483.21452986711125,420.1614233422977,387.70953979829113,479.7341428560032,411.5329393492601,404.7325757177729,333.8659392943138,443.76405650159387,279.80007659312463,474.569996316524,330.8379878379363,431.4907331026554,351.7035188709086,482.44672809499036
3,29,430.0480676201229,440.54239633565453,61.75027685704651,492.3797209189242,382.52829541073527,370.19130298195404,447.590637938198,395.9282001328432,399.610004837167,458.47827326214514,371.39987221614757,406.09600217903494,426.6271761265375,451.1516518450493,451.48181012300927,427.73148331047287,445.17054362325695,330.79650397800856,257.98169125154413,470.9975966161156,435.0785552350792,479.3910746615821,454.4352890376126,334.954188298997,419.57819460169964,444.67972235489185,302.85559799728486,319.5625543191868,391.1159500648022,485.40682412874514,475.6559369027824,230.24069804663569,407.80476954208996,360.0353377981305,439.69542705652276,483.7537736946192,441.20544405858357,444.6617415965263,368.84119628391505,341.1930655326817,370.4024123808801,389.0342116583279,380.6546436278985,390.2976182988019,426.0528490012698,472.81773317041467,429.67388920756576,499.4837057940848,404.51935872340755,448.36504269272217,484.33817668239504,381.15044984064366,402.1538754991247,308.49474759109785,460.69943748975714,419.73112079240207,436.9167019779112,472.5722631190913,465.11471356252764,344.7152788933313,371.140715630984,426.2345050126867,361.46933629248616,375.49416309576804,352.6177826948738,476.9956311447239,434.375202935332,345.6560581841949,415.73284161818884,485.81461738597596,435.63053212067155,428.23972663676807,453.37665046375633,465.6852041579456,439.9750990619974,373.13122851398384,364.60997569186424,327.10129148478165,476.33200455338556,376.388449671829,483.9965328936817,271.2586637620612,388.50896587637664,371.3969398879254,469.074651338662,399.6512887440392,401.8316985171921,439.31002636646775,449.7295047018192,479.56286552827635,449.88545601565426,249.37202376821,247.66140357239925,336.9957992154869,396.99380356190284,480.73444702456567,484.4657469999198,277.19619433471945,432.48264607723166,376.280949069441,486.6588397782695,433.5192005097892,472.2979277400564,483.24734570631495,451.11137883558723,266.7773240954273,462.05640401113686,458.5771664116558,455.14956352476804,465.216993743903,376.6180120051737,369.8126861375311,405.89579739706915,152.93940708326784,432.28231633491157,404.8612698943025,428.7422031086767,480.4045374203017,361.18211703972975,225.29902980249537,464.10969913167537,433.3601042284166,274.78855367826,399.5148977606685,406.6967771668967,198.58145076713973,368.2506312839173,431.2014235095146,414.8223653119731,421.24645265192606,335.6450995205764,383.5948221502253,476.36551683677123,380.8227036578165,467.0966995473217,422.30108953634976,470.11691008348083,445.1212841514171,471.8126626999334,449.45524870706214,475.72303636256254,466.321380205053,454.34143011525555,432.8718666577188,419.4319408651247,337.3616113554747,470.1523159072358,478.4488328568696,237.63940100573367,404.3563762651335,369.81970468190843,426.76434303713023,465.1596302728582,310.8367745706553,482.9242587343196,404.62504518268406,334.59739819086997,450.95848417014,418.88029632584033,467.17692821289654,447.2287890280938,422.08290945986164,390.3737726832829,403.38822324020947,438.3107239065258,491.39307802721515,469.90285790677467,289.4869622477078,478.31780267096883,484.41174970514606,449.915948523547,479.65482360267526,484.1009762339129,472.5257979546765,401.51244320248827,168.873301480482,329.0883662631307,320.2581014390622,446.505101995546,256.8691528934223,181.51441878338963,357.75488549577346,484.8461549436661,449.3625925526957,416.1573199177331,457.5872710511446,483.21452986711125,420.1614233422977,387.70953979829113,479.7341428560032,411.5329393492601,404.7325757177729,333.8659392943138,443.76405650159387,279.80007659312463,474.569996316524,330.8379878379363,431.4907331026554,351.7035188709086,482.44672809499036
3,30,430.0480676201229,440.54239633565453,61.75027685704651,492.3797209189242,382.52829541073527,370.19130298195404,447.590637938198,395.9282001328432,399.610004837167,458.47827326214514,371.39987221614757,406.09600217903494,426.6271761265375,451.1516518450493,451.48181012300927,427.73148331047287,445.17054362325695,330.79650397800856,257.98169125154413,470.9975966161156,435.0785552350792,479.3910746615821,454.4352890376126,334.954188298997,419.57819460169964,444.67972235489185,302.85559799728486,319.5625543191868,391.1159500648022,485.40682412874514,475.6559369027824,230.24069804663569,407.80476954208996,360.0353377981305,439.69542705652276,483.7537736946192,441.20544405858357,444.6617415965263,368.84119628391505,341.1930655326817,370.4024123808801,389.0342116583279,380.6546436278985,390.2976182988019,426.0528490012698,472.81773317041467,429.67388920756576,499.4837057940848,404.51935872340755,448.36504269272217,484.33817668239504,381.15044984064366,402.1538754991247,308.49474759109785,460.69943748975714,419.73112079240207,436.9167019779112,472.5722631190913,465.11471356252764,344.7152788933313,371.140715630984,426.2345050126867,361.46933629248616,375.49416309576804,352.6177826948738,476.9956311447239,434.375202935332,345.6560581841949,415.73284161818884,485.81461738597596,435.63053212067155,428.23972663676807,453.37665046375633,465.6852041579456,439.9750990619974,373.13122851398384,364.60997569186424,327.10129148478165,476.33200455338556,376.388449671829,483.9965328936817,271.2586637620612,388.50896587637664,371.3969398879254,469.074651338662,399.6512887440392,401.8316985171921,439.31002636646775,449.7295047018192,479.56286552827635,449.88545601565426,249.37202376821,247.66140357239925,336.9957992154869,396.99380356190284,480.73444702456567,484.4657469999198,277.19619433471945,432.48264607723166,376.280949069441,486.6588397782695,433.5192005097892,472.2979277400564,483.24734570631495,451.11137883558723,266.7773240954273,462.05640401113686,458.5771664116558,455.14956352476804,465.216993743903,376.6180120051737,369.8126861375311,405.89579739706915,152.93940708326784,432.28231633491157,404.8612698943025,428.7422031086767,480.4045374203017,361.18211703972975,225.29902980249537,464.10969913167537,433.3601042284166,274.78855367826,399.5148977606685,406.6967771668967,198.58145076713973,368.2506312839173,431.2014235095146,414.8223653119731,421.24645265192606,335.6450995205764,383.5948221502253,476.36551683677123,380.8227036578165,467.0966995473217,422.30108953634976,470.11691008348083,445.1212841514171,471.8126626999334,449.45524870706214,475.72303636256254,466.321380205053,454.34143011525555,432.8718666577188,419.4319408651247,337.3616113554747,470.1523159072358,478.4488328568696,237.63940100573367,404.3563762651335,369.81970468190843,426.76434303713023,465.1596302728582,310.8367745706553,482.9242587343196,404.62504518268406,334.59739819086997,450.95848417014,418.88029632584033,467.17692821289654,447.2287890280938,422.08290945986164,390.3737726832829,403.38822324020947,438.3107239065258,491.39307802721515,469.90285790677467,289.4869622477078,478.31780267096883,484.41174970514606,449.915948523547,479.65482360267526,484.1009762339129,472.5257979546765,401.51244320248827,168.873301480482,329.0883662631307,320.2581014390622,446.505101995546,256.8691528934223,181.51441878338963,357.75488549577346,484.8461549436661,449.3625925526957,416.1573199177331,457.5872710511446,483.21452986711125,420.1614233422977,387.70953979829113,479.7341428560032,411.5329393492601,404.7325757177729,333.8659392943138,443.76405650159387,279.80007659312463,474.569996316524,330.8379878379363,431.4907331026554,351.7035188709086,482.44672809499036
3,31,430.0480676201229,440.54239633565453,61.75027685704651,492.3797209189242,382.52829541073527,370.19130298195404,447.590637938198,395.9282001328432,399.610004837167,458.47827326214514,371.39987221614757,406.09600217903494,426.6271761265375,451.1516518450493,451.48181012300927,427.73148331047287,445.17054362325695,330.79650397800856,257.98169125154413,470.9975966161156,435.0785552350792,479.3910746615821,454.4352890376126,334.954188298997,419.57819460169964,444.67972235489185,302.85559799728486,319.5625543191868,391.1159500648022,485.40682412874514,475.6559369027824,230.24069804663569,407.80476954208996,360.0353377981305,439.69542705652276,483.7537736946192,441.20544405858357,444.6617415965263,368.84119628391505,341.1930655326817,370.4024123808801,389.0342116583279,380.6546436278985,390.2976182988019,426.0528490012698,472.81773317041467,429.67388920756576,499.4837057940848,404.51935872340755,448.36504269272217,484.33817668239504,381.15044984064366,402.1538754991247,308.49474759109785,460.69943748975714,419.73112079240207,436.9167019779112,472.5722631190913,465.11471356252764,344.7152788933313,371.140715630984,426.2345050126867,361.46933629248616,375.49416309576804,352.6177826948738,476.9956311447239,434.375202935332,345.6560581841949,415.73284161818884,485.81461738597596,435.63053212067155,428.23972663676807,453.37665046375633,465.6852041579456,439.9750990619974,373.13122851398384,364.60997569186424,327.10129148478165,476.33200455338556,376.388449671829,483.9965328936817,271.2586637620612,388.50896587637664,371.3969398879254,469.074651338662,399.6512887440392,401.8316985171921,439.31002636646775,449.7295047018192,479.56286552827635,449.88545601565426,249.37202376821,247.66140357239925,336.9957992154869,396.99380356190284,480.73444702456567,484.4657469999198,277.19619433471945,432.48264607723166,376.280949069441,486.6588397782695,433.5192005097892,472.2979277400564,483.24734570631495,451.11137883558723,266.7773240954273,462.05640401113686,458.5771664116558,455.14956352476804,465.216993743903,376.6180120051737,369.8126861375311,405.89579739706915,152.93940708326784,432.28231633491157,404.8612698943025,428.7422031086767,480.4045374203017,361.18211703972975,225.29902980249537,464.10969913167537,433.3601042284166,274.78855367826,399.5148977606685,406.6967771668967,198.58145076713973,368.2506312839173,431.2014235095146,414.8223653119731,421.24645265192606,335.6450995205764,383.5948221502253,476.36551683677123,380.8227036578165,467.0966995473217,422.30108953634976,470.11691008348083,445.1212841514171,471.8126626999334,449.45524870706214,475.72303636256254,466.321380205053,454.34143011525555,432.8718666577188,419.4319408651247,337.3616113554747,470.1523159072358,478.4488328568696,237.63940100573367,404.3563762651335,369.81970468190843,426.76434303713023,465.1596302728582,310.8367745706553,482.9242587343196,404.62504518268406,334.59739819086997,450.95848417014,418.88029632584033,467.17692821289654,447.2287890280938,422.08290945986164,390.3737726832829,403.38822324020947,438.3107239065258,491.39307802721515,469.90285790677467,289.4869622477078,478.31780267096883,484.41174970514606,449.915948523547,479.65482360267526,484.1009762339129,472.5257979546765,401.51244320248827,168.873301480482,329.0883662631307,320.2581014390622,446.505101995546,256.8691528934223,181.51441878338963,357.75488549577346,484.8461549436661,449.3625925526957,416.1573199177331,457.5872710511446,483.21452986711125,420.1614233422977,387.70953979829113,479.7341428560032,411.5329393492601,404.7325757177729,333.8659392943138,443.76405650159387,279.80007659312463,474.569996316524,330.8379878379363,431.4907331026554,351.7035188709086,482.44672809499036
3,32,430.0480676201229,440.54239633565453,61.75027685704651,492.3797209189242,382.52829541073527,370.19130298195404,447.590637938198,395.9282001328432,399.610004837167,458.47827326214514,371.39987221614757,406.09600217903494,426.6271761265375,451.1516518450493,451.48181012300927,427.73148331047287,445.17054362325695,330.79650397800856,257.98169125154413,470.9975966161156,435.0785552350792,479.3910746615821,454.4352890376126,334.954188298997,419.57819460169964,444.67972235489185,302.85559799728486,319.5625543191868,391.1159500648022,485.40682412874514,475.6559369027824,230.24069804663569,407.80476954208996,360.0353377981305,439.69542705652276,483.7537736946192,441.20544405858357,444.6617415965263,368.84119628391505,341.1930655326817,370.4024123808801,389.0342116583279,380.6546436278985,390.2976182988019,426.0528490012698,472.81773317041467,429.67388920756576,499.4837057940848,404.51935872340755,448.36504269272217,484.33817668239504,381.15044984064366,402.1538754991247,308.49474759109785,460.69943748975714,419.73112079240207,436.9167019779112,472.5722631190913,465.11471356252764,344.7152788933313,371.140715630984,426.2345050126867,361.46933629248616,375.49416309576804,352.6177826948738,476.9956311447239,434.375202935332,345.6560581841949,415.73284161818884,485.81461738597596,435.63053212067155,428.23972663676807,453.37665046375633,465.6852041579456,439.9750990619974,373.13122851398384,364.60997569186424,327.10129148478165,476.33200455338556,376.388449671829,483.9965328936817,271.2586637620612,388.50896587637664,371.3969398879254,469.074651338662,399.6512887440392,401.8316985171921,439.31002636646775,449.7295047018192,479.56286552827635,449.88545601565426,249.37202376821,247.66140357239925,336.9957992154869,396.99380356190284,480.73444702456567,484.4657469999198,277.19619433471945,432.48264607723166,376.280949069441,486.6588397782695,433.5192005097892,472.2979277400564,483.24734570631495,451.11137883558723,266.7773240954273,462.05640401113686,458.5771664116558,455.14956352476804,465.216993743903,376.6180120051737,369.8126861375311,405.89579739706915,152.93940708326784,432.28231633491157,404.8612698943025,428.7422031086767,480.4045374203017,361.18211703972975,225.29902980249537,464.10969913167537,433.3601042284166,274.78855367826,399.5148977606685,406.6967771668967,198.58145076713973,368.2506312839173,431.2014235095146,414.8223653119731,421.24645265192606,335.6450995205764,383.5948221502253,476.36551683677123,380.8227036578165,467.0966995473217,422.30108953634976,470.11691008348083,445.1212841514171,471.8126626999334,449.45524870706214,475.72303636256254,466.321380205053,454.34143011525555,432.8718666577188,419.4319408651247,337.3616113554747,470.1523159072358,478.4488328568696,237.63940100573367,404.3563762651335,369.81970468190843,426.76434303713023,465.1596302728582,310.8367745706553,482.9242587343196,404.62504518268406,334.59739819086997,450.95848417014,418.88029632584033,467.17692821289654,447.2287890280938,422.08290945986164,390.3737726832829,403.38822324020947,438.3107239065258,491.39307802721515,469.90285790677467,289.4869622477078,478.31780267096883,484.41174970514606,449.915948523547,479.65482360267526,484.1009762339129,472.5257979546765,401.51244320248827,168.873301480482,329.0883662631307,320.2581014390622,446.505101995546,256.8691528934223,181.51441878338963,357.75488549577346,484.8461549436661,449.3625925526957,416.1573199177331,457.5872710511446,483.21452986711125,420.1614233422977,387.70953979829113,479.7341428560032,411.5329393492601,404.7325757177729,333.8659392943138,443.76405650159387,279.80007659312463,474.569996316524,330.8379878379363,431.4907331026554,351.7035188709086,482.44672809499036
3,33,430.0480676201229,440.54239633565453,61.75027685704651,492.3797209189242,382.52829541073527,370.19130298195404,447.590637938198,395.9282001328432,399.610004837167,458.47827326214514,371.39987221614757,406.09600217903494,426.6271761265375,451.1516518450493,451.48181012300927,427.73148331047287,445.17054362325695,330.79650397800856,257.98169125154413,470.9975966161156,435.0785552350792,479.3910746615821,454.4352890376126,334.954188298997,419.57819460169964,444.67972235489185,302.85559799728486,319.5625543191868,391.1159500648022,485.40682412874514,475.6559369027824,230.24069804663569,407.80476954208996,360.0353377981305,439.69542705652276,483.7537736946192,441.20544405858357,444.6617415965263,368.84119628391505,341.1930655326817,370.4024123808801,389.0342116583279,380.6546436278985,390.2976182988019,426.0528490012698,472.81773317041467,429.67388920756576,499.4837057940848,404.51935872340755,448.36504269272217,484.33817668239504,381.15044984064366,402.1538754991247,308.49474759109785,460.69943748975714,419.73112079240207,436.9167019779112,472.5722631190913,465.11471356252764,344.7152788933313,371.140715630984,426.2345050126867,361.46933629248616,375.49416309576804,352.6177826948738,476.9956311447239,434.375202935332,345.6560581841949,415.73284161818884,485.81461738597596,435.63053212067155,428.23972663676807,453.37665046375633,465.6852041579456,439.9750990619974,373.13122851398384,364.60997569186424,327.10129148478165,476.33200455338556,376.388449671829,483.9965328936817,271.2586637620612,388.50896587637664,371.3969398879254,469.074651338662,399.6512887440392,401.8316985171921,439.31002636646775,449.7295047018192,479.56286552827635,449.88545601565426,249.37202376821,247.66140357239925,336.9957992154869,396.99380356190284,480.73444702456567,484.4657469999198,277.19619433471945,432.48264607723166,376.280949069441,486.6588397782695,433.5192005097892,472.2979277400564,483.24734570631495,451.11137883558723,266.7773240954273,462.05640401113686,458.5771664116558,455.14956352476804,465.216993743903,376.6180120051737,369.8126861375311,405.89579739706915,152.93940708326784,432.28231633491157,404.8612698943025,428.7422031086767,480.4045374203017,361.18211703972975,225.29902980249537,464.10969913167537,433.3601042284166,274.78855367826,399.5148977606685,406.6967771668967,198.58145076713973,368.2506312839173,431.2014235095146,414.8223653119731,421.24645265192606,335.6450995205764,383.5948221502253,476.36551683677123,380.8227036578165,467.0966995473217,422.30108953634976,470.11691008348083,445.1212841514171,471.8126626999334,449.45524870706214,475.72303636256254,466.321380205053,454.34143011525555,432.8718666577188,419.4319408651247,337.3616113554747,470.1523159072358,478.4488328568696,237.63940100573367,404.3563762651335,369.81970468190843,426.76434303713023,465.1596302728582,310.8367745706553,482.9242587343196,404.62504518268406,334.59739819086997,450.95848417014,418.88029632584033,467.17692821289654,447.2287890280938,422.08290945986164,390.3737726832829,403.38822324020947,438.3107239065258,491.39307802721515,469.90285790677467,289.4869622477078,478.31780267096883,484.41174970514606,449.915948523547,479.65482360267526,484.1009762339129,472.5257979546765,401.51244320248827,168.873301480482,329.0883662631307,320.2581014390622,446.505101995546,256.8691528934223,181.51441878338963,357.75488549577346,484.8461549436661,449.3625925526957,416.1573199177331,457.5872710511446,483.21452986711125,420.1614233422977,387.70953979829113,479.7341428560032,411.5329393492601,404.7325757177729,333.8659392943138,443.76405650159387,279.80007659312463,474.569996316524,330.8379878379363,431.4907331026554,351.7035188709086,482.44672809499036
3,34,430.0480676201229,440.54239633565453,61.75027685704651,492.3797209189242,382.52829541073527,370.19130298195404,447.590637938198,395.9282001328432,399.610004837167,458.47827326214514,371.39987221614757,406.09600217903494,426.6271761265375,451.1516518450493,451.48181012300927,427.73148331047287,445.17054362325695,330.79650397800856,257.98169125154413,470.9975966161156,435.0785552350792,479.3910746615821,454.4352890376126,334.954188298997,419.57819460169964,444.67972235489185,302.85559799728486,319.5625543191868,391.1159500648022,485.40682412874514,475.6559369027824,230.24069804663569,407.80476954208996,360.0353377981305,439.69542705652276,483.7537736946192,441.20544405858357,444.6617415965263,368.84119628391505,341.1930655326817,370.4024123808801,389.0342116583279,380.6546436278985,390.2976182988019,426.0528490012698,472.81773317041467,429.67388920756576,499.4837057940848,404.51935872340755,448.36504269272217,484.33817668239504,381.15044984064366,402.1538754991247,308.49474759109785,460.69943748975714,419.73112079240207,436.9167019779112,472.5722631190913,465.11471356252764,344.7152788933313,371.140715630984,426.2345050126867,361.46933629248616,375.49416309576804,352.6177826948738,476.9956311447239,434.375202935332,345.6560581841949,415.73284161818884,485.81461738597596,435.63053212067155,428.23972663676807,453.37665046375633,465.6852041579456,439.9750990619974,373.13122851398384,364.60997569186424,327.10129148478165,476.33200455338556,376.388449671829,483.9965328936817,271.2586637620612,388.50896587637664,371.3969398879254,469.074651338662,399.6512887440392,401.8316985171921,439.31002636646775,449.7295047018192,479.56286552827635,449.88545601565426,249.37202376821,247.66140357239925,336.9957992154869,396.99380356190284,480.73444702456567,484.4657469999198,277.19619433471945,432.48264607723166,376.280949069441,486.6588397782695,433.5192005097892,472.2979277400564,483.24734570631495,451.11137883558723,266.7773240954273,462.05640401113686,458.5771664116558,455.14956352476804,465.216993743903,376.6180120051737,369.8126861375311,405.89579739706915,152.93940708326784,432.28231633491157,404.8612698943025,428.7422031086767,480.4045374203017,361.18211703972975,225.29902980249537,464.10969913167537,433.3601042284166,274.78855367826,399.5148977606685,406.6967771668967,198.58145076713973,368.2506312839173,431.2014235095146,414.8223653119731,421.24645265192606,335.6450995205764,383.5948221502253,476.36551683677123,380.8227036578165,467.0966995473217,422.30108953634976,470.11691008348083,445.1212841514171,471.8126626999334,449.45524870706214,475.72303636256254,466.321380205053,454.34143011525555,432.8718666577188,419.4319408651247,337.3616113554747,470.1523159072358,478.4488328568696,237.63940100573367,404.3563762651335,369.81970468190843,426.76434303713023,465.1596302728582,310.8367745706553,482.9242587343196,404.62504518268406,334.59739819086997,450.95848417014,418.88029632584033,467.17692821289654,447.2287890280938,422.08290945986164,390.3737726832829,403.38822324020947,438.3107239065258,491.39307802721515,469.90285790677467,289.4869622477078,478.31780267096883,484.41174970514606,449.915948523547,479.65482360267526,484.1009762339129,472.5257979546765,401.51244320248827,168.873301480482,329.0883662631307,320.2581014390622,446.505101995546,256.8691528934223,181.51441878338963,357.75488549577346,484.8461549436661,449.3625925526957,416.1573199177331,457.5872710511446,483.21452986711125,420.1614233422977,387.70953979829113,479.7341428560032,411.5329393492601,404.7325757177729,333.8659392943138,443.76405650159387,279.80007659312463,474.569996316524,330.8379878379363,431.4907331026554,351.7035188709086,482.44672809499036
3,35,430.0480676201229,440.54239633565453,61.75027685704651,492.3797209189242,382.52829541073527,370.19130298195404,447.590637938198,395.9282001328432,399.610004837167,458.47827326214514,371.39987221614757,406.09600217903494,426.6271761265375,451.1516518450493,451.48181012300927,427.73148331047287,445.17054362325695,330.79650397800856,257.98169125154413,470.9975966161156,435.0785552350792,479.3910746615821,454.4352890376126,334.954188298997,419.57819460169964,444.67972235489185,302.85559799728486,319.5625543191868,391.1159500648022,485.40682412874514,475.6559369027824,230.24069804663569,407.80476954208996,360.0353377981305,439.69542705652276,483.7537736946192,441.20544405858357,444.6617415965263,368.84119628391505,341.1930655326817,370.4024123808801,389.0342116583279,380.6546436278985,390.2976182988019,426.0528490012698,472.81773317041467,429.67388920756576,499.4837057940848,404.51935872340755,448.36504269272217,484.33817668239504,381.15044984064366,402.1538754991247,308.49474759109785,460.69943748975714,419.73112079240207,436.9167019779112,472.5722631190913,465.11471356252764,344.7152788933313,371.140715630984,426.2345050126867,361.46933629248616,375.49416309576804,352.6177826948738,476.9956311447239,434.375202935332,345.6560581841949,415.73284161818884,485.81461738597596,435.63053212067155,428.23972663676807,453.37665046375633,465.6852041579456,439.9750990619974,373.13122851398384,364.60997569186424,327.10129148478165,476.33200455338556,376.388449671829,483.9965328936817,271.2586637620612,388.50896587637664,371.3969398879254,469.074651338662,399.6512887440392,401.8316985171921,439.31002636646775,449.7295047018192,479.56286552827635,449.88545601565426,249.37202376821,247.66140357239925,336.9957992154869,396.99380356190284,480.73444702456567,484.4657469999198,277.19619433471945,432.48264607723166,376.280949069441,486.6588397782695,433.5192005097892,472.2979277400564,483.24734570631495,451.11137883558723,266.7773240954273,462.05640401113686,458.5771664116558,455.14956352476804,465.216993743903,376.6180120051737,369.8126861375311,405.89579739706915,152.93940708326784,432.28231633491157,404.8612698943025,428.7422031086767,480.4045374203017,361.18211703972975,225.29902980249537,464.10969913167537,433.3601042284166,274.78855367826,399.5148977606685,406.6967771668967,198.58145076713973,368.2506312839173,431.2014235095146,414.8223653119731,421.24645265192606,335.6450995205764,383.5948221502253,476.36551683677123,380.8227036578165,467.0966995473217,422.30108953634976,470.11691008348083,445.1212841514171,471.8126626999334,449.45524870706214,475.72303636256254,466.321380205053,454.34143011525555,432.8718666577188,419.4319408651247,337.3616113554747,470.1523159072358,478.4488328568696,237.63940100573367,404.3563762651335,369.81970468190843,426.76434303713023,465.1596302728582,310.8367745706553,482.9242587343196,404.62504518268406,334.59739819086997,450.95848417014,418.88029632584033,467.17692821289654,447.2287890280938,422.08290945986164,390.3737726832829,403.38822324020947,438.3107239065258,491.39307802721515,469.90285790677467,289.4869622477078,478.31780267096883,484.41174970514606,449.915948523547,479.65482360267526,484.1009762339129,472.5257979546765,401.51244320248827,168.873301480482,329.0883662631307,320.2581014390622,446.505101995546,256.8691528934223,181.51441878338963,357.75488549577346,484.8461549436661,449.3625925526957,416.1573199177331,457.5872710511446,483.21452986711125,420.1614233422977,387.70953979829113,479.7341428560032,411.5329393492601,404.7325757177729,333.8659392943138,443.76405650159387,279.80007659312463,474.569996316524,330.8379878379363,431.4907331026554,351.7035188709086,482.44672809499036
3,36,430.0480676201229,440.54239633565453,61.75027685704651,492.3797209189242,382.52829541073527,370.19130298195404,447.590637938198,395.9282001328432,399.610004837167,458.47827326214514,371.39987221614757,406.09600217903494,426.6271761265375,451.1516518450493,451.48181012300927,427.73148331047287,445.17054362325695,330.79650397800856,257.98169125154413,470.9975966161156,435.0785552350792,479.3910746615821,454.4352890376126,334.954188298997,419.57819460169964,444.67972235489185,302.85559799728486,319.5625543191868,391.1159500648022,485.40682412874514,475.6559369027824,230.24069804663569,407.80476954208996,360.0353377981305,439.69542705652276,483.7537736946192,441.20544405858357,444.6617415965263,368.84119628391505,341.1930655326817,370.4024123808801,389.0342116583279,380.6546436278985,390.2976182988019,426.0528490012698,472.81773317041467,429.67388920756576,499.4837057940848,404.51935872340755,448.36504269272217,484.33817668239504,381.15044984064366,402.1538754991247,308.49474759109785,460.69943748975714,419.73112079240207,436.9167019779112,472.5722631190913,465.11471356252764,344.7152788933313,371.140715630984,426.2345050126867,361.46933629248616,375.49416309576804,352.6177826948738,476.9956311447239,434.375202935332,345.6560581841949,415.73284161818884,485.81461738597596,435.63053212067155,428.23972663676807,453.37665046375633,465.6852041579456,439.9750990619974,373.13122851398384,364.60997569186424,327.10129148478165,476.33200455338556,376.388449671829,483.9965328936817,271.2586637620612,388.50896587637664,371.3969398879254,469.074651338662,399.6512887440392,401.8316985171921,439.31002636646775,449.7295047018192,479.56286552827635,449.88545601565426,249.37202376821,247.66140357239925,336.9957992154869,396.99380356190284,480.73444702456567,484.4657469999198,277.19619433471945,432.48264607723166,376.280949069441,486.6588397782695,433.5192005097892,472.2979277400564,483.24734570631495,451.11137883558723,266.7773240954273,462.05640401113686,458.5771664116558,455.14956352476804,465.216993743903,376.6180120051737,369.8126861375311,405.89579739706915,152.93940708326784,432.28231633491157,404.8612698943025,428.7422031086767,480.4045374203017,361.18211703972975,225.29902980249537,464.10969913167537,433.3601042284166,274.78855367826,399.5148977606685,406.6967771668967,198.58145076713973,368.2506312839173,431.2014235095146,414.8223653119731,421.24645265192606,335.6450995205764,383.5948221502253,476.36551683677123,380.8227036578165,467.0966995473217,422.30108953634976,470.11691008348083,445.1212841514171,471.8126626999334,449.45524870706214,475.72303636256254,466.321380205053,454.34143011525555,432.8718666577188,419.4319408651247,337.3616113554747,470.1523159072358,478.4488328568696,237.63940100573367,404.3563762651335,369.81970468190843,426.76434303713023,465.1596302728582,310.8367745706553,482.9242587343196,404.62504518268406,334.59739819086997,450.95848417014,418.88029632584033,467.17692821289654,447.2287890280938,422.08290945986164,390.3737726832829,403.38822324020947,438.3107239065258,491.39307802721515,469.90285790677467,289.4869622477078,478.31780267096883,484.41174970514606,449.915948523547,479.65482360267526,484.1009762339129,472.5257979546765,401.51244320248827,168.873301480482,329.0883662631307,320.2581014390622,446.505101995546,256.8691528934223,181.51441878338963,357.75488549577346,484.8461549436661,449.3625925526957,416.1573199177331,457.5872710511446,483.21452986711125,420.1614233422977,387.70953979829113,479.7341428560032,411.5329393492601,404.7325757177729,333.8659392943138,443.76405650159387,279.80007659312463,474.569996316524,330.8379878379363,431.4907331026554,351.7035188709086,482.44672809499036
3,37,430.0480676201229,440.54239633565453,61.75027685704651,492.3797209189242,382.52829541073527,370.19130298195404,447.590637938198,395.9282001328432,399.610004837167,458.47827326214514,371.39987221614757,406.09600217903494,426.6271761265375,451.1516518450493,451.48181012300927,427.73148331047287,445.17054362325695,330.79650397800856,257.98169125154413,470.9975966161156,435.0785552350792,479.3910746615821,454.4352890376126,334.954188298997,419.57819460169964,444.67972235489185,302.85559799728486,319.5625543191868,391.1159500648022,485.40682412874514,475.6559369027824,230.24069804663569,407.80476954208996,360.0353377981305,439.69542705652276,483.7537736946192,441.20544405858357,444.6617415965263,368.84119628391505,341.1930655326817,370.4024123808801,389.0342116583279,380.6546436278985,390.2976182988019,426.0528490012698,472.81773317041467,429.67388920756576,499.4837057940848,404.51935872340755,448.36504269272217,484.33817668239504,381.15044984064366,402.1538754991247,308.49474759109785,460.69943748975714,419.73112079240207,436.9167019779112,472.5722631190913,465.11471356252764,344.7152788933313,371.140715630984,426.2345050126867,361.46933629248616,375.49416309576804,352.6177826948738,476.9956311447239,434.375202935332,345.6560581841949,415.73284161818884,485.81461738597596,435.63053212067155,428.23972663676807,453.37665046375633,465.6852041579456,439.9750990619974,373.13122851398384,364.60997569186424,327.10129148478165,476.33200455338556,376.388449671829,483.9965328936817,271.2586637620612,388.50896587637664,371.3969398879254,469.074651338662,399.6512887440392,401.8316985171921,439.31002636646775,449.7295047018192,479.56286552827635,449.88545601565426,249.37202376821,247.66140357239925,336.9957992154869,396.99380356190284,480.73444702456567,484.4657469999198,277.19619433471945,432.48264607723166,376.280949069441,486.6588397782695,433.5192005097892,472.2979277400564,483.24734570631495,451.11137883558723,266.7773240954273,462.05640401113686,458.5771664116558,455.14956352476804,465.216993743903,376.6180120051737,369.8126861375311,405.89579739706915,152.93940708326784,432.28231633491157,404.8612698943025,428.7422031086767,480.4045374203017,361.18211703972975,225.29902980249537,464.10969913167537,433.3601042284166,274.78855367826,399.5148977606685,406.6967771668967,198.58145076713973,368.2506312839173,431.2014235095146,414.8223653119731,421.24645265192606,335.6450995205764,383.5948221502253,476.36551683677123,380.8227036578165,467.0966995473217,422.30108953634976,470.11691008348083,445.1212841514171,471.8126626999334,449.45524870706214,475.72303636256254,466.321380205053,454.34143011525555,432.8718666577188,419.4319408651247,337.3616113554747,470.1523159072358,478.4488328568696,237.63940100573367,404.3563762651335,369.81970468190843,426.76434303713023,465.1596302728582,310.8367745706553,482.9242587343196,404.62504518268406,334.59739819086997,450.95848417014,418.88029632584033,467.17692821289654,447.2287890280938,422.08290945986164,390.3737726832829,403.38822324020947,438.3107239065258,491.39307802721515,469.90285790677467,289.4869622477078,478.31780267096883,484.41174970514606,449.915948523547,479.65482360267526,484.1009762339129,472.5257979546765,401.51244320248827,168.873301480482,329.0883662631307,320.2581014390622,446.505101995546,256.8691528934223,181.51441878338963,357.75488549577346,484.8461549436661,449.3625925526957,416.1573199177331,457.5872710511446,483.21452986711125,420.1614233422977,387.70953979829113,479.7341428560032,411.5329393492601,404.7325757177729,333.8659392943138,443.76405650159387,279.80007659312463,474.569996316524,330.8379878379363,431.4907331026554,351.7035188709086,482.44672809499036
3,38,430.0480676201229,440.54239633565453,61.75027685704651,492.3797209189242,382.52829541073527,370.19130298195404,447.590637938198,395.9282001328432,399.610004837167,458.47827326214514,371.39987221614757,406.09600217903494,426.6271761265375,451.1516518450493,451.48181012300927,427.73148331047287,445.17054362325695,330.79650397800856,257.98169125154413,470.9975966161156,435.0785552350792,479.3910746615821,454.4352890376126,334.954188298997,419.57819460169964,444.67972235489185,302.85559799728486,319.5625543191868,391.1159500648022,485.40682412874514,475.6559369027824,230.24069804663569,407.80476954208996,360.0353377981305,439.69542705652276,483.7537736946192,441.20544405858357,444.6617415965263,368.84119628391505,341.1930655326817,370.4024123808801,389.0342116583279,380.6546436278985,390.2976182988019,426.0528490012698,472.81773317041467,429.67388920756576,499.4837057940848,404.51935872340755,448.36504269272217,484.33817668239504,381.15044984064366,402.1538754991247,308.49474759109785,460.69943748975714,419.73112079240207,436.9167019779112,472.5722631190913,465.11471356252764,344.7152788933313,371.140715630984,426.2345050126867,361.46933629248616,375.49416309576804,352.6177826948738,476.9956311447239,434.375202935332,345.6560581841949,415.73284161818884,485.81461738597596,435.63053212067155,428.23972663676807,453.37665046375633,465.6852041579456,439.9750990619974,373.13122851398384,364.60997569186424,327.10129148478165,476.33200455338556,376.388449671829,483.9965328936817,271.2586637620612,388.50896587637664,371.3969398879254,469.074651338662,399.6512887440392,401.8316985171921,439.31002636646775,449.7295047018192,479.56286552827635,449.88545601565426,249.37202376821,247.66140357239925,336.9957992154869,396.99380356190284,480.73444702456567,484.4657469999198,277.19619433471945,432.48264607723166,376.280949069441,486.6588397782695,433.5192005097892,472.2979277400564,483.24734570631495,451.11137883558723,266.7773240954273,462.05640401113686,458.5771664116558,455.14956352476804,465.216993743903,376.6180120051737,369.8126861375311,405.89579739706915,152.93940708326784,432.28231633491157,404.8612698943025,428.7422031086767,480.4045374203017,361.18211703972975,225.29902980249537,464.10969913167537,433.3601042284166,274.78855367826,399.5148977606685,406.6967771668967,198.58145076713973,368.2506312839173,431.2014235095146,414.8223653119731,421.24645265192606,335.6450995205764,383.5948221502253,476.36551683677123,380.8227036578165,467.0966995473217,422.30108953634976,470.11691008348083,445.1212841514171,471.8126626999334,449.45524870706214,475.72303636256254,466.321380205053,454.34143011525555,432.8718666577188,419.4319408651247,337.3616113554747,470.1523159072358,478.4488328568696,237.63940100573367,404.3563762651335,369.81970468190843,426.76434303713023,465.1596302728582,310.8367745706553,482.9242587343196,404.62504518268406,334.59739819086997,450.95848417014,418.88029632584033,467.17692821289654,447.2287890280938,422.08290945986164,390.3737726832829,403.38822324020947,438.3107239065258,491.39307802721515,469.90285790677467,289.4869622477078,478.31780267096883,484.41174970514606,449.915948523547,479.65482360267526,484.1009762339129,472.5257979546765,401.51244320248827,168.873301480482,329.0883662631307,320.2581014390622,446.505101995546,256.8691528934223,181.51441878338963,357.75488549577346,484.8461549436661,449.3625925526957,416.1573199177331,457.5872710511446,483.21452986711125,420.1614233422977,387.70953979829113,479.7341428560032,411.5329393492601,404.7325757177729,333.8659392943138,443.76405650159387,279.80007659312463,474.569996316524,330.8379878379363,431.4907331026554,351.7035188709086,482.44672809499036
3,39,430.0480676201229,440.54239633565453,61.75027685704651,492.3797209189242,382.52829541073527,370.19130298195404,447.590637938198,395.9282001328432,399.610004837167,458.47827326214514,371.39987221614757,406.09600217903494,426.6271761265375,451.1516518450493,451.48181012300927,427.73148331047287,445.17054362325695,330.79650397800856,257.98169125154413,470.9975966161156,435.0785552350792,479.3910746615821,454.4352890376126,334.954188298997,419.57819460169964,444.67972235489185,302.85559799728486,319.5625543191868,391.1159500648022,485.40682412874514,475.6559369027824,230.24069804663569,407.80476954208996,360.0353377981305,439.69542705652276,483.7537736946192,441.20544405858357,444.6617415965263,368.84119628391505,341.1930655326817,370.4024123808801,389.0342116583279,380.6546436278985,390.2976182988019,426.0528490012698,472.81773317041467,429.67388920756576,499.4837057940848,404.51935872340755,448.36504269272217,484.33817668239504,381.15044984064366,402.1538754991247,308.49474759109785,460.69943748975714,419.73112079240207,436.9167019779112,472.5722631190913,465.11471356252764,344.7152788933313,371.140715630984,426.2345050126867,361.46933629248616,375.49416309576804,352.6177826948738,476.9956311447239,434.375202935332,345.6560581841949,415.73284161818884,485.81461738597596,435.63053212067155,428.23972663676807,453.37665046375633,465.6852041579456,439.9750990619974,373.13122851398384,364.60997569186424,327.10129148478165,476.33200455338556,376.388449671829,483.9965328936817,271.2586637620612,388.50896587637664,371.3969398879254,469.074651338662,399.6512887440392,401.8316985171921,439.31002636646775,449.7295047018192,479.56286552827635,449.88545601565426,249.37202376821,247.66140357239925,336.9957992154869,396.99380356190284,480.73444702456567,484.4657469999198,277.19619433471945,432.48264607723166,376.280949069441,486.6588397782695,433.5192005097892,472.2979277400564,483.24734570631495,451.11137883558723,266.7773240954273,462.05640401113686,458.5771664116558,455.14956352476804,465.216993743903,376.6180120051737,369.8126861375311,405.89579739706915,152.93940708326784,432.28231633491157,404.8612698943025,428.7422031086767,480.4045374203017,361.18211703972975,225.29902980249537,464.10969913167537,433.3601042284166,274.78855367826,399.5148977606685,406.6967771668967,198.58145076713973,368.2506312839173,431.2014235095146,414.8223653119731,421.24645265192606,335.6450995205764,383.5948221502253,476.36551683677123,380.8227036578165,467.0966995473217,422.30108953634976,470.11691008348083,445.1212841514171,471.8126626999334,449.45524870706214,475.72303636256254,466.321380205053,454.34143011525555,432.8718666577188,419.4319408651247,337.3616113554747,470.1523159072358,478.4488328568696,237.63940100573367,404.3563762651335,369.81970468190843,426.76434303713023,465.1596302728582,310.8367745706553,482.9242587343196,404.62504518268406,334.59739819086997,450.95848417014,418.88029632584033,467.17692821289654,447.2287890280938,422.08290945986164,390.3737726832829,403.38822324020947,438.3107239065258,491.39307802721515,469.90285790677467,289.4869622477078,478.31780267096883,484.41174970514606,449.915948523547,479.65482360267526,484.1009762339129,472.5257979546765,401.51244320248827,168.873301480482,329.0883662631307,320.2581014390622,446.505101995546,256.8691528934223,181.51441878338963,357.75488549577346,484.8461549436661,449.3625925526957,416.1573199177331,457.5872710511446,483.21452986711125,420.1614233422977,387.70953979829113,479.7341428560032,411.5329393492601,404.7325757177729,333.8659392943138,443.76405650159387,279.80007659312463,474.569996316524,330.8379878379363,431.4907331026554,351.7035188709086,482.44672809499036
4,0,436.9167019779112,472.82070680224456,327.621047256855,431.4129308949103,452.2433035555061,341.1930655326817,337.1485518200771,437.8111592997461,478.0914480974228,438.3493874425056,458.30239188548546,406.09600217903494,443.86874208033163,441.2440977809547,434.375202935332,330.54148060563415,380.97546044335695,395.4957918902491,360.0353377981305,384.7359862404088,467.40478261360136,449.3625925526957,446.606641234888,464.10969913167537,451.1516518450493,152.19814022705253,382.52829541073527,465.216993743903,337.02389645582235,432.8718666577188,465.6852041579456,411.5980919908447,466.9695150064383,415.73284161818884,450.652653794994,478.31780267096883,368.2506312839173,335.6450995205764,401.51244320248827,331.2299589544509,483.7537736946192,471.1924004104827,351.99107120234817,404.7325757177729,460.69943748975714,481.1264754917061,237.63940100573367,373.13122851398384,449.05762667418276,375.66774866790826,458.9869757538317,476.9956311447239,423.0634943540836,484.857237725197,448.10567239333204,432.48264607723166,449.53391069846566,443.90756951618465,333.76093096911876,376.6180120051737,168.28741047019335,406.6967771668967,390.2976182988019,427.3866436072727,274.78855367826,420.36072602336816,491.8488910540018,279.99934226087214,447.9128981196117,472.8363495097653,368.84119628391505,388.42000975401254,343.0421309619583,429.74195511135684,487.1769500339308,369.8196707203482,387.6734269554243,403.2307487385879,374.08478012676505,352.54408201513974,444.56904123359107,433.4821475386092,439.22520809874555,483.7571185715089,444.67972235489185,454.7350113430496,249.37202376821,258.26159805678265,457.3635833918108,320.5865961111046,438.6510574391179,484.23243062207786,472.81773317041467,224.88645230773173,479.11101200663904,310.662335597745,369.95734927841886,421.80157742174055,404.51935872340755,454.34143011525555,388.60966378942527,345.6560581841949,419.83316056543947,364.60997569186424,257.98169125154413,470.1523159072358,477.3834100896288,368.78812488935165,486.0833758080282,426.2345050126867,431.9006388102614,371.39987221614757,419.57819460169964,357.75488549577346,473.9614589081545,422.08290945986164,422.30108953634976,361.18211703972975,271.2586637620612,400.2087276248962,390.12147583122885,479.48374916003615,470.11691008348083,495.78544586816525,319.5625543191868,467.51070360863304,465.4490248660839,437.8627549514134,428.8159611924157,473.0396574640326,229.91799028229926,455.14956352476804,474.569996316524,334.59739819086997,483.21452986711125,307.81815558762696,380.6651791377001,453.37665046375633,451.2418747503008,403.11021066728125,483.81969572552066,484.37401802700606,482.8321152697477,429.67388920756576,61.75027685704651,420.90340272906707,403.8859453403301,478.63966884368193,371.05279271235537,427.72835615089036,376.280949069441,484.41174970514606,475.72303636256254,475.6559369027824,401.9387205786419,458.47827326214514,277.19619433471945,181.30088424413125,443.5636340900329,392.29001625125983,450.3377144613776,416.1573199177331,469.3491779316153,302.85559799728486,394.31846311751536,398.7081103825617,286.7899230106988,448.88390968399995,430.0480676201229,405.89579739706915,415.44991409053387,382.5602139695302,467.17692821289654,480.4045374203017,492.3797209189242,327.2123334515952,404.8612698943025,432.28231633491157,483.24734570631495,480.73444702456567,198.58145076713973,407.80476954208996,369.21788750707884,370.19130298195404,426.6271761265375,399.610004837167,266.376083942933,438.3107239065258,484.77094184227735,402.1538754991247,247.66140357239925,476.33200455338556,431.4907331026554,427.9293724539271,427.73148331047287,334.954188298997,469.074651338662,479.3910746615821,446.505101995546,361.46933629248616
4,1,436.9167019779112,472.5257979546765,327.10129148478165,431.4129308949103,451.6923537184896,341.1930655326817,337.3616113554747,439.0306503352901,478.0914480974228,435.63053212067155,457.41991802874435,406.09600217903494,443.76405650159387,441.20544405858357,434.375202935332,330.54148060563415,380.6546436278985,394.7091066489714,360.0353377981305,383.5948221502253,465.1596302728582,449.3625925526957,446.30180861850636,464.10969913167537,450.2774174601278,152.19814022705253,382.52829541073527,465.216993743903,336.9957992154869,432.8718666577188,465.6852041579456,411.5329393492601,466.321380205053,415.73284161818884,449.915948523547,478.31780267096883,368.2506312839173,335.6450995205764,401.51244320248827,330.79650397800856,483.7537736946192,471.1924004104827,352.6177826948738,404.7325757177729,460.69943748975714,481.1264754917061,237.63940100573367,373.13122851398384,449.45524870706214,376.388449671829,458.9869757538317,476.9956311447239,423.0634943540836,484.4657469999198,447.590637938198,432.48264607723166,449.30396150599955,444.6617415965263,333.8659392943138,376.6180120051737,168.06538409753713,406.6967771668967,390.2976182988019,426.76434303713023,274.78855367826,419.73112079240207,491.39307802721515,279.80007659312463,448.36504269272217,472.2979277400564,368.84119628391505,389.0342116583279,343.0421309619583,429.98081962995633,486.6588397782695,370.4024123808801,387.70953979829113,403.2307487385879,374.08478012676505,350.88364270530275,445.1212841514171,433.5192005097892,440.20814262361387,483.40677090425373,444.67972235489185,454.4352890376126,249.37202376821,258.26159805678265,457.5872710511446,320.2581014390622,438.6510574391179,484.23243062207786,472.81773317041467,225.29902980249537,479.65482360267526,310.8367745706553,369.81970468190843,419.4319408651247,404.51935872340755,454.34143011525555,388.50896587637664,345.6560581841949,418.88029632584033,364.60997569186424,257.98169125154413,470.1523159072358,477.3834100896288,368.78812488935165,484.8461549436661,426.2345050126867,431.9006388102614,371.39987221614757,419.57819460169964,357.75488549577346,470.9975966161156,422.08290945986164,422.07368915386456,361.18211703972975,271.0624866654241,400.2087276248962,390.12147583122885,479.7341428560032,470.11691008348083,495.78544586816525,319.5625543191868,467.0966995473217,465.11471356252764,437.8627549514134,428.8159611924157,472.5722631190913,230.24069804663569,455.14956352476804,474.569996316524,334.59739819086997,482.9291900892127,308.2467997505207,381.15044984064366,453.37665046375633,450.95848417014,403.11021066728125,484.1009762339129,483.9965328936817,482.9242587343196,429.67388920756576,61.526232252510624,421.4182572214672,404.62504518268406,478.63966884368193,371.3969398879254,426.0528490012698,376.280949069441,484.41174970514606,475.72303636256254,475.6559369027824,401.7741647116884,458.47827326214514,277.19619433471945,181.4087049248021,442.2761293080063,391.6820469656878,451.11137883558723,416.1573199177331,469.90285790677467,302.85559799728486,394.31846311751536,398.7081103825617,286.7899230106988,448.88390968399995,430.0480676201229,405.89579739706915,414.8223653119731,382.5602139695302,467.17692821289654,480.4045374203017,492.3797209189242,329.0883662631307,404.8612698943025,432.28231633491157,483.24734570631495,480.460829768312,198.58145076713973,407.80476954208996,369.21788750707884,370.19130298195404,426.6271761265375,399.610004837167,266.376083942933,438.3107239065258,484.33817668239504,402.1538754991247,247.66140357239925,476.33200455338556,431.64089290673553,427.9293724539271,427.73148331047287,334.954188298997,469.074651338662,479.3910746615821,446.505101995546,361.46933629248616
4,2,436.9167019779112,472.82070680224456,327.10129148478165,431.4129308949103,451.6040492057316,341.1930655326817,337.3616113554747,439.0306503352901,478.0914480974228,435.63053212067155,457.41991802874435,406.09600217903494,443.76405650159387,441.2440977809547,434.375202935332,330.54148060563415,380.6546436278985,395.4957918902491,360.0353377981305,383.5948221502253,465.1596302728582,450.4187806731788,446.606641234888,464.10969913167537,451.1516518450493,152.19814022705253,382.52829541073527,465.216993743903,336.9957992154869,432.8718666577188,465.6852041579456,411.5329393492601,466.321380205053,415.73284161818884,449.915948523547,478.31780267096883,368.2506312839173,335.6450995205764,401.51244320248827,330.79650397800856,483.7537736946192,471.8126626999334,352.7601453236895,404.7325757177729,460.69943748975714,481.1264754917061,237.63940100573367,373.13122851398384,449.45524870706214,376.41501066557976,458.9869757538317,476.9956311447239,423.0634943540836,484.4657469999198,447.590637938198,432.48264607723166,449.7295047018192,444.6617415965263,333.8659392943138,376.6180120051737,168.2959907178689,406.6967771668967,390.8233844484055,426.76434303713023,274.78855367826,419.73112079240207,491.39307802721515,279.80007659312463,448.36504269272217,472.2979277400564,368.84119628391505,389.0342116583279,343.0421309619583,431.2014235095146,486.6588397782695,370.4024123808801,387.70953979829113,403.2307487385879,375.49416309576804,351.7035188709086,445.1212841514171,433.5192005097892,440.20814262361387,483.40677090425373,444.67972235489185,454.4352890376126,249.37202376821,258.26159805678265,457.5872710511446,320.2581014390622,438.6510574391179,484.23243062207786,472.81773317041467,225.29902980249537,479.65482360267526,310.8367745706553,369.81970468190843,419.4319408651247,404.51935872340755,454.34143011525555,388.50896587637664,345.6560581841949,418.88029632584033,364.60997569186424,257.98169125154413,470.1523159072358,478.4488328568696,369.8126861375311,484.8461549436661,426.2345050126867,433.3601042284166,371.39987221614757,419.04256901421326,357.75488549577346,470.9975966161156,422.81773392771623,422.30108953634976,361.18211703972975,271.0624866654241,400.2087276248962,390.12147583122885,479.7341428560032,470.11691008348083,495.78544586816525,319.5625543191868,468.51875574479766,465.11471356252764,437.8627549514134,428.8159611924157,472.5722631190913,230.24069804663569,455.14956352476804,474.569996316524,334.59739819086997,483.21452986711125,308.49474759109785,381.15044984064366,453.37665046375633,451.83814870737655,403.38822324020947,484.1009762339129,483.9965328936817,482.9242587343196,429.67388920756576,61.526232252510624,421.4182572214672,404.62504518268406,478.63966884368193,371.3969398879254,426.0528490012698,376.280949069441,485.5259160601116,475.72303636256254,475.6559369027824,401.8316985171921,458.47827326214514,277.19619433471945,181.51441878338963,442.2761293080063,391.6820469656878,451.11137883558723,416.1573199177331,469.90285790677467,302.85559799728486,394.31846311751536,399.5148977606685,286.7899230106988,450.25645507926504,430.22451161491927,404.64132926249766,414.8223653119731,382.5602139695302,467.17692821289654,480.4045374203017,492.3797209189242,329.0883662631307,404.8612698943025,432.28231633491157,484.0103638520502,480.73444702456567,198.58145076713973,407.80476954208996,369.21788750707884,370.19130298195404,426.6271761265375,399.610004837167,266.376083942933,438.3107239065258,484.33817668239504,402.14293762023965,247.66140357239925,476.33200455338556,431.64089290673553,428.23972663676807,428.1156181140838,334.954188298997,468.14460727010055,479.3910746615821,446.505101995546,361.46933629248616
4,3,436.9167019779112,472.82070680224456,327.10129148478165,431.4129308949103,451.6040492057316,341.1930655326817,337.3616113554747,439.0306503352901,478.0914480974228,435.63053212067155,457.41991802874435,406.09600217903494,443.76405650159387,441.2440977809547,434.375202935332,330.54148060563415,380.6546436278985,395.4957918902491,360.0353377981305,383.5948221502253,465.1596302728582,449.3625925526957,446.30180861850636,464.10969913167537,450.2774174601278,152.93940708326784,382.52829541073527,465.216993743903,336.9957992154869,432.8718666577188,465.6852041579456,411.5329393492601,466.321380205053,417.2138798578107,449.915948523547,478.31780267096883,368.2506312839173,335.6450995205764,401.51244320248827,330.79650397800856,483.7537736946192,471.8126626999334,352.6177826948738,404.7325757177729,460.69943748975714,481.1264754917061,237.63940100573367,373.13122851398384,449.45524870706214,376.388449671829,458.9869757538317,476.9956311447239,423.0634943540836,484.4657469999198,447.590637938198,432.48264607723166,449.7295047018192,444.6617415965263,333.8659392943138,377.7754186169259,168.06538409753713,406.6967771668967,390.2976182988019,426.76434303713023,274.78855367826,419.73112079240207,491.39307802721515,279.80007659312463,448.36504269272217,472.2979277400564,368.84119628391505,389.0342116583279,343.0421309619583,431.2014235095146,486.6588397782695,370.4024123808801,387.70953979829113,403.2307487385879,375.49416309576804,351.7035188709086,445.1212841514171,433.5192005097892,440.20814262361387,483.40677090425373,444.67972235489185,454.4352890376126,249.37202376821,258.26159805678265,457.5872710511446,320.2581014390622,438.6510574391179,484.23243062207786,472.81773317041467,225.29902980249537,479.65482360267526,310.8367745706553,369.81970468190843,419.4319408651247,404.51935872340755,454.34143011525555,388.50896587637664,345.6560581841949,418.88029632584033,364.60997569186424,257.98169125154413,470.1523159072358,478.4488328568696,369.8126861375311,484.8461549436661,426.2345050126867,433.3601042284166,371.39987221614757,419.57819460169964,357.75488549577346,470.9975966161156,421.09245122123764,422.30108953634976,361.18211703972975,271.2586637620612,400.2087276248962,390.3737726832829,479.7341428560032,470.11691008348083,495.78544586816525,319.5625543191868,467.0966995473217,465.11471356252764,437.8627549514134,428.8159611924157,472.5722631190913,230.24069804663569,455.14956352476804,474.569996316524,334.59739819086997,483.21452986711125,308.2467997505207,381.15044984064366,453.37665046375633,451.83814870737655,403.38822324020947,484.1009762339129,483.9965328936817,482.9242587343196,429.67388920756576,61.526232252510624,421.4182572214672,404.62504518268406,478.63966884368193,371.3969398879254,426.0528490012698,376.280949069441,485.5259160601116,475.72303636256254,475.6559369027824,401.8316985171921,458.47827326214514,277.19619433471945,181.51441878338963,442.2761293080063,391.6820469656878,451.11137883558723,416.1573199177331,469.90285790677467,302.85559799728486,394.31846311751536,398.7081103825617,286.7899230106988,450.25645507926504,430.0480676201229,404.64132926249766,414.8223653119731,382.5602139695302,467.17692821289654,480.4045374203017,492.3797209189242,329.0883662631307,404.8612698943025,432.28231633491157,483.24734570631495,480.460829768312,198.58145076713973,407.80476954208996,369.21788750707884,370.19130298195404,426.6271761265375,399.610004837167,266.376083942933,438.3107239065258,484.33817668239504,402.1538754991247,247.66140357239925,476.33200455338556,431.64089290673553,428.23972663676807,428.1156181140838,334.4865107200414,469.074651338662,479.3910746615821,446.505101995546,361.46933629248616
4,4,436.9167019779112,472.82070680224456,327.10129148478165,431.4129308949103,451.6040492057316,341.1930655326817,337.3616113554747,439.9750990619974,478.0914480974228,435.63053212067155,457.41991802874435,406.09600217903494,443.76405650159387,441.2440977809547,434.375202935332,330.54148060563415,380.6546436278985,396.99380356190284,360.0353377981305,383.5948221502253,465.1596302728582,449.3625925526957,446.30180861850636,464.10969913167537,450.2774174601278,152.93940708326784,382.52829541073527,465.216993743903,336.9957992154869,432.8718666577188,465.6852041579456,411.5329393492601,466.321380205053,417.2138798578107,449.915948523547,478.31780267096883,368.2506312839173,336.57594952083946,401.51244320248827,330.79650397800856,483.7537736946192,471.8126626999334,352.6177826948738,404.7325757177729,460.69943748975714,481.1264754917061,237.63940100573367,373.13122851398384,449.45524870706214,376.388449671829,458.9869757538317,476.9956311447239,423.0634943540836,484.4657469999198,447.590637938198,432.48264607723166,449.7295047018192,444.6617415965263,333.8659392943138,377.7754186169259,168.06538409753713,406.6967771668967,390.2976182988019,426.76434303713023,274.78855367826,419.73112079240207,491.39307802721515,279.80007659312463,448.36504269272217,472.2979277400564,368.84119628391505,389.0342116583279,343.0421309619583,431.2014235095146,486.6588397782695,370.4024123808801,387.70953979829113,404.3563762651335,375.49416309576804,351.7035188709086,445.1212841514171,433.5192005097892,440.20814262361387,483.40677090425373,444.67972235489185,454.4352890376126,249.37202376821,258.26159805678265,457.5872710511446,320.2581014390622,439.69542705652276,484.23243062207786,472.81773317041467,225.29902980249537,479.65482360267526,310.8367745706553,369.81970468190843,419.4319408651247,404.51935872340755,454.34143011525555,388.50896587637664,345.6560581841949,418.88029632584033,364.60997569186424,257.98169125154413,470.1523159072358,478.4488328568696,369.8126861375311,484.8461549436661,426.2345050126867,433.3601042284166,371.39987221614757,419.57819460169964,357.75488549577346,470.9975966161156,421.09245122123764,422.30108953634976,361.18211703972975,271.2586637620612,399.92332011500866,390.3737726832829,479.7341428560032,470.11691008348083,499.4837057940848,319.5625543191868,467.0966995473217,465.11471356252764,438.6134453576837,428.8159611924157,472.5722631190913,230.24069804663569,455.14956352476804,474.569996316524,334.59739819086997,483.21452986711125,308.2467997505207,381.15044984064366,453.37665046375633,451.83814870737655,403.38822324020947,484.1009762339129,483.9965328936817,482.9242587343196,429.67388920756576,61.526232252510624,420.90340272906707,404.62504518268406,478.63966884368193,371.3969398879254,426.0528490012698,376.280949069441,485.5259160601116,475.72303636256254,475.6559369027824,401.8316985171921,458.47827326214514,277.19619433471945,181.51441878338963,442.2761293080063,391.6820469656878,451.11137883558723,416.1573199177331,468.798389098634,302.85559799728486,394.55961663330186,399.5148977606685,286.7899230106988,450.25645507926504,430.0480676201229,404.64132926249766,414.8223653119731,382.5602139695302,467.17692821289654,480.4045374203017,492.3797209189242,329.0883662631307,404.8612698943025,432.28231633491157,483.24734570631495,480.73444702456567,198.58145076713973,407.80476954208996,369.21788750707884,370.19130298195404,426.6271761265375,399.610004837167,266.7773240954273,438.3107239065258,484.33817668239504,402.14293762023965,247.66140357239925,476.33200455338556,431.64089290673553,428.23972663676807,427.73148331047287,334.4865107200414,469.074651338662,479.3910746615821,446.505101995546,361.46933629248616
4,5,436.9167019779112,472.82070680224456,327.10129148478165,431.4129308949103,451.6040492057316,341.54927281378747,337.3616113554747,439.9750990619974,478.0914480974228,435.63053212067155,457.41991802874435,406.09600217903494,443.76405650159387,441.2440977809547,435.6716127796319,330.54148060563415,380.6546436278985,396.99380356190284,360.0353377981305,383.5948221502253,465.1596302728582,449.7761740571596,447.2287890280938,464.10969913167537,451.1516518450493,152.93940708326784,382.52829541073527,465.216993743903,336.9957992154869,432.8718666577188,465.6852041579456,411.5329393492601,466.321380205053,417.2138798578107,449.915948523547,478.31780267096883,368.2506312839173,336.94470056440315,401.51244320248827,330.79650397800856,483.7537736946192,471.8126626999334,352.6177826948738,404.7325757177729,460.69943748975714,482.44672809499036,237.63940100573367,373.13122851398384,449.45524870706214,376.388449671829,458.9869757538317,476.9956311447239,423.0634943540836,484.4657469999198,447.590637938198,432.48264607723166,449.7295047018192,444.6617415965263,333.8659392943138,377.7754186169259,168.06538409753713,406.6967771668967,390.2976182988019,426.76434303713023,274.78855367826,419.73112079240207,491.39307802721515,279.80007659312463,448.36504269272217,472.2979277400564,368.84119628391505,389.0342116583279,343.0421309619583,431.2014235095146,486.6588397782695,370.4024123808801,387.70953979829113,404.3563762651335,375.49416309576804,351.7035188709086,445.1212841514171,433.5192005097892,440.20814262361387,483.4005049169395,444.67972235489185,454.4352890376126,249.37202376821,258.26159805678265,457.5872710511446,320.2581014390622,439.69542705652276,485.40682412874514,472.81773317041467,225.29902980249537,479.65482360267526,310.8367745706553,369.81970468190843,419.4319408651247,404.51935872340755,454.34143011525555,388.50896587637664,345.6560581841949,418.88029632584033,364.60997569186424,257.98169125154413,470.1523159072358,478.4488328568696,369.8126861375311,484.8461549436661,426.2345050126867,433.3601042284166,371.39987221614757,419.57819460169964,357.75488549577346,470.9975966161156,422.08290945986164,422.30108953634976,361.18211703972975,271.2586637620612,400.476786926399,391.107496337838,479.7341428560032,470.11691008348083,499.4837057940848,319.5625543191868,467.0966995473217,465.11471356252764,438.6134453576837,428.8159611924157,472.5722631190913,230.24069804663569,455.14956352476804,474.569996316524,334.59739819086997,483.21452986711125,308.2467997505207,381.15044984064366,453.37665046375633,451.83814870737655,403.38822324020947,484.1009762339129,483.9965328936817,482.9242587343196,429.67388920756576,61.75027685704651,421.4182572214672,404.62504518268406,478.63966884368193,371.3969398879254,426.0528490012698,376.280949069441,485.5259160601116,475.72303636256254,475.6559369027824,401.8316985171921,458.47827326214514,277.19619433471945,181.51441878338963,442.2761293080063,391.6820469656878,451.11137883558723,416.1573199177331,469.379001500189,302.85559799728486,394.55961663330186,399.5148977606685,286.7899230106988,450.25645507926504,430.0480676201229,404.64132926249766,414.8223653119731,382.5328415625477,467.17692821289654,480.4045374203017,492.3797209189242,329.0883662631307,404.8612698943025,432.28231633491157,483.24734570631495,480.460829768312,198.58145076713973,407.80476954208996,369.21788750707884,370.19130298195404,426.6271761265375,399.610004837167,266.376083942933,438.3107239065258,484.33817668239504,402.1538754991247,247.66140357239925,476.33200455338556,431.64089290673553,428.23972663676807,427.73148331047287,334.4865107200414,469.074651338662,479.3910746615821,446.505101995546,361.46933629248616
4,6,436.9167019779112,474.26978275702595,327.10129148478165,435.0785552350792,451.6040492057316,341.54927281378747,337.3616113554747,439.9750990619974,478.0914480974228,435.63053212067155,457.41991802874435,406.09600217903494,443.76405650159387,441.2440977809547,435.6716127796319,330.54148060563415,380.6546436278985,396.99380356190284,360.0353377981305,383.5948221502253,465.1596302728582,449.7761740571596,447.2287890280938,464.10969913167537,451.1516518450493,152.93940708326784,382.52829541073527,465.216993743903,336.9957992154869,432.8718666577188,465.6852041579456,411.5329393492601,466.321380205053,417.2138798578107,449.915948523547,478.31780267096883,368.2506312839173,336.94470056440315,401.51244320248827,330.79650397800856,483.7537736946192,471.8126626999334,352.6177826948738,404.7325757177729,460.69943748975714,482.44672809499036,237.63940100573367,373.13122851398384,449.45524870706214,376.388449671829,458.9869757538317,476.9956311447239,423.0634943540836,484.4657469999198,447.590637938198,432.48264607723166,449.7295047018192,444.6617415965263,333.8659392943138,377.7754186169259,168.2959907178689,406.6967771668967,390.2976182988019,426.76434303713023,274.78855367826,419.73112079240207,491.39307802721515,279.80007659312463,448.36504269272217,472.2979277400564,368.84119628391505,389.0342116583279,344.7152788933313,431.2014235095146,486.6588397782695,370.4024123808801,387.70953979829113,404.3563762651335,375.49416309576804,351.7035188709086,445.1212841514171,433.5192005097892,440.20814262361387,483.4005049169395,444.67972235489185,455.23584994195147,249.37202376821,258.26159805678265,457.5872710511446,320.2581014390622,439.69542705652276,485.40682412874514,472.81773317041467,225.29902980249537,479.65482360267526,310.8367745706553,369.81970468190843,419.4319408651247,404.51935872340755,454.34143011525555,388.50896587637664,345.6560581841949,418.88029632584033,364.60997569186424,257.98169125154413,470.1523159072358,478.4488328568696,369.8126861375311,484.8461549436661,426.2345050126867,433.3601042284166,371.39987221614757,419.57819460169964,357.75488549577346,470.9975966161156,422.08290945986164,422.30108953634976,361.18211703972975,271.2586637620612,400.476786926399,391.107496337838,479.7341428560032,470.11691008348083,499.4837057940848,319.5625543191868,467.0966995473217,465.11471356252764,438.6134453576837,428.8159611924157,472.5722631190913,230.24069804663569,455.14956352476804,474.569996316524,334.59739819086997,483.21452986711125,308.2467997505207,381.15044984064366,453.37665046375633,451.83814870737655,403.38822324020947,484.1009762339129,483.9965328936817,482.9242587343196,429.67388920756576,61.75027685704651,421.4182572214672,404.62504518268406,478.63966884368193,371.3969398879254,426.0528490012698,376.280949069441,484.41174970514606,475.72303636256254,475.6559369027824,401.8316985171921,458.47827326214514,277.19619433471945,181.51441878338963,442.2761293080063,391.6820469656878,451.11137883558723,416.1573199177331,469.379001500189,302.85559799728486,395.9282001328432,399.5148977606685,286.7899230106988,450.25645507926504,430.0480676201229,404.64132926249766,414.8223653119731,382.5328415625477,467.17692821289654,480.4045374203017,492.3797209189242,329.0883662631307,404.8612698943025,432.28231633491157,483.24734570631495,480.73444702456567,198.58145076713973,407.80476954208996,369.21788750707884,370.19130298195404,426.6271761265375,399.610004837167,266.376083942933,438.3107239065258,484.33817668239504,402.1538754991247,247.66140357239925,476.33200455338556,431.64089290673553,428.23972663676807,427.73148331047287,334.4865107200414,469.074651338662,479.3910746615821,446.505101995546,361.46933629248616
4,7,436.9167019779112,474.26978275702595,327.10129148478165,435.0785552350792,451.6040492057316,341.54927281378747,337.3616113554747,439.9750990619974,478.0914480974228,435.63053212067155,457.41991802874435,406.09600217903494,443.76405650159387,441.2440977809547,435.6716127796319,330.54148060563415,380.6546436278985,396.99380356190284,360.0353377981305,383.5948221502253,465.1596302728582,449.7761740571596,447.2287890280938,464.10969913167537,451.1516518450493,152.93940708326784,382.52829541073527,465.216993743903,336.9957992154869,432.8718666577188,465.6852041579456,411.5329393492601,466.321380205053,417.2138798578107,449.915948523547,478.31780267096883,368.2506312839173,336.94470056440315,401.51244320248827,330.79650397800856,483.7537736946192,471.8126626999334,352.6177826948738,404.7325757177729,460.69943748975714,482.44672809499036,237.63940100573367,373.13122851398384,449.45524870706214,376.388449671829,458.9869757538317,476.9956311447239,423.0634943540836,484.4657469999198,447.590637938198,432.48264607723166,449.7295047018192,444.6617415965263,333.8659392943138,377.7754186169259,168.873301480482,406.6967771668967,390.2976182988019,426.76434303713023,274.78855367826,419.73112079240207,491.39307802721515,280.3949113909326,448.36504269272217,472.2979277400564,368.84119628391505,389.0342116583279,344.7152788933313,431.2014235095146,486.6588397782695,370.4024123808801,387.95435675961147,404.3563762651335,375.49416309576804,351.7035188709086,445.1212841514171,433.5192005097892,440.20814262361387,483.4005049169395,444.67972235489185,455.23584994195147,249.37202376821,258.26159805678265,457.5872710511446,320.2581014390622,439.69542705652276,485.40682412874514,472.81773317041467,225.29902980249537,479.65482360267526,310.8367745706553,369.81970468190843,419.4319408651247,404.51935872340755,454.34143011525555,388.50896587637664,345.6560581841949,418.88029632584033,364.60997569186424,257.98169125154413,470.1523159072358,478.4488328568696,369.8126861375311,484.8461549436661,426.2345050126867,433.3601042284166,371.39987221614757,419.57819460169964,357.75488549577346,470.9975966161156,422.08290945986164,422.30108953634976,361.18211703972975,271.2586637620612,400.476786926399,391.107496337838,479.7341428560032,470.11691008348083,499.4837057940848,319.5625543191868,467.0966995473217,465.11471356252764,439.31002636646775,428.8159611924157,472.5722631190913,230.24069804663569,455.14956352476804,474.569996316524,334.59739819086997,483.21452986711125,308.2467997505207,381.15044984064366,453.37665046375633,451.83814870737655,403.38822324020947,484.1009762339129,483.9965328936817,482.9242587343196,429.67388920756576,61.75027685704651,421.4182572214672,404.62504518268406,478.63966884368193,371.3969398879254,426.0528490012698,376.280949069441,484.41174970514606,475.72303636256254,475.6559369027824,401.8316985171921,458.47827326214514,277.19619433471945,181.51441878338963,442.2761293080063,391.6820469656878,451.11137883558723,416.1573199177331,469.379001500189,302.85559799728486,395.9282001328432,399.5148977606685,286.7899230106988,450.25645507926504,430.0480676201229,404.64132926249766,414.8223653119731,382.5328415625477,467.17692821289654,480.4045374203017,492.3797209189242,329.0883662631307,404.8612698943025,432.28231633491157,483.24734570631495,480.73444702456567,198.58145076713973,407.80476954208996,369.21788750707884,370.19130298195404,426.6271761265375,399.610004837167,266.376083942933,438.3107239065258,484.33817668239504,402.1538754991247,247.66140357239925,476.33200455338556,431.64089290673553,428.23972663676807,427.73148331047287,334.4865107200414,469.074651338662,479.3910746615821,446.505101995546,361.46933629248616
4,8,436.9167019779112,474.26978275702595,327.10129148478165,435.0785552350792,451.6040492057316,341.54927281378747,337.3616113554747,439.9750990619974,478.0914480974228,435.63053212067155,457.41991802874435,406.09600217903494,443.76405650159387,441.20544405858357,435.6716127796319,330.54148060563415,380.6546436278985,396.99380356190284,360.0353377981305,383.5948221502253,465.1596302728582,449.7761740571596,447.2287890280938,464.10969913167537,451.1516518450493,152.93940708326784,382.52829541073527,465.216993743903,336.9957992154869,432.8718666577188,465.6852041579456,411.5329393492601,466.321380205053,417.2138798578107,449.915948523547,478.31780267096883,368.2506312839173,336.94470056440315,401.51244320248827,330.79650397800856,483.7537736946192,471.8126626999334,352.6177826948738,404.7325757177729,460.69943748975714,482.44672809499036,237.63940100573367,373.13122851398384,449.45524870706214,376.388449671829,458.9869757538317,476.9956311447239,423.0634943540836,484.4657469999198,447.590637938198,432.48264607723166,449.7295047018192,444.6617415965263,333.8659392943138,377.7754186169259,168.873301480482,406.6967771668967,390.2976182988019,426.76434303713023,274.78855367826,419.73112079240207,491.39307802721515,280.3949113909326,448.36504269272217,472.2979277400564,368.84119628391505,389.0342116583279,344.7152788933313,431.2014235095146,486.6588397782695,370.4024123808801,387.95435675961147,404.3563762651335,375.49416309576804,351.7035188709086,445.1212841514171,433.5192005097892,440.20814262361387,483.4005049169395,444.67972235489185,455.23584994195147,249.37202376821,258.26159805678265,457.5872710511446,320.2581014390622,439.69542705652276,485.40682412874514,472.81773317041467,225.29902980249537,479.65482360267526,310.8367745706553,369.81970468190843,419.4319408651247,404.51935872340755,454.34143011525555,388.50896587637664,345.6560581841949,418.88029632584033,364.60997569186424,257.98169125154413,470.1523159072358,478.4488328568696,369.8126861375311,484.8461549436661,426.2345050126867,433.3601042284166,371.39987221614757,419.57819460169964,357.75488549577346,470.9975966161156,422.08290945986164,422.30108953634976,361.18211703972975,271.2586637620612,400.476786926399,391.107496337838,479.7341428560032,470.11691008348083,499.4837057940848,319.5625543191868,467.0966995473217,465.11471356252764,439.31002636646775,428.8159611924157,472.5722631190913,230.24069804663569,455.14956352476804,474.569996316524,334.59739819086997,483.21452986711125,308.2467997505207,381.15044984064366,453.37665046375633,451.83814870737655,403.38822324020947,484.1009762339129,483.9965328936817,482.9242587343196,429.67388920756576,61.75027685704651,421.4182572214672,404.62504518268406,478.63966884368193,371.3969398879254,426.0528490012698,376.280949069441,484.41174970514606,475.72303636256254,475.6559369027824,401.8316985171921,458.47827326214514,277.19619433471945,181.51441878338963,442.2761293080063,391.6820469656878,451.11137883558723,416.1573199177331,469.379001500189,302.85559799728486,395.9282001328432,399.5148977606685,286.7899230106988,450.25645507926504,430.0480676201229,404.64132926249766,414.8223653119731,382.5328415625477,467.17692821289654,480.4045374203017,492.3797209189242,329.0883662631307,404.8612698943025,432.28231633491157,483.24734570631495,480.73444702456567,198.58145076713973,407.80476954208996,369.21788750707884,370.19130298195404,426.6271761265375,399.610004837167,266.376083942933,438.3107239065258,484.33817668239504,402.1538754991247,247.66140357239925,476.33200455338556,431.64089290673553,428.23972663676807,427.73148331047287,334.4865107200414,469.074651338662,479.3910746615821,446.505101995546,361.46933629248616
4,9,436.9167019779112,474.26978275702595,327.10129148478165,435.0785552350792,451.6040492057316,341.54927281378747,337.3616113554747,439.9750990619974,478.0914480974228,435.63053212067155,457.41991802874435,406.09600217903494,443.76405650159387,441.20544405858357,435.6716127796319,330.54148060563415,380.6546436278985,396.99380356190284,360.0353377981305,383.5948221502253,465.1596302728582,449.7761740571596,447.2287890280938,464.10969913167537,451.1516518450493,152.93940708326784,382.52829541073527,465.216993743903,336.9957992154869,432.8718666577188,465.6852041579456,411.5329393492601,466.321380205053,417.2138798578107,449.915948523547,478.31780267096883,368.2506312839173,336.94470056440315,401.51244320248827,330.79650397800856,483.7537736946192,471.8126626999334,352.6177826948738,404.7325757177729,460.69943748975714,482.44672809499036,237.63940100573367,373.13122851398384,449.45524870706214,376.388449671829,458.9869757538317,476.9956311447239,423.0634943540836,484.4657469999198,447.590637938198,432.48264607723166,449.7295047018192,444.6617415965263,333.8659392943138,377.7754186169259,168.873301480482,406.6967771668967,390.2976182988019,426.76434303713023,275.4941377086339,419.73112079240207,491.39307802721515,280.3949113909326,448.36504269272217,472.2979277400564,368.84119628391505,389.0342116583279,344.7152788933313,431.2014235095146,486.6588397782695,370.4024123808801,387.95435675961147,404.3563762651335,375.49416309576804,351.7035188709086,445.1212841514171,433.5192005097892,440.20814262361387,483.4005049169395,444.67972235489185,455.23584994195147,249.37202376821,258.26159805678265,457.5872710511446,320.2581014390622,439.69542705652276,485.40682412874514,472.81773317041467,225.29902980249537,479.65482360267526,310.8367745706553,369.81970468190843,419.4319408651247,404.51935872340755,454.34143011525555,388.50896587637664,345.6560581841949,418.88029632584033,364.60997569186424,257.98169125154413,470.1523159072358,478.4488328568696,369.8126861375311,484.8461549436661,426.2345050126867,433.3601042284166,371.39987221614757,419.57819460169964,357.75488549577346,470.9975966161156,422.08290945986164,422.30108953634976,361.18211703972975,271.2586637620612,400.476786926399,391.107496337838,479.7341428560032,470.11691008348083,499.4837057940848,319.5625543191868,467.0966995473217,465.11471356252764,439.31002636646775,428.8159611924157,472.5722631190913,230.24069804663569,455.14956352476804,474.569996316524,334.59739819086997,483.21452986711125,308.2467997505207,381.15044984064366,453.37665046375633,451.83814870737655,403.38822324020947,484.1009762339129,483.9965328936817,482.9242587343196,429.67388920756576,61.75027685704651,421.4182572214672,404.62504518268406,478.63966884368193,371.3969398879254,426.0528490012698,376.280949069441,484.41174970514606,475.72303636256254,475.6559369027824,401.8316985171921,458.47827326214514,277.19619433471945,181.51441878338963,442.2761293080063,391.6820469656878,451.11137883558723,416.1573199177331,469.379001500189,302.85559799728486,395.9282001328432,399.5148977606685,286.7899230106988,450.25645507926504,430.0480676201229,404.64132926249766,414.8223653119731,382.5328415625477,467.17692821289654,480.4045374203017,492.3797209189242,329.0883662631307,404.8612698943025,432.28231633491157,483.24734570631495,480.73444702456567,198.58145076713973,407.80476954208996,369.21788750707884,370.19130298195404,426.6271761265375,399.610004837167,266.376083942933,438.3107239065258,484.33817668239504,402.1538754991247,247.66140357239925,476.33200455338556,431.64089290673553,428.23972663676807,427.73148331047287,334.4865107200414,469.074651338662,479.3910746615821,446.505101995546,361.46933629248616
4,10,436.9167019779112,474.26978275702595,327.10129148478165,435.0785552350792,451.6040492057316,341.54927281378747,337.3616113554747,439.9750990619974,478.0914480974228,435.63053212067155,457.41991802874435,406.09600217903494,443.76405650159387,441.20544405858357,435.6716127796319,330.54148060563415,380.6546436278985,396.99380356190284,360.0353377981305,383.5948221502253,465.1596302728582,449.7761740571596,447.2287890280938,464.10969913167537,451.1516518450493,152.93940708326784,382.52829541073527,465.216993743903,336.9957992154869,432.8718666577188,465.6852041579456,411.5329393492601,466.321380205053,417.2138798578107,449.915948523547,478.31780267096883,368.2506312839173,336.94470056440315,401.51244320248827,330.79650397800856,483.7537736946192,471.8126626999334,352.6177826948738,404.7325757177729,460.69943748975714,482.44672809499036,237.63940100573367,373.13122851398384,449.45524870706214,376.388449671829,458.9869757538317,476.9956311447239,423.0634943540836,484.4657469999198,447.590637938198,432.48264607723166,449.7295047018192,444.6617415965263,333.8659392943138,377.7754186169259,168.873301480482,406.6967771668967,390.2976182988019,426.76434303713023,275.4941377086339,419.73112079240207,491.39307802721515,280.3949113909326,448.36504269272217,472.2979277400564,368.84119628391505,389.0342116583279,344.7152788933313,431.2014235095146,486.6588397782695,370.4024123808801,387.95435675961147,404.3563762651335,375.49416309576804,351.7035188709086,445.1212841514171,433.5192005097892,440.20814262361387,483.4005049169395,444.67972235489185,455.23584994195147,249.37202376821,258.26159805678265,457.5872710511446,320.2581014390622,439.69542705652276,485.40682412874514,472.81773317041467,225.29902980249537,479.65482360267526,310.8367745706553,369.81970468190843,419.4319408651247,404.51935872340755,454.34143011525555,388.50896587637664,345.6560581841949,418.88029632584033,364.60997569186424,257.98169125154413,470.1523159072358,478.4488328568696,369.8126861375311,484.8461549436661,426.2345050126867,433.3601042284166,371.39987221614757,419.57819460169964,357.75488549577346,470.9975966161156,422.08290945986164,422.30108953634976,361.18211703972975,271.2586637620612,400.476786926399,391.107496337838,479.7341428560032,470.11691008348083,499.4837057940848,319.5625543191868,467.0966995473217,465.11471356252764,439.31002636646775,428.8159611924157,472.5722631190913,230.24069804663569,455.14956352476804,474.569996316524,334.59739819086997,483.21452986711125,308.2467997505207,381.15044984064366,453.37665046375633,451.83814870737655,403.38822324020947,484.1009762339129,483.9965328936817,482.9242587343196,429.67388920756576,61.75027685704651,421.4182572214672,404.62504518268406,478.63966884368193,371.3969398879254,426.0528490012698,376.280949069441,484.41174970514606,475.72303636256254,475.6559369027824,401.8316985171921,458.47827326214514,277.19619433471945,181.51441878338963,442.2761293080063,391.6820469656878,451.11137883558723,416.1573199177331,469.379001500189,302.85559799728486,395.9282001328432,399.5148977606685,286.7899230106988,450.25645507926504,430.0480676201229,404.64132926249766,414.8223653119731,382.5328415625477,467.17692821289654,480.4045374203017,492.3797209189242,329.0883662631307,404.8612698943025,432.28231633491157,483.24734570631495,480.73444702456567,198.58145076713973,407.80476954208996,369.21788750707884,370.19130298195404,426.6271761265375,399.610004837167,266.376083942933,438.3107239065258,484.33817668239504,402.1538754991247,247.66140357239925,476.33200455338556,431.64089290673553,428.23972663676807,427.73148331047287,334.4865107200414,469.074651338662,479.3910746615821,446.505101995546,361.46933629248616
4,11,436.9167019779112,474.26978275702595,327.10129148478165,435.0785552350792,451.6040492057316,341.54927281378747,337.3616113554747,439.9750990619974,478.0914480974228,435.63053212067155,457.41991802874435,406.09600217903494,443.76405650159387,441.20544405858357,435.6716127796319,330.54148060563415,380.6546436278985,396.99380356190284,360.0353377981305,383.5948221502253,465.1596302728582,449.7761740571596,447.2287890280938,464.10969913167537,451.1516518450493,152.93940708326784,382.52829541073527,465.216993743903,336.9957992154869,432.8718666577188,465.6852041579456,411.5329393492601,466.321380205053,417.2138798578107,449.915948523547,478.31780267096883,368.2506312839173,336.94470056440315,401.51244320248827,330.79650397800856,483.7537736946192,471.8126626999334,352.6177826948738,404.7325757177729,460.69943748975714,482.44672809499036,237.63940100573367,373.13122851398384,449.45524870706214,376.388449671829,458.9869757538317,476.9956311447239,423.0634943540836,484.4657469999198,447.590637938198,432.48264607723166,449.7295047018192,444.6617415965263,333.8659392943138,377.7754186169259,168.873301480482,406.6967771668967,390.2976182988019,426.76434303713023,275.4941377086339,419.73112079240207,491.39307802721515,280.3949113909326,448.36504269272217,472.2979277400564,368.84119628391505,389.0342116583279,344.7152788933313,431.2014235095146,486.6588397782695,370.4024123808801,387.95435675961147,404.3563762651335,375.49416309576804,351.7035188709086,445.1212841514171,433.5192005097892,440.20814262361387,483.4005049169395,444.67972235489185,455.23584994195147,249.37202376821,258.26159805678265,457.5872710511446,320.2581014390622,439.69542705652276,485.40682412874514,472.81773317041467,225.29902980249537,479.65482360267526,310.8367745706553,369.81970468190843,419.4319408651247,404.51935872340755,454.34143011525555,388.50896587637664,345.6560581841949,418.88029632584033,364.60997569186424,257.98169125154413,470.1523159072358,478.4488328568696,369.8126861375311,484.8461549436661,426.2345050126867,433.3601042284166,371.39987221614757,419.57819460169964,357.75488549577346,470.9975966161156,422.08290945986164,422.30108953634976,361.18211703972975,271.2586637620612,400.476786926399,391.107496337838,479.7341428560032,470.11691008348083,499.4837057940848,319.5625543191868,467.0966995473217,465.11471356252764,439.31002636646775,428.8159611924157,472.5722631190913,230.24069804663569,455.14956352476804,474.569996316524,334.59739819086997,483.21452986711125,308.2467997505207,381.15044984064366,453.37665046375633,451.83814870737655,403.38822324020947,484.1009762339129,483.9965328936817,482.9242587343196,429.67388920756576,61.75027685704651,421.4182572214672,404.62504518268406,478.63966884368193,371.3969398879254,426.0528490012698,376.280949069441,484.41174970514606,475.72303636256254,475.6559369027824,401.8316985171921,458.47827326214514,277.19619433471945,181.51441878338963,442.2761293080063,391.6820469656878,451.11137883558723,416.1573199177331,469.379001500189,302.85559799728486,395.9282001328432,399.5148977606685,286.7899230106988,450.25645507926504,430.0480676201229,404.64132926249766,414.8223653119731,382.5328415625477,467.17692821289654,480.4045374203017,492.3797209189242,329.0883662631307,404.8612698943025,432.28231633491157,483.24734570631495,480.73444702456567,198.58145076713973,407.80476954208996,369.21788750707884,370.19130298195404,426.6271761265375,399.610004837167,266.376083942933,438.3107239065258,484.33817668239504,402.1538754991247,247.66140357239925,476.33200455338556,431.64089290673553,428.23972663676807,427.73148331047287,334.4865107200414,469.074651338662,479.3910746615821,446.505101995546,361.46933629248616
4,12,436.9167019779112,474.26978275702595,327.10129148478165,435.0785552350792,451.6040492057316,341.54927281378747,337.3616113554747,439.9750990619974,478.0914480974228,435.63053212067155,457.41991802874435,406.09600217903494,443.76405650159387,441.20544405858357,435.6716127796319,330.54148060563415,380.6546436278985,396.99380356190284,360.0353377981305,383.5948221502253,465.1596302728582,449.7761740571596,447.2287890280938,464.10969913167537,451.1516518450493,152.93940708326784,382.52829541073527,465.216993743903,336.9957992154869,432.8718666577188,465.6852041579456,411.5329393492601,466.321380205053,417.2138798578107,449.915948523547,478.31780267096883,368.2506312839173,336.94470056440315,401.51244320248827,330.79650397800856,483.7537736946192,471.8126626999334,352.6177826948738,404.7325757177729,460.69943748975714,482.44672809499036,237.63940100573367,373.13122851398384,449.45524870706214,376.388449671829,458.9869757538317,476.9956311447239,423.0634943540836,484.4657469999198,447.590637938198,432.48264607723166,449.7295047018192,444.6617415965263,333.8659392943138,377.7754186169259,168.873301480482,406.6967771668967,390.2976182988019,426.76434303713023,275.4941377086339,419.73112079240207,491.39307802721515,280.3949113909326,448.36504269272217,472.2979277400564,368.84119628391505,389.0342116583279,344.7152788933313,431.2014235095146,486.6588397782695,370.4024123808801,387.95435675961147,404.3563762651335,375.49416309576804,351.7035188709086,445.1212841514171,433.5192005097892,440.20814262361387,483.4005049169395,444.67972235489185,455.23584994195147,249.37202376821,258.26159805678265,457.5872710511446,320.2581014390622,439.69542705652276,485.40682412874514,472.81773317041467,225.29902980249537,479.65482360267526,310.8367745706553,369.81970468190843,419.4319408651247,404.51935872340755,454.34143011525555,388.50896587637664,345.6560581841949,418.88029632584033,364.60997569186424,257.98169125154413,470.1523159072358,478.4488328568696,369.8126861375311,484.8461549436661,426.2345050126867,433.3601042284166,371.39987221614757,419.57819460169964,357.75488549577346,470.9975966161156,422.08290945986164,422.30108953634976,361.18211703972975,271.2586637620612,400.476786926399,391.107496337838,479.7341428560032,470.11691008348083,499.4837057940848,319.5625543191868,467.0966995473217,465.11471356252764,439.31002636646775,428.8159611924157,472.5722631190913,230.24069804663569,455.14956352476804,474.569996316524,334.59739819086997,483.21452986711125,308.2467997505207,381.15044984064366,453.37665046375633,451.83814870737655,403.38822324020947,484.1009762339129,483.9965328936817,482.9242587343196,429.67388920756576,61.75027685704651,421.4182572214672,404.62504518268406,478.63966884368193,371.3969398879254,426.0528490012698,376.280949069441,484.41174970514606,475.72303636256254,475.6559369027824,401.8316985171921,458.47827326214514,277.19619433471945,181.51441878338963,442.2761293080063,391.6820469656878,451.11137883558723,416.1573199177331,469.379001500189,302.85559799728486,395.9282001328432,399.5148977606685,286.7899230106988,450.25645507926504,430.0480676201229,404.64132926249766,414.8223653119731,382.5328415625477,467.17692821289654,480.4045374203017,492.3797209189242,329.0883662631307,404.8612698943025,432.28231633491157,483.24734570631495,480.73444702456567,198.58145076713973,407.80476954208996,369.21788750707884,370.19130298195404,426.6271761265375,399.610004837167,266.376083942933,438.3107239065258,484.33817668239504,402.1538754991247,247.66140357239925,476.33200455338556,431.64089290673553,428.23972663676807,427.73148331047287,334.4865107200414,469.074651338662,479.3910746615821,446.505101995546,361.46933629248616
4,13,436.9167019779112,474.26978275702595,327.10129148478165,435.0785552350792,451.6040492057316,341.54927281378747,337.3616113554747,439.9750990619974,478.0914480974228,435.63053212067155,457.41991802874435,406.09600217903494,443.76405650159387,441.20544405858357,435.6716127796319,330.54148060563415,380.6546436278985,396.99380356190284,360.0353377981305,383.5948221502253,465.1596302728582,449.7761740571596,447.2287890280938,464.10969913167537,451.1516518450493,152.93940708326784,382.52829541073527,465.216993743903,336.9957992154869,432.8718666577188,465.6852041579456,411.5329393492601,466.321380205053,417.2138798578107,449.915948523547,478.31780267096883,368.2506312839173,336.94470056440315,401.51244320248827,330.79650397800856,483.7537736946192,471.8126626999334,352.6177826948738,404.7325757177729,460.69943748975714,482.44672809499036,237.63940100573367,373.13122851398384,449.45524870706214,376.388449671829,458.9869757538317,476.9956311447239,423.0634943540836,484.4657469999198,447.590637938198,432.48264607723166,449.7295047018192,444.6617415965263,333.8659392943138,377.7754186169259,168.873301480482,406.6967771668967,390.2976182988019,426.76434303713023,275.4941377086339,419.73112079240207,491.39307802721515,280.3949113909326,448.36504269272217,472.2979277400564,368.84119628391505,389.0342116583279,344.7152788933313,431.2014235095146,486.6588397782695,370.4024123808801,387.95435675961147,404.3563762651335,375.49416309576804,351.7035188709086,445.1212841514171,433.5192005097892,440.20814262361387,483.4005049169395,444.67972235489185,455.23584994195147,249.37202376821,258.26159805678265,457.5872710511446,320.2581014390622,439.69542705652276,485.40682412874514,472.81773317041467,225.29902980249537,479.65482360267526,310.8367745706553,369.81970468190843,419.4319408651247,404.51935872340755,454.34143011525555,388.50896587637664,345.6560581841949,418.88029632584033,364.60997569186424,257.98169125154413,470.1523159072358,478.4488328568696,369.8126861375311,484.8461549436661,426.2345050126867,433.3601042284166,371.39987221614757,419.57819460169964,357.75488549577346,470.9975966161156,422.08290945986164,422.30108953634976,361.18211703972975,271.2586637620612,400.476786926399,391.107496337838,479.7341428560032,470.11691008348083,499.4837057940848,319.5625543191868,467.0966995473217,465.11471356252764,439.31002636646775,428.8159611924157,472.5722631190913,230.24069804663569,455.14956352476804,474.569996316524,334.59739819086997,483.21452986711125,308.2467997505207,381.15044984064366,453.37665046375633,451.83814870737655,403.38822324020947,484.1009762339129,483.9965328936817,482.9242587343196,429.67388920756576,61.75027685704651,421.4182572214672,404.62504518268406,478.63966884368193,371.3969398879254,426.0528490012698,376.280949069441,484.41174970514606,475.72303636256254,475.6559369027824,401.8316985171921,458.47827326214514,277.19619433471945,181.51441878338963,442.2761293080063,391.6820469656878,451.11137883558723,416.1573199177331,469.379001500189,302.85559799728486,395.9282001328432,399.5148977606685,286.7899230106988,450.25645507926504,430.0480676201229,404.64132926249766,414.8223653119731,382.5328415625477,467.17692821289654,480.4045374203017,492.3797209189242,329.0883662631307,404.8612698943025,432.28231633491157,483.24734570631495,480.73444702456567,198.58145076713973,407.80476954208996,369.21788750707884,370.19130298195404,426.6271761265375,399.610004837167,266.376083942933,438.3107239065258,484.33817668239504,402.1538754991247,247.66140357239925,476.33200455338556,431.64089290673553,428.23972663676807,427.73148331047287,334.4865107200414,469.074651338662,479.3910746615821,446.505101995546,361.46933629248616
4,14,436.9167019779112,474.26978275702595,327.10129148478165,435.0785552350792,451.6040492057316,341.54927281378747,337.3616113554747,439.9750990619974,478.0914480974228,435.63053212067155,457.41991802874435,406.09600217903494,443.76405650159387,441.20544405858357,435.6716127796319,330.54148060563415,380.6546436278985,396.99380356190284,360.0353377981305,383.5948221502253,465.1596302728582,449.7761740571596,447.2287890280938,464.10969913167537,451.1516518450493,152.93940708326784,382.52829541073527,465.216993743903,336.9957992154869,432.8718666577188,465.6852041579456,411.5329393492601,466.321380205053,417.2138798578107,449.915948523547,478.31780267096883,368.2506312839173,336.94470056440315,401.51244320248827,330.79650397800856,483.7537736946192,471.8126626999334,352.6177826948738,404.7325757177729,460.69943748975714,482.44672809499036,237.63940100573367,373.13122851398384,449.45524870706214,376.388449671829,458.9869757538317,476.9956311447239,423.0634943540836,484.4657469999198,447.590637938198,432.48264607723166,449.7295047018192,444.6617415965263,333.8659392943138,377.7754186169259,168.873301480482,406.6967771668967,390.2976182988019,426.76434303713023,275.4941377086339,419.73112079240207,491.39307802721515,280.3949113909326,448.36504269272217,472.2979277400564,368.84119628391505,389.0342116583279,344.7152788933313,431.2014235095146,486.6588397782695,370.4024123808801,387.95435675961147,404.3563762651335,375.49416309576804,351.7035188709086,445.1212841514171,433.5192005097892,440.20814262361387,483.4005049169395,444.67972235489185,455.23584994195147,249.37202376821,258.26159805678265,457.5872710511446,320.2581014390622,439.69542705652276,485.40682412874514,472.81773317041467,225.29902980249537,479.65482360267526,310.8367745706553,369.81970468190843,419.4319408651247,404.51935872340755,454.34143011525555,388.50896587637664,345.6560581841949,418.88029632584033,364.60997569186424,257.98169125154413,470.1523159072358,478.4488328568696,369.8126861375311,484.8461549436661,426.2345050126867,433.3601042284166,371.39987221614757,419.57819460169964,357.75488549577346,470.9975966161156,422.08290945986164,422.30108953634976,361.18211703972975,271.2586637620612,400.476786926399,391.107496337838,479.7341428560032,470.11691008348083,499.4837057940848,319.5625543191868,467.0966995473217,465.11471356252764,439.31002636646775,428.8159611924157,472.5722631190913,230.24069804663569,455.14956352476804,474.569996316524,334.59739819086997,483.21452986711125,308.2467997505207,381.15044984064366,453.37665046375633,451.83814870737655,403.38822324020947,484.1009762339129,483.9965328936817,482.9242587343196,429.67388920756576,61.75027685704651,421.4182572214672,404.62504518268406,478.63966884368193,371.3969398879254,426.0528490012698,376.280949069441,484.41174970514606,475.72303636256254,475.6559369027824,401.8316985171921,458.47827326214514,277.19619433471945,181.51441878338963,442.2761293080063,391.6820469656878,451.11137883558723,416.1573199177331,469.379001500189,302.85559799728486,395.9282001328432,399.5148977606685,286.7899230106988,450.25645507926504,430.0480676201229,404.64132926249766,414.8223653119731,382.5328415625477,467.17692821289654,480.4045374203017,492.3797209189242,329.0883662631307,404.8612698943025,432.28231633491157,483.24734570631495,480.73444702456567,198.58145076713973,407.80476954208996,369.21788750707884,370.19130298195404,426.6271761265375,399.610004837167,266.376083942933,438.3107239065258,484.33817668239504,402.1538754991247,247.66140357239925,476.33200455338556,431.64089290673553,428.23972663676807,427.73148331047287,334.4865107200414,469.074651338662,479.3910746615821,446.505101995546,361.46933629248616
4,15,436.9167019779112,474.26978275702595,327.10129148478165,435.0785552350792,451.6040492057316,341.54927281378747,337.3616113554747,439.9750990619974,478.0914480974228,435.63053212067155,457.41991802874435,406.09600217903494,443.76405650159387,441.20544405858357,435.6716127796319,330.54148060563415,380.6546436278985,396.99380356190284,360.0353377981305,383.5948221502253,465.1596302728582,449.7761740571596,447.2287890280938,464.10969913167537,451.1516518450493,152.93940708326784,382.52829541073527,465.216993743903,336.9957992154869,432.8718666577188,465.6852041579456,411.5329393492601,466.321380205053,417.2138798578107,449.915948523547,478.31780267096883,368.2506312839173,336.94470056440315,401.51244320248827,330.79650397800856,483.7537736946192,471.8126626999334,352.6177826948738,404.7325757177729,460.69943748975714,482.44672809499036,237.63940100573367,373.13122851398384,449.45524870706214,376.388449671829,458.9869757538317,476.9956311447239,423.0634943540836,484.4657469999198,447.590637938198,432.48264607723166,449.7295047018192,444.6617415965263,333.8659392943138,377.7754186169259,168.873301480482,406.6967771668967,390.2976182988019,426.76434303713023,275.4941377086339,419.73112079240207,491.39307802721515,280.3949113909326,448.36504269272217,472.2979277400564,368.84119628391505,389.0342116583279,344.7152788933313,431.2014235095146,486.6588397782695,370.4024123808801,387.95435675961147,404.3563762651335,375.49416309576804,351.7035188709086,445.1212841514171,433.5192005097892,440.20814262361387,483.4005049169395,444.67972235489185,455.23584994195147,249.37202376821,258.26159805678265,457.5872710511446,320.2581014390622,439.69542705652276,485.40682412874514,472.81773317041467,225.29902980249537,479.65482360267526,310.8367745706553,369.81970468190843,419.4319408651247,404.51935872340755,454.34143011525555,388.50896587637664,345.6560581841949,418.88029632584033,364.60997569186424,257.98169125154413,470.1523159072358,478.4488328568696,369.8126861375311,484.8461549436661,426.2345050126867,433.3601042284166,371.39987221614757,419.57819460169964,357.75488549577346,470.9975966161156,422.08290945986164,422.30108953634976,361.18211703972975,271.2586637620612,400.476786926399,391.107496337838,479.7341428560032,470.11691008348083,499.4837057940848,319.5625543191868,467.0966995473217,465.11471356252764,439.31002636646775,428.8159611924157,472.5722631190913,230.24069804663569,455.14956352476804,474.569996316524,334.59739819086997,483.21452986711125,308.2467997505207,381.15044984064366,453.37665046375633,451.83814870737655,403.38822324020947,484.1009762339129,483.9965328936817,482.9242587343196,429.67388920756576,61.75027685704651,421.4182572214672,404.62504518268406,478.63966884368193,371.3969398879254,426.0528490012698,376.280949069441,484.41174970514606,475.72303636256254,475.6559369027824,401.8316985171921,458.47827326214514,277.19619433471945,181.51441878338963,442.2761293080063,391.6820469656878,451.11137883558723,416.1573199177331,469.379001500189,302.85559799728486,395.9282001328432,399.5148977606685,286.7899230106988,450.25645507926504,430.0480676201229,404.64132926249766,414.8223653119731,382.5328415625477,467.17692821289654,480.4045374203017,492.3797209189242,329.0883662631307,404.8612698943025,432.28231633491157,483.24734570631495,480.73444702456567,198.58145076713973,407.80476954208996,369.21788750707884,370.19130298195404,426.6271761265375,399.610004837167,266.376083942933,438.3107239065258,484.33817668239504,402.1538754991247,247.66140357239925,476.33200455338556,431.64089290673553,428.23972663676807,427.73148331047287,334.4865107200414,469.074651338662,479.3910746615821,446.505101995546,361.46933629248616
4,16,436.9167019779112,474.26978275702595,327.10129148478165,435.0785552350792,451.6040492057316,341.54927281378747,337.3616113554747,439.9750990619974,478.0914480974228,435.63053212067155,457.41991802874435,406.09600217903494,443.76405650159387,441.20544405858357,435.6716127796319,330.54148060563415,380.6546436278985,396.99380356190284,360.0353377981305,383.5948221502253,465.1596302728582,449.7761740571596,447.2287890280938,464.10969913167537,451.1516518450493,152.93940708326784,382.52829541073527,465.216993743903,336.9957992154869,432.8718666577188,465.6852041579456,411.5329393492601,466.321380205053,417.2138798578107,449.915948523547,478.31780267096883,368.2506312839173,336.94470056440315,401.51244320248827,330.79650397800856,483.7537736946192,471.8126626999334,352.6177826948738,404.7325757177729,460.69943748975714,482.44672809499036,237.63940100573367,373.13122851398384,449.45524870706214,376.388449671829,458.9869757538317,476.9956311447239,423.0634943540836,484.4657469999198,447.590637938198,432.48264607723166,449.7295047018192,444.6617415965263,333.8659392943138,377.7754186169259,168.873301480482,406.6967771668967,390.2976182988019,426.76434303713023,275.4941377086339,419.73112079240207,491.39307802721515,280.3949113909326,448.36504269272217,472.2979277400564,368.84119628391505,389.0342116583279,344.7152788933313,431.2014235095146,486.6588397782695,370.4024123808801,387.95435675961147,404.3563762651335,375.49416309576804,351.7035188709086,445.1212841514171,433.5192005097892,440.20814262361387,483.4005049169395,444.67972235489185,455.23584994195147,249.37202376821,258.26159805678265,457.5872710511446,320.2581014390622,439.69542705652276,485.40682412874514,472.81773317041467,225.29902980249537,479.65482360267526,310.8367745706553,369.81970468190843,419.4319408651247,404.51935872340755,454.34143011525555,388.50896587637664,345.6560581841949,418.88029632584033,364.60997569186424,257.98169125154413,470.1523159072358,478.4488328568696,369.8126861375311,484.8461549436661,426.2345050126867,433.3601042284166,371.39987221614757,419.57819460169964,357.75488549577346,470.9975966161156,422.08290945986164,422.30108953634976,361.18211703972975,271.2586637620612,400.476786926399,391.107496337838,479.7341428560032,470.11691008348083,499.4837057940848,319.5625543191868,467.0966995473217,465.11471356252764,439.31002636646775,428.8159611924157,472.5722631190913,230.24069804663569,455.14956352476804,474.569996316524,334.59739819086997,483.21452986711125,308.2467997505207,381.15044984064366,453.37665046375633,451.83814870737655,403.38822324020947,484.1009762339129,483.9965328936817,482.9242587343196,429.67388920756576,61.75027685704651,421.4182572214672,404.62504518268406,478.63966884368193,371.3969398879254,426.0528490012698,376.280949069441,484.41174970514606,475.72303636256254,475.6559369027824,401.8316985171921,458.47827326214514,277.19619433471945,181.51441878338963,442.2761293080063,391.6820469656878,451.11137883558723,416.1573199177331,469.379001500189,302.85559799728486,395.9282001328432,399.5148977606685,286.7899230106988,450.25645507926504,430.0480676201229,404.64132926249766,414.8223653119731,382.5328415625477,467.17692821289654,480.4045374203017,492.3797209189242,329.0883662631307,404.8612698943025,432.28231633491157,483.24734570631495,480.73444702456567,198.58145076713973,407.80476954208996,369.21788750707884,370.19130298195404,426.6271761265375,399.610004837167,266.376083942933,438.3107239065258,484.33817668239504,402.1538754991247,247.66140357239925,476.33200455338556,431.64089290673553,428.23972663676807,427.73148331047287,334.4865107200414,469.074651338662,479.3910746615821,446.505101995546,361.46933629248616
4,17,436.9167019779112,474.26978275702595,327.10129148478165,435.0785552350792,451.6040492057316,341.54927281378747,337.3616113554747,439.9750990619974,478.0914480974228,435.63053212067155,457.41991802874435,406.09600217903494,443.76405650159387,441.20544405858357,435.6716127796319,330.54148060563415,380.6546436278985,396.99380356190284,360.0353377981305,383.5948221502253,465.1596302728582,449.7761740571596,447.2287890280938,464.10969913167537,451.1516518450493,152.93940708326784,382.52829541073527,465.216993743903,336.9957992154869,432.8718666577188,465.6852041579456,411.5329393492601,466.321380205053,417.2138798578107,449.915948523547,478.31780267096883,368.2506312839173,336.94470056440315,401.51244320248827,330.79650397800856,483.7537736946192,471.8126626999334,352.6177826948738,404.7325757177729,460.69943748975714,482.44672809499036,237.63940100573367,373.13122851398384,449.45524870706214,376.388449671829,458.9869757538317,476.9956311447239,423.0634943540836,484.4657469999198,447.590637938198,432.48264607723166,449.7295047018192,444.6617415965263,333.8659392943138,377.7754186169259,168.873301480482,406.6967771668967,390.2976182988019,426.76434303713023,275.4941377086339,419.73112079240207,491.39307802721515,280.3949113909326,448.36504269272217,472.2979277400564,368.84119628391505,389.0342116583279,344.7152788933313,431.2014235095146,486.6588397782695,370.4024123808801,387.95435675961147,404.3563762651335,375.49416309576804,351.7035188709086,445.1212841514171,433.5192005097892,440.20814262361387,483.4005049169395,444.67972235489185,455.23584994195147,249.37202376821,258.26159805678265,457.5872710511446,320.2581014390622,439.69542705652276,485.40682412874514,472.81773317041467,225.29902980249537,479.65482360267526,310.8367745706553,369.81970468190843,419.4319408651247,404.51935872340755,454.34143011525555,388.50896587637664,345.6560581841949,418.88029632584033,364.60997569186424,257.98169125154413,470.1523159072358,478.4488328568696,369.8126861375311,484.8461549436661,426.2345050126867,433.3601042284166,371.39987221614757,419.57819460169964,357.75488549577346,470.9975966161156,422.08290945986164,422.30108953634976,361.18211703972975,271.2586637620612,400.476786926399,391.107496337838,479.7341428560032,470.11691008348083,499.4837057940848,319.5625543191868,467.0966995473217,465.11471356252764,439.31002636646775,428.8159611924157,472.5722631190913,230.24069804663569,455.14956352476804,474.569996316524,334.59739819086997,483.21452986711125,308.2467997505207,381.15044984064366,453.37665046375633,451.83814870737655,403.38822324020947,484.1009762339129,483.9965328936817,482.9242587343196,429.67388920756576,61.75027685704651,421.4182572214672,404.62504518268406,478.63966884368193,371.3969398879254,426.0528490012698,376.280949069441,484.41174970514606,475.72303636256254,475.6559369027824,401.8316985171921,458.47827326214514,277.19619433471945,181.51441878338963,442.2761293080063,391.6820469656878,451.11137883558723,416.1573199177331,469.379001500189,302.85559799728486,395.9282001328432,399.5148977606685,286.7899230106988,450.25645507926504,430.0480676201229,404.64132926249766,414.8223653119731,382.5328415625477,467.17692821289654,480.4045374203017,492.3797209189242,329.0883662631307,404.8612698943025,432.28231633491157,483.24734570631495,480.73444702456567,198.58145076713973,407.80476954208996,369.21788750707884,370.19130298195404,426.6271761265375,399.610004837167,266.376083942933,438.3107239065258,484.33817668239504,402.1538754991247,247.66140357239925,476.33200455338556,431.64089290673553,428.23972663676807,427.73148331047287,334.4865107200414,469.074651338662,479.3910746615821,446.505101995546,361.46933629248616
4,18,436.9167019779112,474.26978275702595,327.10129148478165,435.0785552350792,451.6040492057316,341.54927281378747,337.3616113554747,439.9750990619974,478.0914480974228,435.63053212067155,457.41991802874435,406.09600217903494,443.76405650159387,441.20544405858357,435.6716127796319,330.54148060563415,380.6546436278985,396.99380356190284,360.0353377981305,383.5948221502253,465.1596302728582,449.7761740571596,447.2287890280938,464.10969913167537,451.1516518450493,152.93940708326784,382.52829541073527,465.216993743903,336.9957992154869,432.8718666577188,465.6852041579456,411.5329393492601,466.321380205053,417.2138798578107,449.915948523547,478.31780267096883,368.2506312839173,336.94470056440315,401.51244320248827,330.79650397800856,483.7537736946192,471.8126626999334,352.6177826948738,404.7325757177729,460.69943748975714,482.44672809499036,237.63940100573367,373.13122851398384,449.45524870706214,376.388449671829,458.9869757538317,476.9956311447239,423.0634943540836,484.4657469999198,447.590637938198,432.48264607723166,449.7295047018192,444.6617415965263,333.8659392943138,377.7754186169259,168.873301480482,406.6967771668967,390.2976182988019,426.76434303713023,275.4941377086339,419.73112079240207,491.39307802721515,280.3949113909326,448.36504269272217,472.2979277400564,368.84119628391505,389.0342116583279,344.7152788933313,431.2014235095146,486.6588397782695,370.4024123808801,387.95435675961147,404.3563762651335,375.49416309576804,351.7035188709086,445.1212841514171,433.5192005097892,440.20814262361387,483.4005049169395,444.67972235489185,455.23584994195147,249.37202376821,258.26159805678265,457.5872710511446,320.2581014390622,439.69542705652276,485.40682412874514,472.81773317041467,225.29902980249537,479.65482360267526,310.8367745706553,369.81970468190843,419.4319408651247,404.51935872340755,454.34143011525555,388.50896587637664,345.6560581841949,418.88029632584033,364.60997569186424,257.98169125154413,470.1523159072358,478.4488328568696,369.8126861375311,484.8461549436661,426.2345050126867,433.3601042284166,371.39987221614757,419.57819460169964,357.75488549577346,470.9975966161156,422.08290945986164,422.30108953634976,361.18211703972975,271.2586637620612,400.476786926399,391.107496337838,479.7341428560032,470.11691008348083,499.4837057940848,319.5625543191868,467.0966995473217,465.11471356252764,439.31002636646775,428.8159611924157,472.5722631190913,230.24069804663569,455.14956352476804,474.569996316524,334.59739819086997,483.21452986711125,308.2467997505207,381.15044984064366,453.37665046375633,451.83814870737655,403.38822324020947,484.1009762339129,483.9965328936817,482.9242587343196,429.67388920756576,61.75027685704651,421.4182572214672,404.62504518268406,478.63966884368193,371.3969398879254,426.0528490012698,376.280949069441,484.41174970514606,475.72303636256254,475.6559369027824,401.8316985171921,458.47827326214514,277.19619433471945,181.51441878338963,442.2761293080063,391.6820469656878,451.11137883558723,416.1573199177331,469.379001500189,302.85559799728486,395.9282001328432,399.5148977606685,286.7899230106988,450.25645507926504,430.0480676201229,404.64132926249766,414.8223653119731,382.5328415625477,467.17692821289654,480.4045374203017,492.3797209189242,329.0883662631307,404.8612698943025,432.28231633491157,483.24734570631495,480.73444702456567,198.58145076713973,407.80476954208996,369.21788750707884,370.19130298195404,426.6271761265375,399.610004837167,266.376083942933,438.3107239065258,484.33817668239504,402.1538754991247,247.66140357239925,476.33200455338556,431.64089290673553,428.23972663676807,427.73148331047287,334.4865107200414,469.074651338662,479.3910746615821,446.505101995546,361.46933629248616
4,19,436.9167019779112,474.26978275702595,327.10129148478165,435.0785552350792,451.6040492057316,341.54927281378747,337.3616113554747,439.9750990619974,478.0914480974228,435.63053212067155,457.41991802874435,406.09600217903494,443.76405650159387,441.20544405858357,435.6716127796319,330.54148060563415,380.6546436278985,396.99380356190284,360.0353377981305,383.5948221502253,465.1596302728582,449.7761740571596,447.2287890280938,464.10969913167537,451.1516518450493,152.93940708326784,382.52829541073527,465.216993743903,336.9957992154869,432.8718666577188,465.6852041579456,411.5329393492601,466.321380205053,417.2138798578107,449.915948523547,478.31780267096883,368.2506312839173,336.94470056440315,401.51244320248827,330.79650397800856,483.7537736946192,471.8126626999334,352.6177826948738,404.7325757177729,460.69943748975714,482.44672809499036,237.63940100573367,373.13122851398384,449.45524870706214,376.388449671829,458.9869757538317,476.9956311447239,423.0634943540836,484.4657469999198,447.590637938198,432.48264607723166,449.7295047018192,444.6617415965263,333.8659392943138,377.7754186169259,168.873301480482,406.6967771668967,390.2976182988019,426.76434303713023,275.4941377086339,419.73112079240207,491.39307802721515,280.3949113909326,448.36504269272217,472.2979277400564,368.84119628391505,389.0342116583279,344.7152788933313,431.2014235095146,486.6588397782695,370.4024123808801,387.95435675961147,404.3563762651335,375.49416309576804,351.7035188709086,445.1212841514171,433.5192005097892,440.20814262361387,483.4005049169395,444.67972235489185,455.23584994195147,249.37202376821,258.26159805678265,457.5872710511446,320.2581014390622,439.69542705652276,485.40682412874514,472.81773317041467,225.29902980249537,479.65482360267526,310.8367745706553,369.81970468190843,419.4319408651247,404.51935872340755,454.34143011525555,388.50896587637664,345.6560581841949,418.88029632584033,364.60997569186424,257.98169125154413,470.1523159072358,478.4488328568696,369.8126861375311,484.8461549436661,426.2345050126867,433.3601042284166,371.39987221614757,419.57819460169964,357.75488549577346,470.9975966161156,422.08290945986164,422.30108953634976,361.18211703972975,271.2586637620612,400.476786926399,391.107496337838,479.7341428560032,470.11691008348083,499.4837057940848,319.5625543191868,467.0966995473217,465.11471356252764,439.31002636646775,428.8159611924157,472.5722631190913,230.24069804663569,455.14956352476804,474.569996316524,334.59739819086997,483.21452986711125,308.2467997505207,381.15044984064366,453.37665046375633,451.83814870737655,403.38822324020947,484.1009762339129,483.9965328936817,482.9242587343196,429.67388920756576,61.75027685704651,421.4182572214672,404.62504518268406,478.63966884368193,371.3969398879254,426.0528490012698,376.280949069441,484.41174970514606,475.72303636256254,475.6559369027824,401.8316985171921,458.47827326214514,277.19619433471945,181.51441878338963,442.2761293080063,391.6820469656878,451.11137883558723,416.1573199177331,469.379001500189,302.85559799728486,395.9282001328432,399.5148977606685,286.7899230106988,450.25645507926504,430.0480676201229,404.64132926249766,414.8223653119731,382.5328415625477,467.17692821289654,480.4045374203017,492.3797209189242,329.0883662631307,404.8612698943025,432.28231633491157,483.24734570631495,480.73444702456567,198.58145076713973,407.80476954208996,369.21788750707884,370.19130298195404,426.6271761265375,399.610004837167,266.376083942933,438.3107239065258,484.33817668239504,402.1538754991247,247.66140357239925,476.33200455338556,431.64089290673553,428.23972663676807,427.73148331047287,334.4865107200414,469.074651338662,479.3910746615821,446.505101995546,361.46933629248616
4,20,436.9167019779112,474.26978275702595,327.10129148478165,435.0785552350792,451.6040492057316,341.54927281378747,337.3616113554747,439.9750990619974,478.0914480974228,435.63053212067155,457.41991802874435,406.09600217903494,443.76405650159387,441.20544405858357,435.6716127796319,330.54148060563415,380.6546436278985,396.99380356190284,360.0353377981305,383.5948221502253,465.1596302728582,449.7761740571596,447.2287890280938,464.10969913167537,451.1516518450493,152.93940708326784,382.52829541073527,465.216993743903,336.9957992154869,432.8718666577188,465.6852041579456,411.5329393492601,466.321380205053,417.2138798578107,449.915948523547,478.31780267096883,368.2506312839173,336.94470056440315,401.51244320248827,330.79650397800856,483.7537736946192,471.8126626999334,352.6177826948738,404.7325757177729,460.69943748975714,482.44672809499036,237.63940100573367,373.13122851398384,449.45524870706214,376.388449671829,458.9869757538317,476.9956311447239,423.0634943540836,484.4657469999198,447.590637938198,432.48264607723166,449.7295047018192,444.6617415965263,333.8659392943138,377.7754186169259,168.873301480482,406.6967771668967,390.2976182988019,426.76434303713023,275.4941377086339,419.73112079240207,491.39307802721515,280.3949113909326,448.36504269272217,472.2979277400564,368.84119628391505,389.0342116583279,344.7152788933313,431.2014235095146,486.6588397782695,370.4024123808801,387.95435675961147,404.3563762651335,375.49416309576804,351.7035188709086,445.1212841514171,433.5192005097892,440.20814262361387,483.4005049169395,444.67972235489185,455.23584994195147,249.37202376821,258.26159805678265,457.5872710511446,320.2581014390622,439.69542705652276,485.40682412874514,472.81773317041467,225.29902980249537,479.65482360267526,310.8367745706553,369.81970468190843,419.4319408651247,404.51935872340755,454.34143011525555,388.50896587637664,345.6560581841949,418.88029632584033,364.60997569186424,257.98169125154413,470.1523159072358,478.4488328568696,369.8126861375311,484.8461549436661,426.2345050126867,433.3601042284166,371.39987221614757,419.57819460169964,357.75488549577346,470.9975966161156,422.08290945986164,422.30108953634976,361.18211703972975,271.2586637620612,400.476786926399,391.107496337838,479.7341428560032,470.11691008348083,499.4837057940848,319.5625543191868,467.0966995473217,465.11471356252764,439.31002636646775,428.8159611924157,472.5722631190913,230.24069804663569,455.14956352476804,474.569996316524,334.59739819086997,483.21452986711125,308.2467997505207,381.15044984064366,453.37665046375633,451.83814870737655,403.38822324020947,484.1009762339129,483.9965328936817,482.9242587343196,429.67388920756576,61.75027685704651,421.4182572214672,404.62504518268406,478.63966884368193,371.3969398879254,426.0528490012698,376.280949069441,484.41174970514606,475.72303636256254,475.6559369027824,401.8316985171921,458.47827326214514,277.19619433471945,181.51441878338963,442.2761293080063,391.6820469656878,451.11137883558723,416.1573199177331,469.379001500189,302.85559799728486,395.9282001328432,399.5148977606685,286.7899230106988,450.25645507926504,430.0480676201229,404.64132926249766,414.8223653119731,382.5328415625477,467.17692821289654,480.4045374203017,492.3797209189242,329.0883662631307,404.8612698943025,432.28231633491157,483.24734570631495,480.73444702456567,198.58145076713973,407.80476954208996,369.21788750707884,370.19130298195404,426.6271761265375,399.610004837167,266.376083942933,438.3107239065258,484.33817668239504,402.1538754991247,247.66140357239925,476.33200455338556,431.64089290673553,428.23972663676807,427.73148331047287,334.4865107200414,469.074651338662,479.3910746615821,446.505101995546,361.46933629248616
4,21,436.9167019779112,474.26978275702595,327.10129148478165,435.0785552350792,451.6040492057316,341.54927281378747,337.3616113554747,439.9750990619974,478.0914480974228,435.63053212067155,457.41991802874435,406.09600217903494,443.76405650159387,441.20544405858357,435.6716127796319,330.54148060563415,380.6546436278985,396.99380356190284,360.0353377981305,383.5948221502253,465.1596302728582,449.7761740571596,447.2287890280938,464.10969913167537,451.1516518450493,152.93940708326784,382.52829541073527,465.216993743903,336.9957992154869,432.8718666577188,465.6852041579456,411.5329393492601,466.321380205053,417.2138798578107,449.915948523547,478.31780267096883,368.2506312839173,336.94470056440315,401.51244320248827,330.79650397800856,483.7537736946192,471.8126626999334,352.6177826948738,404.7325757177729,460.69943748975714,482.44672809499036,237.63940100573367,373.13122851398384,449.45524870706214,376.388449671829,458.9869757538317,476.9956311447239,423.0634943540836,484.4657469999198,447.590637938198,432.48264607723166,449.7295047018192,444.6617415965263,333.8659392943138,377.7754186169259,168.873301480482,406.6967771668967,390.2976182988019,426.76434303713023,275.4941377086339,419.73112079240207,491.39307802721515,280.3949113909326,448.36504269272217,472.2979277400564,368.84119628391505,389.0342116583279,344.7152788933313,431.2014235095146,486.6588397782695,370.4024123808801,387.95435675961147,404.3563762651335,375.49416309576804,351.7035188709086,445.1212841514171,433.5192005097892,440.20814262361387,483.4005049169395,444.67972235489185,455.23584994195147,249.37202376821,258.26159805678265,457.5872710511446,320.2581014390622,439.69542705652276,485.40682412874514,472.81773317041467,225.29902980249537,479.65482360267526,310.8367745706553,369.81970468190843,419.4319408651247,404.51935872340755,454.34143011525555,388.50896587637664,345.6560581841949,418.88029632584033,364.60997569186424,257.98169125154413,470.1523159072358,478.4488328568696,369.8126861375311,484.8461549436661,426.2345050126867,433.3601042284166,371.39987221614757,419.57819460169964,357.75488549577346,470.9975966161156,422.08290945986164,422.30108953634976,361.18211703972975,271.2586637620612,400.476786926399,391.107496337838,479.7341428560032,470.11691008348083,499.4837057940848,319.5625543191868,467.0966995473217,465.11471356252764,439.31002636646775,428.8159611924157,472.5722631190913,230.24069804663569,455.14956352476804,474.569996316524,334.59739819086997,483.21452986711125,308.2467997505207,381.15044984064366,453.37665046375633,451.83814870737655,403.38822324020947,484.1009762339129,483.9965328936817,482.9242587343196,429.67388920756576,61.75027685704651,421.4182572214672,404.62504518268406,478.63966884368193,371.3969398879254,426.0528490012698,376.280949069441,484.41174970514606,475.72303636256254,475.6559369027824,401.8316985171921,458.47827326214514,277.19619433471945,181.51441878338963,442.2761293080063,391.6820469656878,451.11137883558723,416.1573199177331,469.379001500189,302.85559799728486,395.9282001328432,399.5148977606685,286.7899230106988,450.25645507926504,430.0480676201229,404.64132926249766,414.8223653119731,382.5328415625477,467.17692821289654,480.4045374203017,492.3797209189242,329.0883662631307,404.8612698943025,432.28231633491157,483.24734570631495,480.73444702456567,198.58145076713973,407.80476954208996,369.21788750707884,370.19130298195404,426.6271761265375,399.610004837167,266.376083942933,438.3107239065258,484.33817668239504,402.1538754991247,247.66140357239925,476.33200455338556,431.64089290673553,428.23972663676807,427.73148331047287,334.4865107200414,469.074651338662,479.3910746615821,446.505101995546,361.46933629248616
4,22,436.9167019779112,474.26978275702595,327.10129148478165,435.0785552350792,451.6040492057316,341.54927281378747,337.3616113554747,439.9750990619974,478.0914480974228,435.63053212067155,457.41991802874435,406.09600217903494,443.76405650159387,441.20544405858357,435.6716127796319,330.54148060563415,380.6546436278985,396.99380356190284,360.0353377981305,383.5948221502253,465.1596302728582,449.7761740571596,447.2287890280938,464.10969913167537,451.1516518450493,152.93940708326784,382.52829541073527,465.216993743903,336.9957992154869,432.8718666577188,465.6852041579456,411.5329393492601,466.321380205053,417.2138798578107,449.915948523547,478.31780267096883,368.2506312839173,336.94470056440315,401.51244320248827,330.79650397800856,483.7537736946192,471.8126626999334,352.6177826948738,404.7325757177729,460.69943748975714,482.44672809499036,237.63940100573367,373.13122851398384,449.45524870706214,376.388449671829,458.9869757538317,476.9956311447239,423.0634943540836,484.4657469999198,447.590637938198,432.48264607723166,449.7295047018192,444.6617415965263,333.8659392943138,377.7754186169259,168.873301480482,406.6967771668967,390.2976182988019,426.76434303713023,275.4941377086339,419.73112079240207,491.39307802721515,280.3949113909326,448.36504269272217,472.2979277400564,368.84119628391505,389.0342116583279,344.7152788933313,431.2014235095146,486.6588397782695,370.4024123808801,387.95435675961147,404.3563762651335,375.49416309576804,351.7035188709086,445.1212841514171,433.5192005097892,440.20814262361387,483.4005049169395,444.67972235489185,455.23584994195147,249.37202376821,258.26159805678265,457.5872710511446,320.2581014390622,439.69542705652276,485.40682412874514,472.81773317041467,225.29902980249537,479.65482360267526,310.8367745706553,369.81970468190843,419.4319408651247,404.51935872340755,454.34143011525555,388.50896587637664,345.6560581841949,418.88029632584033,364.60997569186424,257.98169125154413,470.1523159072358,478.4488328568696,369.8126861375311,484.8461549436661,426.2345050126867,433.3601042284166,371.39987221614757,419.57819460169964,357.75488549577346,470.9975966161156,422.08290945986164,422.30108953634976,361.18211703972975,271.2586637620612,400.476786926399,391.107496337838,479.7341428560032,470.11691008348083,499.4837057940848,319.5625543191868,467.0966995473217,465.11471356252764,439.31002636646775,428.8159611924157,472.5722631190913,230.24069804663569,455.14956352476804,474.569996316524,334.59739819086997,483.21452986711125,308.2467997505207,381.15044984064366,453.37665046375633,451.83814870737655,403.38822324020947,484.1009762339129,483.9965328936817,482.9242587343196,429.67388920756576,61.75027685704651,421.4182572214672,404.62504518268406,478.63966884368193,371.3969398879254,426.0528490012698,376.280949069441,484.41174970514606,475.72303636256254,475.6559369027824,401.8316985171921,458.47827326214514,277.19619433471945,181.51441878338963,442.2761293080063,391.6820469656878,451.11137883558723,416.1573199177331,469.379001500189,302.85559799728486,395.9282001328432,399.5148977606685,286.7899230106988,450.25645507926504,430.0480676201229,404.64132926249766,414.8223653119731,382.5328415625477,467.17692821289654,480.4045374203017,492.3797209189242,329.0883662631307,404.8612698943025,432.28231633491157,483.24734570631495,480.73444702456567,198.58145076713973,407.80476954208996,369.21788750707884,370.19130298195404,426.6271761265375,399.610004837167,266.376083942933,438.3107239065258,484.33817668239504,402.1538754991247,247.66140357239925,476.33200455338556,431.64089290673553,428.23972663676807,427.73148331047287,334.4865107200414,469.074651338662,479.3910746615821,446.505101995546,361.46933629248616
4,23,436.9167019779112,474.26978275702595,327.10129148478165,435.0785552350792,451.6040492057316,341.54927281378747,337.3616113554747,439.9750990619974,478.0914480974228,435.63053212067155,457.41991802874435,406.09600217903494,443.76405650159387,441.20544405858357,435.6716127796319,330.54148060563415,380.6546436278985,396.99380356190284,360.0353377981305,383.5948221502253,465.1596302728582,449.7761740571596,447.2287890280938,464.10969913167537,451.1516518450493,152.93940708326784,382.52829541073527,465.216993743903,336.9957992154869,432.8718666577188,465.6852041579456,411.5329393492601,466.321380205053,417.2138798578107,449.915948523547,478.31780267096883,368.2506312839173,336.94470056440315,401.51244320248827,330.79650397800856,483.7537736946192,471.8126626999334,352.6177826948738,404.7325757177729,460.69943748975714,482.44672809499036,237.63940100573367,373.13122851398384,449.45524870706214,376.388449671829,458.9869757538317,476.9956311447239,423.0634943540836,484.4657469999198,447.590637938198,432.48264607723166,449.7295047018192,444.6617415965263,333.8659392943138,377.7754186169259,168.873301480482,406.6967771668967,390.2976182988019,426.76434303713023,275.4941377086339,419.73112079240207,491.39307802721515,280.3949113909326,448.36504269272217,472.2979277400564,368.84119628391505,389.0342116583279,344.7152788933313,431.2014235095146,486.6588397782695,370.4024123808801,387.95435675961147,404.3563762651335,375.49416309576804,351.7035188709086,445.1212841514171,433.5192005097892,440.20814262361387,483.4005049169395,444.67972235489185,455.23584994195147,249.37202376821,258.26159805678265,457.5872710511446,320.2581014390622,439.69542705652276,485.40682412874514,472.81773317041467,225.29902980249537,479.65482360267526,310.8367745706553,369.81970468190843,419.4319408651247,404.51935872340755,454.34143011525555,388.50896587637664,345.6560581841949,418.88029632584033,364.60997569186424,257.98169125154413,470.1523159072358,478.4488328568696,369.8126861375311,484.8461549436661,426.2345050126867,433.3601042284166,371.39987221614757,419.57819460169964,357.75488549577346,470.9975966161156,422.08290945986164,422.30108953634976,361.18211703972975,271.2586637620612,400.476786926399,391.107496337838,479.7341428560032,470.11691008348083,499.4837057940848,319.5625543191868,467.0966995473217,465.11471356252764,439.31002636646775,428.8159611924157,472.5722631190913,230.24069804663569,455.14956352476804,474.569996316524,334.59739819086997,483.21452986711125,308.2467997505207,381.15044984064366,453.37665046375633,451.83814870737655,403.38822324020947,484.1009762339129,483.9965328936817,482.9242587343196,429.67388920756576,61.75027685704651,421.4182572214672,404.62504518268406,478.63966884368193,371.3969398879254,426.0528490012698,376.280949069441,484.41174970514606,475.72303636256254,475.6559369027824,401.8316985171921,458.47827326214514,277.19619433471945,181.51441878338963,442.2761293080063,391.6820469656878,451.11137883558723,416.1573199177331,469.379001500189,302.85559799728486,395.9282001328432,399.5148977606685,286.7899230106988,450.25645507926504,430.0480676201229,404.64132926249766,414.8223653119731,382.5328415625477,467.17692821289654,480.4045374203017,492.3797209189242,329.0883662631307,404.8612698943025,432.28231633491157,483.24734570631495,480.73444702456567,198.58145076713973,407.80476954208996,369.21788750707884,370.19130298195404,426.6271761265375,399.610004837167,266.376083942933,438.3107239065258,484.33817668239504,402.1538754991247,247.66140357239925,476.33200455338556,431.64089290673553,428.23972663676807,427.73148331047287,334.4865107200414,469.074651338662,479.3910746615821,446.505101995546,361.46933629248616
4,24,436.9167019779112,474.26978275702595,327.10129148478165,435.0785552350792,451.6040492057316,341.54927281378747,337.3616113554747,439.9750990619974,478.0914480974228,435.63053212067155,457.41991802874435,406.09600217903494,443.76405650159387,441.20544405858357,435.6716127796319,330.54148060563415,380.6546436278985,396.99380356190284,360.0353377981305,383.5948221502253,465.1596302728582,449.7761740571596,447.2287890280938,464.10969913167537,451.1516518450493,152.93940708326784,382.52829541073527,465.216993743903,336.9957992154869,432.8718666577188,465.6852041579456,411.5329393492601,466.321380205053,417.2138798578107,449.915948523547,478.31780267096883,368.2506312839173,336.94470056440315,401.51244320248827,330.79650397800856,483.7537736946192,471.8126626999334,352.6177826948738,404.7325757177729,460.69943748975714,482.44672809499036,237.63940100573367,373.13122851398384,449.45524870706214,376.388449671829,458.9869757538317,476.9956311447239,423.0634943540836,484.4657469999198,447.590637938198,432.48264607723166,449.7295047018192,444.6617415965263,333.8659392943138,377.7754186169259,168.873301480482,406.6967771668967,390.2976182988019,426.76434303713023,275.4941377086339,419.73112079240207,491.39307802721515,280.3949113909326,448.36504269272217,472.2979277400564,368.84119628391505,389.0342116583279,344.7152788933313,431.2014235095146,486.6588397782695,370.4024123808801,387.95435675961147,404.3563762651335,375.49416309576804,351.7035188709086,445.1212841514171,433.5192005097892,440.20814262361387,483.4005049169395,444.67972235489185,455.23584994195147,249.37202376821,258.26159805678265,457.5872710511446,320.2581014390622,439.69542705652276,485.40682412874514,472.81773317041467,225.29902980249537,479.65482360267526,310.8367745706553,369.81970468190843,419.4319408651247,404.51935872340755,454.34143011525555,388.50896587637664,345.6560581841949,418.88029632584033,364.60997569186424,257.98169125154413,470.1523159072358,478.4488328568696,369.8126861375311,484.8461549436661,426.2345050126867,433.3601042284166,371.39987221614757,419.57819460169964,357.75488549577346,470.9975966161156,422.08290945986164,422.30108953634976,361.18211703972975,271.2586637620612,400.476786926399,391.107496337838,479.7341428560032,470.11691008348083,499.4837057940848,319.5625543191868,467.0966995473217,465.11471356252764,439.31002636646775,428.8159611924157,472.5722631190913,230.24069804663569,455.14956352476804,474.569996316524,334.59739819086997,483.21452986711125,308.2467997505207,381.15044984064366,453.37665046375633,451.83814870737655,403.38822324020947,484.1009762339129,483.9965328936817,482.9242587343196,429.67388920756576,61.75027685704651,421.4182572214672,404.62504518268406,478.63966884368193,371.3969398879254,426.0528490012698,376.280949069441,484.41174970514606,475.72303636256254,475.6559369027824,401.8316985171921,458.47827326214514,277.19619433471945,181.51441878338963,442.2761293080063,391.6820469656878,451.11137883558723,416.1573199177331,469.379001500189,302.85559799728486,395.9282001328432,399.5148977606685,286.7899230106988,450.25645507926504,430.0480676201229,404.64132926249766,414.8223653119731,382.5328415625477,467.17692821289654,480.4045374203017,492.3797209189242,329.0883662631307,404.8612698943025,432.28231633491157,483.24734570631495,480.73444702456567,198.58145076713973,407.80476954208996,369.21788750707884,370.19130298195404,426.6271761265375,399.610004837167,266.376083942933,438.3107239065258,484.33817668239504,402.1538754991247,247.66140357239925,476.33200455338556,431.64089290673553,428.23972663676807,427.73148331047287,334.4865107200414,469.074651338662,479.3910746615821,446.505101995546,361.46933629248616
4,25,436.9167019779112,474.26978275702595,327.10129148478165,435.0785552350792,451.6040492057316,341.54927281378747,337.3616113554747,439.9750990619974,478.0914480974228,435.63053212067155,457.41991802874435,406.09600217903494,443.76405650159387,441.20544405858357,435.6716127796319,330.54148060563415,380.6546436278985,396.99380356190284,360.0353377981305,383.5948221502253,465.1596302728582,449.7761740571596,447.2287890280938,464.10969913167537,451.1516518450493,152.93940708326784,382.52829541073527,465.216993743903,336.9957992154869,432.8718666577188,465.6852041579456,411.5329393492601,466.321380205053,417.2138798578107,449.915948523547,478.31780267096883,368.2506312839173,336.94470056440315,401.51244320248827,330.79650397800856,483.7537736946192,471.8126626999334,352.6177826948738,404.7325757177729,460.69943748975714,482.44672809499036,237.63940100573367,373.13122851398384,449.45524870706214,376.388449671829,458.9869757538317,476.9956311447239,423.0634943540836,484.4657469999198,447.590637938198,432.48264607723166,449.7295047018192,444.6617415965263,333.8659392943138,377.7754186169259,168.873301480482,406.6967771668967,390.2976182988019,426.76434303713023,275.4941377086339,419.73112079240207,491.39307802721515,280.3949113909326,448.36504269272217,472.2979277400564,368.84119628391505,389.0342116583279,344.7152788933313,431.2014235095146,486.6588397782695,370.4024123808801,387.95435675961147,404.3563762651335,375.49416309576804,351.7035188709086,445.1212841514171,433.5192005097892,440.20814262361387,483.4005049169395,444.67972235489185,455.23584994195147,249.37202376821,258.26159805678265,457.5872710511446,320.2581014390622,439.69542705652276,485.40682412874514,472.81773317041467,225.29902980249537,479.65482360267526,310.8367745706553,369.81970468190843,419.4319408651247,404.51935872340755,454.34143011525555,388.50896587637664,345.6560581841949,418.88029632584033,364.60997569186424,257.98169125154413,470.1523159072358,478.4488328568696,369.8126861375311,484.8461549436661,426.2345050126867,433.3601042284166,371.39987221614757,419.57819460169964,357.75488549577346,470.9975966161156,422.08290945986164,422.30108953634976,361.18211703972975,271.2586637620612,400.476786926399,391.107496337838,479.7341428560032,470.11691008348083,499.4837057940848,319.5625543191868,467.0966995473217,465.11471356252764,439.31002636646775,428.8159611924157,472.5722631190913,230.24069804663569,455.14956352476804,474.569996316524,334.59739819086997,483.21452986711125,308.2467997505207,381.15044984064366,453.37665046375633,451.83814870737655,403.38822324020947,484.1009762339129,483.9965328936817,482.9242587343196,429.67388920756576,61.75027685704651,421.4182572214672,404.62504518268406,478.63966884368193,371.3969398879254,426.0528490012698,376.280949069441,484.41174970514606,475.72303636256254,475.6559369027824,401.8316985171921,458.47827326214514,277.19619433471945,181.51441878338963,442.2761293080063,391.6820469656878,451.11137883558723,416.1573199177331,469.379001500189,302.85559799728486,395.9282001328432,399.5148977606685,286.7899230106988,450.25645507926504,430.0480676201229,404.64132926249766,414.8223653119731,382.5328415625477,467.17692821289654,480.4045374203017,492.3797209189242,329.0883662631307,404.8612698943025,432.28231633491157,483.24734570631495,480.73444702456567,198.58145076713973,407.80476954208996,369.21788750707884,370.19130298195404,426.6271761265375,399.610004837167,266.376083942933,438.3107239065258,484.33817668239504,402.1538754991247,247.66140357239925,476.33200455338556,431.64089290673553,428.23972663676807,427.73148331047287,334.4865107200414,469.074651338662,479.3910746615821,446.505101995546,361.46933629248616
4,26,436.9167019779112,474.26978275702595,327.10129148478165,435.0785552350792,451.6040492057316,341.54927281378747,337.3616113554747,439.9750990619974,478.0914480974228,435.63053212067155,457.41991802874435,406.09600217903494,443.76405650159387,441.20544405858357,435.6716127796319,330.54148060563415,380.6546436278985,396.99380356190284,360.0353377981305,383.5948221502253,465.1596302728582,449.7761740571596,447.2287890280938,464.10969913167537,451.1516518450493,152.93940708326784,382.52829541073527,465.216993743903,336.9957992154869,432.8718666577188,465.6852041579456,411.5329393492601,466.321380205053,417.2138798578107,449.915948523547,478.31780267096883,368.2506312839173,336.94470056440315,401.51244320248827,330.79650397800856,483.7537736946192,471.8126626999334,352.6177826948738,404.7325757177729,460.69943748975714,482.44672809499036,237.63940100573367,373.13122851398384,449.45524870706214,376.388449671829,458.9869757538317,476.9956311447239,423.0634943540836,484.4657469999198,447.590637938198,432.48264607723166,449.7295047018192,444.6617415965263,333.8659392943138,377.7754186169259,168.873301480482,406.6967771668967,390.2976182988019,426.76434303713023,275.4941377086339,419.73112079240207,491.39307802721515,280.3949113909326,448.36504269272217,472.2979277400564,368.84119628391505,389.0342116583279,344.7152788933313,431.2014235095146,486.6588397782695,370.4024123808801,387.95435675961147,404.3563762651335,375.49416309576804,351.7035188709086,445.1212841514171,433.5192005097892,440.20814262361387,483.4005049169395,444.67972235489185,455.23584994195147,249.37202376821,258.26159805678265,457.5872710511446,320.2581014390622,439.69542705652276,485.40682412874514,472.81773317041467,225.29902980249537,479.65482360267526,310.8367745706553,369.81970468190843,419.4319408651247,404.51935872340755,454.34143011525555,388.50896587637664,345.6560581841949,418.88029632584033,364.60997569186424,257.98169125154413,470.1523159072358,478.4488328568696,369.8126861375311,484.8461549436661,426.2345050126867,433.3601042284166,371.39987221614757,419.57819460169964,357.75488549577346,470.9975966161156,422.08290945986164,422.30108953634976,361.18211703972975,271.2586637620612,400.476786926399,391.107496337838,479.7341428560032,470.11691008348083,499.4837057940848,319.5625543191868,467.0966995473217,465.11471356252764,439.31002636646775,428.8159611924157,472.5722631190913,230.24069804663569,455.14956352476804,474.569996316524,334.59739819086997,483.21452986711125,308.2467997505207,381.15044984064366,453.37665046375633,451.83814870737655,403.38822324020947,484.1009762339129,483.9965328936817,482.9242587343196,429.67388920756576,61.75027685704651,421.4182572214672,404.62504518268406,478.63966884368193,371.3969398879254,426.0528490012698,376.280949069441,484.41174970514606,475.72303636256254,475.6559369027824,401.8316985171921,458.47827326214514,277.19619433471945,181.51441878338963,442.2761293080063,391.6820469656878,451.11137883558723,416.1573199177331,469.379001500189,302.85559799728486,395.9282001328432,399.5148977606685,286.7899230106988,450.25645507926504,430.0480676201229,404.64132926249766,414.8223653119731,382.5328415625477,467.17692821289654,480.4045374203017,492.3797209189242,329.0883662631307,404.8612698943025,432.28231633491157,483.24734570631495,480.73444702456567,198.58145076713973,407.80476954208996,369.21788750707884,370.19130298195404,426.6271761265375,399.610004837167,266.376083942933,438.3107239065258,484.33817668239504,402.1538754991247,247.66140357239925,476.33200455338556,431.64089290673553,428.23972663676807,427.73148331047287,334.4865107200414,469.074651338662,479.3910746615821,446.505101995546,361.46933629248616
4,27,436.9167019779112,474.26978275702595,327.10129148478165,435.0785552350792,451.6040492057316,341.54927281378747,337.3616113554747,439.9750990619974,478.0914480974228,435.63053212067155,457.41991802874435,406.09600217903494,443.76405650159387,441.20544405858357,435.6716127796319,330.54148060563415,380.6546436278985,396.99380356190284,360.0353377981305,383.5948221502253,465.1596302728582,449.7761740571596,447.2287890280938,464.10969913167537,451.1516518450493,152.93940708326784,382.52829541073527,465.216993743903,336.9957992154869,432.8718666577188,465.6852041579456,411.5329393492601,466.321380205053,417.2138798578107,449.915948523547,478.31780267096883,368.2506312839173,336.94470056440315,401.51244320248827,330.79650397800856,483.7537736946192,471.8126626999334,352.6177826948738,404.7325757177729,460.69943748975714,482.44672809499036,237.63940100573367,373.13122851398384,449.45524870706214,376.388449671829,458.9869757538317,476.9956311447239,423.0634943540836,484.4657469999198,447.590637938198,432.48264607723166,449.7295047018192,444.6617415965263,333.8659392943138,377.7754186169259,168.873301480482,406.6967771668967,390.2976182988019,426.76434303713023,275.4941377086339,419.73112079240207,491.39307802721515,280.3949113909326,448.36504269272217,472.2979277400564,368.84119628391505,389.0342116583279,344.7152788933313,431.2014235095146,486.6588397782695,370.4024123808801,387.95435675961147,404.3563762651335,375.49416309576804,351.7035188709086,445.1212841514171,433.5192005097892,440.20814262361387,483.4005049169395,444.67972235489185,455.23584994195147,249.37202376821,258.26159805678265,457.5872710511446,320.2581014390622,439.69542705652276,485.40682412874514,472.81773317041467,225.29902980249537,479.65482360267526,310.8367745706553,369.81970468190843,419.4319408651247,404.51935872340755,454.34143011525555,388.50896587637664,345.6560581841949,418.88029632584033,364.60997569186424,257.98169125154413,470.1523159072358,478.4488328568696,369.8126861375311,484.8461549436661,426.2345050126867,433.3601042284166,371.39987221614757,419.57819460169964,357.75488549577346,470.9975966161156,422.08290945986164,422.30108953634976,361.18211703972975,271.2586637620612,400.476786926399,391.107496337838,479.7341428560032,470.11691008348083,499.4837057940848,319.5625543191868,467.0966995473217,465.11471356252764,439.31002636646775,428.8159611924157,472.5722631190913,230.24069804663569,455.14956352476804,474.569996316524,334.59739819086997,483.21452986711125,308.2467997505207,381.15044984064366,453.37665046375633,451.83814870737655,403.38822324020947,484.1009762339129,483.9965328936817,482.9242587343196,429.67388920756576,61.75027685704651,421.4182572214672,404.62504518268406,478.63966884368193,371.3969398879254,426.0528490012698,376.280949069441,484.41174970514606,475.72303636256254,475.6559369027824,401.8316985171921,458.47827326214514,277.19619433471945,181.51441878338963,442.2761293080063,391.6820469656878,451.11137883558723,416.1573199177331,469.379001500189,302.85559799728486,395.9282001328432,399.5148977606685,286.7899230106988,450.25645507926504,430.0480676201229,404.64132926249766,414.8223653119731,382.5328415625477,467.17692821289654,480.4045374203017,492.3797209189242,329.0883662631307,404.8612698943025,432.28231633491157,483.24734570631495,480.73444702456567,198.58145076713973,407.80476954208996,369.21788750707884,370.19130298195404,426.6271761265375,399.610004837167,266.376083942933,438.3107239065258,484.33817668239504,402.1538754991247,247.66140357239925,476.33200455338556,431.64089290673553,428.23972663676807,427.73148331047287,334.4865107200414,469.074651338662,479.3910746615821,446.505101995546,361.46933629248616
4,28,436.9167019779112,474.26978275702595,327.10129148478165,435.0785552350792,451.6040492057316,341.54927281378747,337.3616113554747,439.9750990619974,478.0914480974228,435.63053212067155,457.41991802874435,406.09600217903494,443.76405650159387,441.20544405858357,435.6716127796319,330.54148060563415,380.6546436278985,396.99380356190284,360.0353377981305,383.5948221502253,465.1596302728582,449.7761740571596,447.2287890280938,464.10969913167537,451.1516518450493,152.93940708326784,382.52829541073527,465.216993743903,336.9957992154869,432.8718666577188,465.6852041579456,411.5329393492601,466.321380205053,417.2138798578107,449.915948523547,478.31780267096883,368.2506312839173,336.94470056440315,401.51244320248827,330.79650397800856,483.7537736946192,471.8126626999334,352.6177826948738,404.7325757177729,460.69943748975714,482.44672809499036,237.63940100573367,373.13122851398384,449.45524870706214,376.388449671829,458.9869757538317,476.9956311447239,423.0634943540836,484.4657469999198,447.590637938198,432.48264607723166,449.7295047018192,444.6617415965263,333.8659392943138,377.7754186169259,168.873301480482,406.6967771668967,390.2976182988019,426.76434303713023,275.4941377086339,419.73112079240207,491.39307802721515,280.3949113909326,448.36504269272217,472.2979277400564,368.84119628391505,389.0342116583279,344.7152788933313,431.2014235095146,486.6588397782695,370.4024123808801,387.95435675961147,404.3563762651335,375.49416309576804,351.7035188709086,445.1212841514171,433.5192005097892,440.20814262361387,483.4005049169395,444.67972235489185,455.23584994195147,249.37202376821,258.26159805678265,457.5872710511446,320.2581014390622,439.69542705652276,485.40682412874514,472.81773317041467,225.29902980249537,479.65482360267526,310.8367745706553,369.81970468190843,419.4319408651247,404.51935872340755,454.34143011525555,388.50896587637664,345.6560581841949,418.88029632584033,364.60997569186424,257.98169125154413,470.1523159072358,478.4488328568696,369.8126861375311,484.8461549436661,426.2345050126867,433.3601042284166,371.39987221614757,419.57819460169964,357.75488549577346,470.9975966161156,422.08290945986164,422.30108953634976,361.18211703972975,271.2586637620612,400.476786926399,391.107496337838,479.7341428560032,470.11691008348083,499.4837057940848,319.5625543191868,467.0966995473217,465.11471356252764,439.31002636646775,428.8159611924157,472.5722631190913,230.24069804663569,455.14956352476804,474.569996316524,334.59739819086997,483.21452986711125,308.2467997505207,381.15044984064366,453.37665046375633,451.83814870737655,403.38822324020947,484.1009762339129,483.9965328936817,482.9242587343196,429.67388920756576,61.75027685704651,421.4182572214672,404.62504518268406,478.63966884368193,371.3969398879254,426.0528490012698,376.280949069441,484.41174970514606,475.72303636256254,475.6559369027824,401.8316985171921,458.47827326214514,277.19619433471945,181.51441878338963,442.2761293080063,391.6820469656878,451.11137883558723,416.1573199177331,469.379001500189,302.85559799728486,395.9282001328432,399.5148977606685,286.7899230106988,450.25645507926504,430.0480676201229,404.64132926249766,414.8223653119731,382.5328415625477,467.17692821289654,480.4045374203017,492.3797209189242,329.0883662631307,404.8612698943025,432.28231633491157,483.24734570631495,480.73444702456567,198.58145076713973,407.80476954208996,369.21788750707884,370.19130298195404,426.6271761265375,399.610004837167,266.376083942933,438.3107239065258,484.33817668239504,402.1538754991247,247.66140357239925,476.33200455338556,431.64089290673553,428.23972663676807,427.73148331047287,334.4865107200414,469.074651338662,479.3910746615821,446.505101995546,361.46933629248616
4,29,436.9167019779112,474.26978275702595,327.10129148478165,435.0785552350792,451.6040492057316,341.54927281378747,337.3616113554747,439.9750990619974,478.0914480974228,435.63053212067155,457.41991802874435,406.09600217903494,443.76405650159387,441.20544405858357,435.6716127796319,330.54148060563415,380.6546436278985,396.99380356190284,360.0353377981305,383.5948221502253,465.1596302728582,449.7761740571596,447.2287890280938,464.10969913167537,451.1516518450493,152.93940708326784,382.52829541073527,465.216993743903,336.9957992154869,432.8718666577188,465.6852041579456,411.5329393492601,466.321380205053,417.2138798578107,449.915948523547,478.31780267096883,368.2506312839173,336.94470056440315,401.51244320248827,330.79650397800856,483.7537736946192,471.8126626999334,352.6177826948738,404.7325757177729,460.69943748975714,482.44672809499036,237.63940100573367,373.13122851398384,449.45524870706214,376.388449671829,458.9869757538317,476.9956311447239,423.0634943540836,484.4657469999198,447.590637938198,432.48264607723166,449.7295047018192,444.6617415965263,333.8659392943138,377.7754186169259,168.873301480482,406.6967771668967,390.2976182988019,426.76434303713023,275.4941377086339,419.73112079240207,491.39307802721515,280.3949113909326,448.36504269272217,472.2979277400564,368.84119628391505,389.0342116583279,344.7152788933313,431.2014235095146,486.6588397782695,370.4024123808801,387.95435675961147,404.3563762651335,375.49416309576804,351.7035188709086,445.1212841514171,433.5192005097892,440.20814262361387,483.4005049169395,444.67972235489185,455.23584994195147,249.37202376821,258.26159805678265,457.5872710511446,320.2581014390622,439.69542705652276,485.40682412874514,472.81773317041467,225.29902980249537,479.65482360267526,310.8367745706553,369.81970468190843,419.4319408651247,404.51935872340755,454.34143011525555,388.50896587637664,345.6560581841949,418.88029632584033,364.60997569186424,257.98169125154413,470.1523159072358,478.4488328568696,369.8126861375311,484.8461549436661,426.2345050126867,433.3601042284166,371.39987221614757,419.57819460169964,357.75488549577346,470.9975966161156,422.08290945986164,422.30108953634976,361.18211703972975,271.2586637620612,400.476786926399,391.107496337838,479.7341428560032,470.11691008348083,499.4837057940848,319.5625543191868,467.0966995473217,465.11471356252764,439.31002636646775,428.8159611924157,472.5722631190913,230.24069804663569,455.14956352476804,474.569996316524,334.59739819086997,483.21452986711125,308.2467997505207,381.15044984064366,453.37665046375633,451.83814870737655,403.38822324020947,484.1009762339129,483.9965328936817,482.9242587343196,429.67388920756576,61.75027685704651,421.4182572214672,404.62504518268406,478.63966884368193,371.3969398879254,426.0528490012698,376.280949069441,484.41174970514606,475.72303636256254,475.6559369027824,401.8316985171921,458.47827326214514,277.19619433471945,181.51441878338963,442.2761293080063,391.6820469656878,451.11137883558723,416.1573199177331,469.379001500189,302.85559799728486,395.9282001328432,399.5148977606685,286.7899230106988,450.25645507926504,430.0480676201229,404.64132926249766,414.8223653119731,382.5328415625477,467.17692821289654,480.4045374203017,492.3797209189242,329.0883662631307,404.8612698943025,432.28231633491157,483.24734570631495,480.73444702456567,198.58145076713973,407.80476954208996,369.21788750707884,370.19130298195404,426.6271761265375,399.610004837167,266.376083942933,438.3107239065258,484.33817668239504,402.1538754991247,247.66140357239925,476.33200455338556,431.64089290673553,428.23972663676807,427.73148331047287,334.4865107200414,469.074651338662,479.3910746615821,446.505101995546,361.46933629248616
4,30,436.9167019779112,474.26978275702595,327.10129148478165,435.0785552350792,451.6040492057316,341.54927281378747,337.3616113554747,439.9750990619974,478.0914480974228,435.63053212067155,457.41991802874435,406.09600217903494,443.76405650159387,441.20544405858357,435.6716127796319,330.54148060563415,380.6546436278985,396.99380356190284,360.0353377981305,383.5948221502253,465.1596302728582,449.7761740571596,447.2287890280938,464.10969913167537,451.1516518450493,152.93940708326784,382.52829541073527,465.216993743903,336.9957992154869,432.8718666577188,465.6852041579456,411.5329393492601,466.321380205053,417.2138798578107,449.915948523547,478.31780267096883,368.2506312839173,336.94470056440315,401.51244320248827,330.79650397800856,483.7537736946192,471.8126626999334,352.6177826948738,404.7325757177729,460.69943748975714,482.44672809499036,237.63940100573367,373.13122851398384,449.45524870706214,376.388449671829,458.9869757538317,476.9956311447239,423.0634943540836,484.4657469999198,447.590637938198,432.48264607723166,449.7295047018192,444.6617415965263,333.8659392943138,377.7754186169259,168.873301480482,406.6967771668967,390.2976182988019,426.76434303713023,275.4941377086339,419.73112079240207,491.39307802721515,280.3949113909326,448.36504269272217,472.2979277400564,368.84119628391505,389.0342116583279,344.7152788933313,431.2014235095146,486.6588397782695,370.4024123808801,387.95435675961147,404.3563762651335,375.49416309576804,351.7035188709086,445.1212841514171,433.5192005097892,440.20814262361387,483.4005049169395,444.67972235489185,455.23584994195147,249.37202376821,258.26159805678265,457.5872710511446,320.2581014390622,439.69542705652276,485.40682412874514,472.81773317041467,225.29902980249537,479.65482360267526,310.8367745706553,369.81970468190843,419.4319408651247,404.51935872340755,454.34143011525555,388.50896587637664,345.6560581841949,418.88029632584033,364.60997569186424,257.98169125154413,470.1523159072358,478.4488328568696,369.8126861375311,484.8461549436661,426.2345050126867,433.3601042284166,371.39987221614757,419.57819460169964,357.75488549577346,470.9975966161156,422.08290945986164,422.30108953634976,361.18211703972975,271.2586637620612,400.476786926399,391.107496337838,479.7341428560032,470.11691008348083,499.4837057940848,319.5625543191868,467.0966995473217,465.11471356252764,439.31002636646775,428.8159611924157,472.5722631190913,230.24069804663569,455.14956352476804,474.569996316524,334.59739819086997,483.21452986711125,308.2467997505207,381.15044984064366,453.37665046375633,451.83814870737655,403.38822324020947,484.1009762339129,483.9965328936817,482.9242587343196,429.67388920756576,61.75027685704651,421.4182572214672,404.62504518268406,478.63966884368193,371.3969398879254,426.0528490012698,376.280949069441,484.41174970514606,475.72303636256254,475.6559369027824,401.8316985171921,458.47827326214514,277.19619433471945,181.51441878338963,442.2761293080063,391.6820469656878,451.11137883558723,416.1573199177331,469.379001500189,302.85559799728486,395.9282001328432,399.5148977606685,286.7899230106988,450.25645507926504,430.0480676201229,404.64132926249766,414.8223653119731,382.5328415625477,467.17692821289654,480.4045374203017,492.3797209189242,329.0883662631307,404.8612698943025,432.28231633491157,483.24734570631495,480.73444702456567,198.58145076713973,407.80476954208996,369.21788750707884,370.19130298195404,426.6271761265375,399.610004837167,266.376083942933,438.3107239065258,484.33817668239504,402.1538754991247,247.66140357239925,476.33200455338556,431.64089290673553,428.23972663676807,427.73148331047287,334.4865107200414,469.074651338662,479.3910746615821,446.505101995546,361.46933629248616
4,31,436.9167019779112,474.26978275702595,327.10129148478165,435.0785552350792,451.6040492057316,341.54927281378747,337.3616113554747,439.9750990619974,478.0914480974228,435.63053212067155,457.41991802874435,406.09600217903494,443.76405650159387,441.20544405858357,435.6716127796319,330.54148060563415,380.6546436278985,396.99380356190284,360.0353377981305,383.5948221502253,465.1596302728582,449.7761740571596,447.2287890280938,464.10969913167537,451.1516518450493,152.93940708326784,382.52829541073527,465.216993743903,336.9957992154869,432.8718666577188,465.6852041579456,411.5329393492601,466.321380205053,417.2138798578107,449.915948523547,478.31780267096883,368.2506312839173,336.94470056440315,401.51244320248827,330.79650397800856,483.7537736946192,471.8126626999334,352.6177826948738,404.7325757177729,460.69943748975714,482.44672809499036,237.63940100573367,373.13122851398384,449.45524870706214,376.388449671829,458.9869757538317,476.9956311447239,423.0634943540836,484.4657469999198,447.590637938198,432.48264607723166,449.7295047018192,444.6617415965263,333.8659392943138,377.7754186169259,168.873301480482,406.6967771668967,390.2976182988019,426.76434303713023,275.4941377086339,419.73112079240207,491.39307802721515,280.3949113909326,448.36504269272217,472.2979277400564,368.84119628391505,389.0342116583279,344.7152788933313,431.2014235095146,486.6588397782695,370.4024123808801,387.95435675961147,404.3563762651335,375.49416309576804,351.7035188709086,445.1212841514171,433.5192005097892,440.20814262361387,483.4005049169395,444.67972235489185,455.23584994195147,249.37202376821,258.26159805678265,457.5872710511446,320.2581014390622,439.69542705652276,485.40682412874514,472.81773317041467,225.29902980249537,479.65482360267526,310.8367745706553,369.81970468190843,419.4319408651247,404.51935872340755,454.34143011525555,388.50896587637664,345.6560581841949,418.88029632584033,364.60997569186424,257.98169125154413,470.1523159072358,478.4488328568696,369.8126861375311,484.8461549436661,426.2345050126867,433.3601042284166,371.39987221614757,419.57819460169964,357.75488549577346,470.9975966161156,422.08290945986164,422.30108953634976,361.18211703972975,271.2586637620612,400.476786926399,391.107496337838,479.7341428560032,470.11691008348083,499.4837057940848,319.5625543191868,467.0966995473217,465.11471356252764,439.31002636646775,428.8159611924157,472.5722631190913,230.24069804663569,455.14956352476804,474.569996316524,334.59739819086997,483.21452986711125,308.2467997505207,381.15044984064366,453.37665046375633,451.83814870737655,403.38822324020947,484.1009762339129,483.9965328936817,482.9242587343196,429.67388920756576,61.75027685704651,421.4182572214672,404.62504518268406,478.63966884368193,371.3969398879254,426.0528490012698,376.280949069441,484.41174970514606,475.72303636256254,475.6559369027824,401.8316985171921,458.47827326214514,277.19619433471945,181.51441878338963,442.2761293080063,391.6820469656878,451.11137883558723,416.1573199177331,469.379001500189,302.85559799728486,395.9282001328432,399.5148977606685,286.7899230106988,450.25645507926504,430.0480676201229,404.64132926249766,414.8223653119731,382.5328415625477,467.17692821289654,480.4045374203017,492.3797209189242,329.0883662631307,404.8612698943025,432.28231633491157,483.24734570631495,480.73444702456567,198.58145076713973,407.80476954208996,369.21788750707884,370.19130298195404,426.6271761265375,399.610004837167,266.376083942933,438.3107239065258,484.33817668239504,402.1538754991247,247.66140357239925,476.33200455338556,431.64089290673553,428.23972663676807,427.73148331047287,334.4865107200414,469.074651338662,479.3910746615821,446.505101995546,361.46933629248616
4,32,436.9167019779112,474.26978275702595,327.10129148478165,435.0785552350792,451.6040492057316,341.54927281378747,337.3616113554747,439.9750990619974,478.0914480974228,435.63053212067155,457.41991802874435,406.09600217903494,443.76405650159387,441.20544405858357,435.6716127796319,330.54148060563415,380.6546436278985,396.99380356190284,360.0353377981305,383.5948221502253,465.1596302728582,449.7761740571596,447.2287890280938,464.10969913167537,451.1516518450493,152.93940708326784,382.52829541073527,465.216993743903,336.9957992154869,432.8718666577188,465.6852041579456,411.5329393492601,466.321380205053,417.2138798578107,449.915948523547,478.31780267096883,368.2506312839173,336.94470056440315,401.51244320248827,330.79650397800856,483.7537736946192,471.8126626999334,352.6177826948738,404.7325757177729,460.69943748975714,482.44672809499036,237.63940100573367,373.13122851398384,449.45524870706214,376.388449671829,458.9869757538317,476.9956311447239,423.0634943540836,484.4657469999198,447.590637938198,432.48264607723166,449.7295047018192,444.6617415965263,333.8659392943138,377.7754186169259,168.873301480482,406.6967771668967,390.2976182988019,426.76434303713023,275.4941377086339,419.73112079240207,491.39307802721515,280.3949113909326,448.36504269272217,472.2979277400564,368.84119628391505,389.0342116583279,344.7152788933313,431.2014235095146,486.6588397782695,370.4024123808801,387.95435675961147,404.3563762651335,375.49416309576804,351.7035188709086,445.1212841514171,433.5192005097892,440.20814262361387,483.4005049169395,444.67972235489185,455.23584994195147,249.37202376821,258.26159805678265,457.5872710511446,320.2581014390622,439.69542705652276,485.40682412874514,472.81773317041467,225.29902980249537,479.65482360267526,310.8367745706553,369.81970468190843,419.4319408651247,404.51935872340755,454.34143011525555,388.50896587637664,345.6560581841949,418.88029632584033,364.60997569186424,257.98169125154413,470.1523159072358,478.4488328568696,369.8126861375311,484.8461549436661,426.2345050126867,433.3601042284166,371.39987221614757,419.57819460169964,357.75488549577346,470.9975966161156,422.08290945986164,422.30108953634976,361.18211703972975,271.2586637620612,400.476786926399,391.107496337838,479.7341428560032,470.11691008348083,499.4837057940848,319.5625543191868,467.0966995473217,465.11471356252764,439.31002636646775,428.8159611924157,472.5722631190913,230.24069804663569,455.14956352476804,474.569996316524,334.59739819086997,483.21452986711125,308.2467997505207,381.15044984064366,453.37665046375633,451.83814870737655,403.38822324020947,484.1009762339129,483.9965328936817,482.9242587343196,429.67388920756576,61.75027685704651,421.4182572214672,404.62504518268406,478.63966884368193,371.3969398879254,426.0528490012698,376.280949069441,484.41174970514606,475.72303636256254,475.6559369027824,401.8316985171921,458.47827326214514,277.19619433471945,181.51441878338963,442.2761293080063,391.6820469656878,451.11137883558723,416.1573199177331,469.379001500189,302.85559799728486,395.9282001328432,399.5148977606685,286.7899230106988,450.25645507926504,430.0480676201229,404.64132926249766,414.8223653119731,382.5328415625477,467.17692821289654,480.4045374203017,492.3797209189242,329.0883662631307,404.8612698943025,432.28231633491157,483.24734570631495,480.73444702456567,198.58145076713973,407.80476954208996,369.21788750707884,370.19130298195404,426.6271761265375,399.610004837167,266.376083942933,438.3107239065258,484.33817668239504,402.1538754991247,247.66140357239925,476.33200455338556,431.64089290673553,428.23972663676807,427.73148331047287,334.4865107200414,469.074651338662,479.3910746615821,446.505101995546,361.46933629248616
4,33,436.9167019779112,474.26978275702595,327.10129148478165,435.0785552350792,451.6040492057316,341.54927281378747,337.3616113554747,439.9750990619974,478.0914480974228,435.63053212067155,457.41991802874435,406.09600217903494,443.76405650159387,441.20544405858357,435.6716127796319,330.54148060563415,380.6546436278985,396.99380356190284,360.0353377981305,383.5948221502253,465.1596302728582,449.7761740571596,447.2287890280938,464.10969913167537,451.1516518450493,152.93940708326784,382.52829541073527,465.216993743903,336.9957992154869,432.8718666577188,465.6852041579456,411.5329393492601,466.321380205053,417.2138798578107,449.915948523547,478.31780267096883,368.2506312839173,336.94470056440315,401.51244320248827,330.79650397800856,483.7537736946192,471.8126626999334,352.6177826948738,404.7325757177729,460.69943748975714,482.44672809499036,237.63940100573367,373.13122851398384,449.45524870706214,376.388449671829,458.9869757538317,476.9956311447239,423.0634943540836,484.4657469999198,447.590637938198,432.48264607723166,449.7295047018192,444.6617415965263,333.8659392943138,377.7754186169259,168.873301480482,406.6967771668967,390.2976182988019,426.76434303713023,275.4941377086339,419.73112079240207,491.39307802721515,280.3949113909326,448.36504269272217,472.2979277400564,368.84119628391505,389.0342116583279,344.7152788933313,431.2014235095146,486.6588397782695,370.4024123808801,387.95435675961147,404.3563762651335,375.49416309576804,351.7035188709086,445.1212841514171,433.5192005097892,440.20814262361387,483.4005049169395,444.67972235489185,455.23584994195147,249.37202376821,258.26159805678265,457.5872710511446,320.2581014390622,439.69542705652276,485.40682412874514,472.81773317041467,225.29902980249537,479.65482360267526,310.8367745706553,369.81970468190843,419.4319408651247,404.51935872340755,454.34143011525555,388.50896587637664,345.6560581841949,418.88029632584033,364.60997569186424,257.98169125154413,470.1523159072358,478.4488328568696,369.8126861375311,484.8461549436661,426.2345050126867,433.3601042284166,371.39987221614757,419.57819460169964,357.75488549577346,470.9975966161156,422.08290945986164,422.30108953634976,361.18211703972975,271.2586637620612,400.476786926399,391.107496337838,479.7341428560032,470.11691008348083,499.4837057940848,319.5625543191868,467.0966995473217,465.11471356252764,439.31002636646775,428.8159611924157,472.5722631190913,230.24069804663569,455.14956352476804,474.569996316524,334.59739819086997,483.21452986711125,308.2467997505207,381.15044984064366,453.37665046375633,451.83814870737655,403.38822324020947,484.1009762339129,483.9965328936817,482.9242587343196,429.67388920756576,61.75027685704651,421.4182572214672,404.62504518268406,478.63966884368193,371.3969398879254,426.0528490012698,376.280949069441,484.41174970514606,475.72303636256254,475.6559369027824,401.8316985171921,458.47827326214514,277.19619433471945,181.51441878338963,442.2761293080063,391.6820469656878,451.11137883558723,416.1573199177331,469.379001500189,302.85559799728486,395.9282001328432,399.5148977606685,286.7899230106988,450.25645507926504,430.0480676201229,404.64132926249766,414.8223653119731,382.5328415625477,467.17692821289654,480.4045374203017,492.3797209189242,329.0883662631307,404.8612698943025,432.28231633491157,483.24734570631495,480.73444702456567,198.58145076713973,407.80476954208996,369.21788750707884,370.19130298195404,426.6271761265375,399.610004837167,266.376083942933,438.3107239065258,484.33817668239504,402.1538754991247,247.66140357239925,476.33200455338556,431.64089290673553,428.23972663676807,427.73148331047287,334.4865107200414,469.074651338662,479.3910746615821,446.505101995546,361.46933629248616
4,34,436.9167019779112,474.26978275702595,327.10129148478165,435.0785552350792,451.6040492057316,341.54927281378747,337.3616113554747,439.9750990619974,478.0914480974228,435.63053212067155,457.41991802874435,406.09600217903494,443.76405650159387,441.20544405858357,435.6716127796319,330.54148060563415,380.6546436278985,396.99380356190284,360.0353377981305,383.5948221502253,465.1596302728582,449.7761740571596,447.2287890280938,464.10969913167537,451.1516518450493,152.93940708326784,382.52829541073527,465.216993743903,336.9957992154869,432.8718666577188,465.6852041579456,411.5329393492601,466.321380205053,417.2138798578107,449.915948523547,478.31780267096883,368.2506312839173,336.94470056440315,401.51244320248827,330.79650397800856,483.7537736946192,471.8126626999334,352.6177826948738,404.7325757177729,460.69943748975714,482.44672809499036,237.63940100573367,373.13122851398384,449.45524870706214,376.388449671829,458.9869757538317,476.9956311447239,423.0634943540836,484.4657469999198,447.590637938198,432.48264607723166,449.7295047018192,444.6617415965263,333.8659392943138,377.7754186169259,168.873301480482,406.6967771668967,390.2976182988019,426.76434303713023,275.4941377086339,419.73112079240207,491.39307802721515,280.3949113909326,448.36504269272217,472.2979277400564,368.84119628391505,389.0342116583279,344.7152788933313,431.2014235095146,486.6588397782695,370.4024123808801,387.95435675961147,404.3563762651335,375.49416309576804,351.7035188709086,445.1212841514171,433.5192005097892,440.20814262361387,483.4005049169395,444.67972235489185,455.23584994195147,249.37202376821,258.26159805678265,457.5872710511446,320.2581014390622,439.69542705652276,485.40682412874514,472.81773317041467,225.29902980249537,479.65482360267526,310.8367745706553,369.81970468190843,419.4319408651247,404.51935872340755,454.34143011525555,388.50896587637664,345.6560581841949,418.88029632584033,364.60997569186424,257.98169125154413,470.1523159072358,478.4488328568696,369.8126861375311,484.8461549436661,426.2345050126867,433.3601042284166,371.39987221614757,419.57819460169964,357.75488549577346,470.9975966161156,422.08290945986164,422.30108953634976,361.18211703972975,271.2586637620612,400.476786926399,391.107496337838,479.7341428560032,470.11691008348083,499.4837057940848,319.5625543191868,467.0966995473217,465.11471356252764,439.31002636646775,428.8159611924157,472.5722631190913,230.24069804663569,455.14956352476804,474.569996316524,334.59739819086997,483.21452986711125,308.2467997505207,381.15044984064366,453.37665046375633,451.83814870737655,403.38822324020947,484.1009762339129,483.9965328936817,482.9242587343196,429.67388920756576,61.75027685704651,421.4182572214672,404.62504518268406,478.63966884368193,371.3969398879254,426.0528490012698,376.280949069441,484.41174970514606,475.72303636256254,475.6559369027824,401.8316985171921,458.47827326214514,277.19619433471945,181.51441878338963,442.2761293080063,391.6820469656878,451.11137883558723,416.1573199177331,469.379001500189,302.85559799728486,395.9282001328432,399.5148977606685,286.7899230106988,450.25645507926504,430.0480676201229,404.64132926249766,414.8223653119731,382.5328415625477,467.17692821289654,480.4045374203017,492.3797209189242,329.0883662631307,404.8612698943025,432.28231633491157,483.24734570631495,480.73444702456567,198.58145076713973,407.80476954208996,369.21788750707884,370.19130298195404,426.6271761265375,399.610004837167,266.376083942933,438.3107239065258,484.33817668239504,402.1538754991247,247.66140357239925,476.33200455338556,431.64089290673553,428.23972663676807,427.73148331047287,334.4865107200414,469.074651338662,479.3910746615821,446.505101995546,361.46933629248616
4,35,436.9167019779112,474.26978275702595,327.10129148478165,435.0785552350792,451.6040492057316,341.54927281378747,337.3616113554747,439.9750990619974,478.0914480974228,435.63053212067155,457.41991802874435,406.09600217903494,443.76405650159387,441.20544405858357,435.6716127796319,330.54148060563415,380.6546436278985,396.99380356190284,360.0353377981305,383.5948221502253,465.1596302728582,449.7761740571596,447.2287890280938,464.10969913167537,451.1516518450493,152.93940708326784,382.52829541073527,465.216993743903,336.9957992154869,432.8718666577188,465.6852041579456,411.5329393492601,466.321380205053,417.2138798578107,449.915948523547,478.31780267096883,368.2506312839173,336.94470056440315,401.51244320248827,330.79650397800856,483.7537736946192,471.8126626999334,352.6177826948738,404.7325757177729,460.69943748975714,482.44672809499036,237.63940100573367,373.13122851398384,449.45524870706214,376.388449671829,458.9869757538317,476.9956311447239,423.0634943540836,484.4657469999198,447.590637938198,432.48264607723166,449.7295047018192,444.6617415965263,333.8659392943138,377.7754186169259,168.873301480482,406.6967771668967,390.2976182988019,426.76434303713023,275.4941377086339,419.73112079240207,491.39307802721515,280.3949113909326,448.36504269272217,472.2979277400564,368.84119628391505,389.0342116583279,344.7152788933313,431.2014235095146,486.6588397782695,370.4024123808801,387.95435675961147,404.3563762651335,375.49416309576804,351.7035188709086,445.1212841514171,433.5192005097892,440.20814262361387,483.4005049169395,444.67972235489185,455.23584994195147,249.37202376821,258.26159805678265,457.5872710511446,320.2581014390622,439.69542705652276,485.40682412874514,472.81773317041467,225.29902980249537,479.65482360267526,310.8367745706553,369.81970468190843,419.4319408651247,404.51935872340755,454.34143011525555,388.50896587637664,345.6560581841949,418.88029632584033,364.60997569186424,257.98169125154413,470.1523159072358,478.4488328568696,369.8126861375311,484.8461549436661,426.2345050126867,433.3601042284166,371.39987221614757,419.57819460169964,357.75488549577346,470.9975966161156,422.08290945986164,422.30108953634976,361.18211703972975,271.2586637620612,400.476786926399,391.107496337838,479.7341428560032,470.11691008348083,499.4837057940848,319.5625543191868,467.0966995473217,465.11471356252764,439.31002636646775,428.8159611924157,472.5722631190913,230.24069804663569,455.14956352476804,474.569996316524,334.59739819086997,483.21452986711125,308.2467997505207,381.15044984064366,453.37665046375633,451.83814870737655,403.38822324020947,484.1009762339129,483.9965328936817,482.9242587343196,429.67388920756576,61.75027685704651,421.4182572214672,404.62504518268406,478.63966884368193,371.3969398879254,426.0528490012698,376.280949069441,484.41174970514606,475.72303636256254,475.6559369027824,401.8316985171921,458.47827326214514,277.19619433471945,181.51441878338963,442.2761293080063,391.6820469656878,451.11137883558723,416.1573199177331,469.379001500189,302.85559799728486,395.9282001328432,399.5148977606685,286.7899230106988,450.25645507926504,430.0480676201229,404.64132926249766,414.8223653119731,382.5328415625477,467.17692821289654,480.4045374203017,492.3797209189242,329.0883662631307,404.8612698943025,432.28231633491157,483.24734570631495,480.73444702456567,198.58145076713973,407.80476954208996,369.21788750707884,370.19130298195404,426.6271761265375,399.610004837167,266.376083942933,438.3107239065258,484.33817668239504,402.1538754991247,247.66140357239925,476.33200455338556,431.64089290673553,428.23972663676807,427.73148331047287,334.4865107200414,469.074651338662,479.3910746615821,446.505101995546,361.46933629248616
4,36,436.9167019779112,474.26978275702595,327.10129148478165,435.0785552350792,451.6040492057316,341.54927281378747,337.3616113554747,439.9750990619974,478.0914480974228,435.63053212067155,457.41991802874435,406.09600217903494,443.76405650159387,441.20544405858357,435.6716127796319,330.54148060563415,380.6546436278985,396.99380356190284,360.0353377981305,383.5948221502253,465.1596302728582,449.7761740571596,447.2287890280938,464.10969913167537,451.1516518450493,152.93940708326784,382.52829541073527,465.216993743903,336.9957992154869,432.8718666577188,465.6852041579456,411.5329393492601,466.321380205053,417.2138798578107,449.915948523547,478.31780267096883,368.2506312839173,336.94470056440315,401.51244320248827,330.79650397800856,483.7537736946192,471.8126626999334,352.6177826948738,404.7325757177729,460.69943748975714,482.44672809499036,237.63940100573367,373.13122851398384,449.45524870706214,376.388449671829,458.9869757538317,476.9956311447239,423.0634943540836,484.4657469999198,447.590637938198,432.48264607723166,449.7295047018192,444.6617415965263,333.8659392943138,377.7754186169259,168.873301480482,406.6967771668967,390.2976182988019,426.76434303713023,275.4941377086339,419.73112079240207,491.39307802721515,280.3949113909326,448.36504269272217,472.2979277400564,368.84119628391505,389.0342116583279,344.7152788933313,431.2014235095146,486.6588397782695,370.4024123808801,387.95435675961147,404.3563762651335,375.49416309576804,351.7035188709086,445.1212841514171,433.5192005097892,440.20814262361387,483.4005049169395,444.67972235489185,455.23584994195147,249.37202376821,258.26159805678265,457.5872710511446,320.2581014390622,439.69542705652276,485.40682412874514,472.81773317041467,225.29902980249537,479.65482360267526,310.8367745706553,369.81970468190843,419.4319408651247,404.51935872340755,454.34143011525555,388.50896587637664,345.6560581841949,418.88029632584033,364.60997569186424,257.98169125154413,470.1523159072358,478.4488328568696,369.8126861375311,484.8461549436661,426.2345050126867,433.3601042284166,371.39987221614757,419.57819460169964,357.75488549577346,470.9975966161156,422.08290945986164,422.30108953634976,361.18211703972975,271.2586637620612,400.476786926399,391.107496337838,479.7341428560032,470.11691008348083,499.4837057940848,319.5625543191868,467.0966995473217,465.11471356252764,439.31002636646775,428.8159611924157,472.5722631190913,230.24069804663569,455.14956352476804,474.569996316524,334.59739819086997,483.21452986711125,308.2467997505207,381.15044984064366,453.37665046375633,451.83814870737655,403.38822324020947,484.1009762339129,483.9965328936817,482.9242587343196,429.67388920756576,61.75027685704651,421.4182572214672,404.62504518268406,478.63966884368193,371.3969398879254,426.0528490012698,376.280949069441,484.41174970514606,475.72303636256254,475.6559369027824,401.8316985171921,458.47827326214514,277.19619433471945,181.51441878338963,442.2761293080063,391.6820469656878,451.11137883558723,416.1573199177331,469.379001500189,302.85559799728486,395.9282001328432,399.5148977606685,286.7899230106988,450.25645507926504,430.0480676201229,404.64132926249766,414.8223653119731,382.5328415625477,467.17692821289654,480.4045374203017,492.3797209189242,329.0883662631307,404.8612698943025,432.28231633491157,483.24734570631495,480.73444702456567,198.58145076713973,407.80476954208996,369.21788750707884,370.19130298195404,426.6271761265375,399.610004837167,266.376083942933,438.3107239065258,484.33817668239504,402.1538754991247,247.66140357239925,476.33200455338556,431.64089290673553,428.23972663676807,427.73148331047287,334.4865107200414,469.074651338662,479.3910746615821,446.505101995546,361.46933629248616
4,37,436.9167019779112,474.26978275702595,327.10129148478165,435.0785552350792,451.6040492057316,341.54927281378747,337.3616113554747,439.9750990619974,478.0914480974228,435.63053212067155,457.41991802874435,406.09600217903494,443.76405650159387,441.20544405858357,435.6716127796319,330.54148060563415,380.6546436278985,396.99380356190284,360.0353377981305,383.5948221502253,465.1596302728582,449.7761740571596,447.2287890280938,464.10969913167537,451.1516518450493,152.93940708326784,382.52829541073527,465.216993743903,336.9957992154869,432.8718666577188,465.6852041579456,411.5329393492601,466.321380205053,417.2138798578107,449.915948523547,478.31780267096883,368.2506312839173,336.94470056440315,401.51244320248827,330.79650397800856,483.7537736946192,471.8126626999334,352.6177826948738,404.7325757177729,460.69943748975714,482.44672809499036,237.63940100573367,373.13122851398384,449.45524870706214,376.388449671829,458.9869757538317,476.9956311447239,423.0634943540836,484.4657469999198,447.590637938198,432.48264607723166,449.7295047018192,444.6617415965263,333.8659392943138,377.7754186169259,168.873301480482,406.6967771668967,390.2976182988019,426.76434303713023,275.4941377086339,419.73112079240207,491.39307802721515,280.3949113909326,448.36504269272217,472.2979277400564,368.84119628391505,389.0342116583279,344.7152788933313,431.2014235095146,486.6588397782695,370.4024123808801,387.95435675961147,404.3563762651335,375.49416309576804,351.7035188709086,445.1212841514171,433.5192005097892,440.20814262361387,483.4005049169395,444.67972235489185,455.23584994195147,249.37202376821,258.26159805678265,457.5872710511446,320.2581014390622,439.69542705652276,485.40682412874514,472.81773317041467,225.29902980249537,479.65482360267526,310.8367745706553,369.81970468190843,419.4319408651247,404.51935872340755,454.34143011525555,388.50896587637664,345.6560581841949,418.88029632584033,364.60997569186424,257.98169125154413,470.1523159072358,478.4488328568696,369.8126861375311,484.8461549436661,426.2345050126867,433.3601042284166,371.39987221614757,419.57819460169964,357.75488549577346,470.9975966161156,422.08290945986164,422.30108953634976,361.18211703972975,271.2586637620612,400.476786926399,391.107496337838,479.7341428560032,470.11691008348083,499.4837057940848,319.5625543191868,467.0966995473217,465.11471356252764,439.31002636646775,428.8159611924157,472.5722631190913,230.24069804663569,455.14956352476804,474.569996316524,334.59739819086997,483.21452986711125,308.2467997505207,381.15044984064366,453.37665046375633,451.83814870737655,403.38822324020947,484.1009762339129,483.9965328936817,482.9242587343196,429.67388920756576,61.75027685704651,421.4182572214672,404.62504518268406,478.63966884368193,371.3969398879254,426.0528490012698,376.280949069441,484.41174970514606,475.72303636256254,475.6559369027824,401.8316985171921,458.47827326214514,277.19619433471945,181.51441878338963,442.2761293080063,391.6820469656878,451.11137883558723,416.1573199177331,469.379001500189,302.85559799728486,395.9282001328432,399.5148977606685,286.7899230106988,450.25645507926504,430.0480676201229,404.64132926249766,414.8223653119731,382.5328415625477,467.17692821289654,480.4045374203017,492.3797209189242,329.0883662631307,404.8612698943025,432.28231633491157,483.24734570631495,480.73444702456567,198.58145076713973,407.80476954208996,369.21788750707884,370.19130298195404,426.6271761265375,399.610004837167,266.376083942933,438.3107239065258,484.33817668239504,402.1538754991247,247.66140357239925,476.33200455338556,431.64089290673553,428.23972663676807,427.73148331047287,334.4865107200414,469.074651338662,479.3910746615821,446.505101995546,361.46933629248616
4,38,436.9167019779112,474.26978275702595,327.10129148478165,435.0785552350792,451.6040492057316,341.54927281378747,337.3616113554747,439.9750990619974,478.0914480974228,435.63053212067155,457.41991802874435,406.09600217903494,443.76405650159387,441.20544405858357,435.6716127796319,330.54148060563415,380.6546436278985,396.99380356190284,360.0353377981305,383.5948221502253,465.1596302728582,449.7761740571596,447.2287890280938,464.10969913167537,451.1516518450493,152.93940708326784,382.52829541073527,465.216993743903,336.9957992154869,432.8718666577188,465.6852041579456,411.5329393492601,466.321380205053,417.2138798578107,449.915948523547,478.31780267096883,368.2506312839173,336.94470056440315,401.51244320248827,330.79650397800856,483.7537736946192,471.8126626999334,352.6177826948738,404.7325757177729,460.69943748975714,482.44672809499036,237.63940100573367,373.13122851398384,449.45524870706214,376.388449671829,458.9869757538317,476.9956311447239,423.0634943540836,484.4657469999198,447.590637938198,432.48264607723166,449.7295047018192,444.6617415965263,333.8659392943138,377.7754186169259,168.873301480482,406.6967771668967,390.2976182988019,426.76434303713023,275.4941377086339,419.73112079240207,491.39307802721515,280.3949113909326,448.36504269272217,472.2979277400564,368.84119628391505,389.0342116583279,344.7152788933313,431.2014235095146,486.6588397782695,370.4024123808801,387.95435675961147,404.3563762651335,375.49416309576804,351.7035188709086,445.1212841514171,433.5192005097892,440.20814262361387,483.4005049169395,444.67972235489185,455.23584994195147,249.37202376821,258.26159805678265,457.5872710511446,320.2581014390622,439.69542705652276,485.40682412874514,472.81773317041467,225.29902980249537,479.65482360267526,310.8367745706553,369.81970468190843,419.4319408651247,404.51935872340755,454.34143011525555,388.50896587637664,345.6560581841949,418.88029632584033,364.60997569186424,257.98169125154413,470.1523159072358,478.4488328568696,369.8126861375311,484.8461549436661,426.2345050126867,433.3601042284166,371.39987221614757,419.57819460169964,357.75488549577346,470.9975966161156,422.08290945986164,422.30108953634976,361.18211703972975,271.2586637620612,400.476786926399,391.107496337838,479.7341428560032,470.11691008348083,499.4837057940848,319.5625543191868,467.0966995473217,465.11471356252764,439.31002636646775,428.8159611924157,472.5722631190913,230.24069804663569,455.14956352476804,474.569996316524,334.59739819086997,483.21452986711125,308.2467997505207,381.15044984064366,453.37665046375633,451.83814870737655,403.38822324020947,484.1009762339129,483.9965328936817,482.9242587343196,429.67388920756576,61.75027685704651,421.4182572214672,404.62504518268406,478.63966884368193,371.3969398879254,426.0528490012698,376.280949069441,484.41174970514606,475.72303636256254,475.6559369027824,401.8316985171921,458.47827326214514,277.19619433471945,181.51441878338963,442.2761293080063,391.6820469656878,451.11137883558723,416.1573199177331,469.379001500189,302.85559799728486,395.9282001328432,399.5148977606685,286.7899230106988,450.25645507926504,430.0480676201229,404.64132926249766,414.8223653119731,382.5328415625477,467.17692821289654,480.4045374203017,492.3797209189242,329.0883662631307,404.8612698943025,432.28231633491157,483.24734570631495,480.73444702456567,198.58145076713973,407.80476954208996,369.21788750707884,370.19130298195404,426.6271761265375,399.610004837167,266.376083942933,438.3107239065258,484.33817668239504,402.1538754991247,247.66140357239925,476.33200455338556,431.64089290673553,428.23972663676807,427.73148331047287,334.4865107200414,469.074651338662,479.3910746615821,446.505101995546,361.46933629248616
4,39,436.9167019779112,474.26978275702595,327.10129148478165,435.0785552350792,451.6040492057316,341.54927281378747,337.3616113554747,439.9750990619974,478.0914480974228,435.63053212067155,457.41991802874435,406.09600217903494,443.76405650159387,441.20544405858357,435.6716127796319,330.54148060563415,380.6546436278985,396.99380356190284,360.0353377981305,383.5948221502253,465.1596302728582,449.7761740571596,447.2287890280938,464.10969913167537,451.1516518450493,152.93940708326784,382.52829541073527,465.216993743903,336.9957992154869,432.8718666577188,465.6852041579456,411.5329393492601,466.321380205053,417.2138798578107,449.915948523547,478.31780267096883,368.2506312839173,336.94470056440315,401.51244320248827,330.79650397800856,483.7537736946192,471.8126626999334,352.6177826948738,404.7325757177729,460.69943748975714,482.44672809499036,237.63940100573367,373.13122851398384,449.45524870706214,376.388449671829,458.9869757538317,476.9956311447239,423.0634943540836,484.4657469999198,447.590637938198,432.48264607723166,449.7295047018192,444.6617415965263,333.8659392943138,377.7754186169259,168.873301480482,406.6967771668967,390.2976182988019,426.76434303713023,275.4941377086339,419.73112079240207,491.39307802721515,280.3949113909326,448.36504269272217,472.2979277400564,368.84119628391505,389.0342116583279,344.7152788933313,431.2014235095146,486.6588397782695,370.4024123808801,387.95435675961147,404.3563762651335,375.49416309576804,351.7035188709086,445.1212841514171,433.5192005097892,440.20814262361387,483.4005049169395,444.67972235489185,455.23584994195147,249.37202376821,258.26159805678265,457.5872710511446,320.2581014390622,439.69542705652276,485.40682412874514,472.81773317041467,225.29902980249537,479.65482360267526,310.8367745706553,369.81970468190843,419.4319408651247,404.51935872340755,454.34143011525555,388.50896587637664,345.6560581841949,418.88029632584033,364.60997569186424,257.98169125154413,470.1523159072358,478.4488328568696,369.8126861375311,484.8461549436661,426.2345050126867,433.3601042284166,371.39987221614757,419.57819460169964,357.75488549577346,470.9975966161156,422.08290945986164,422.30108953634976,361.18211703972975,271.2586637620612,400.476786926399,391.107496337838,479.7341428560032,470.11691008348083,499.4837057940848,319.5625543191868,467.0966995473217,465.11471356252764,439.31002636646775,428.8159611924157,472.5722631190913,230.24069804663569,455.14956352476804,474.569996316524,334.59739819086997,483.21452986711125,308.2467997505207,381.15044984064366,453.37665046375633,451.83814870737655,403.38822324020947,484.1009762339129,483.9965328936817,482.9242587343196,429.67388920756576,61.75027685704651,421.4182572214672,404.62504518268406,478.63966884368193,371.3969398879254,426.0528490012698,376.280949069441,484.41174970514606,475.72303636256254,475.6559369027824,401.8316985171921,458.47827326214514,277.19619433471945,181.51441878338963,442.2761293080063,391.6820469656878,451.11137883558723,416.1573199177331,469.379001500189,302.85559799728486,395.9282001328432,399.5148977606685,286.7899230106988,450.25645507926504,430.0480676201229,404.64132926249766,414.8223653119731,382.5328415625477,467.17692821289654,480.4045374203017,492.3797209189242,329.0883662631307,404.8612698943025,432.28231633491157,483.24734570631495,480.73444702456567,198.58145076713973,407.80476954208996,369.21788750707884,370.19130298195404,426.6271761265375,399.610004837167,266.376083942933,438.3107239065258,484.33817668239504,402.1538754991247,247.66140357239925,476.33200455338556,431.64089290673553,428.23972663676807,427.73148331047287,334.4865107200414,469.074651338662,479.3910746615821,446.505101995546,361.46933629248616
5,0,368.78812488935165,437.8111592997461,472.81773317041467,479.11101200663904,457.3635833918108,449.3625925526957,330.54148060563415,476.9956311447239,480.73444702456567,470.9975966161156,416.1573199177331,422.07368915386456,333.76093096911876,382.5602139695302,373.13122851398384,444.56904123359107,438.3493874425056,420.36072602336816,439.22520809874555,402.1538754991247,482.8321152697477,466.9695150064383,366.3775248269128,429.67388920756576,374.95268961437233,279.99934226087214,479.9172377678455,404.0781674544732,375.66774866790826,451.83814870737655,337.1485518200771,431.4129308949103,484.23243062207786,428.23972663676807,431.4907331026554,451.1516518450493,475.6559369027824,459.83415767694,422.08290945986164,452.92879287768176,443.86874208033163,380.97546044335695,432.28231633491157,198.58145076713973,310.662335597745,277.19619433471945,477.3834100896288,480.4045374203017,429.74195511135684,446.505101995546,327.621047256855,454.7350113430496,394.41007963522014,181.30088424413125,371.05279271235537,465.11471356252764,421.80157742174055,481.1264754917061,368.2506312839173,403.2307487385879,472.5722631190913,484.37401802700606,478.0914480974228,390.12147583122885,368.84119628391505,434.375202935332,404.51935872340755,341.1930655326817,471.7075701448667,475.6525720126528,458.30239188548546,465.216993743903,465.6852041579456,387.6734269554243,249.37202376821,401.51244320248827,395.4957918902491,467.17692821289654,419.04256901421326,370.19130298195404,224.88645230773173,335.6450995205764,361.34339418663404,414.8223653119731,352.54408201513974,307.81815558762696,357.75488549577346,409.12937037545476,351.99107120234817,470.1523159072358,168.28741047019335,436.9167019779112,478.31780267096883,384.7359862404088,460.69943748975714,483.7537736946192,475.2782281470772,266.7773240954273,328.49930512840166,369.8196707203482,454.34143011525555,369.81970468190843,470.6877053441992,438.3107239065258,388.50896587637664,238.26349939513725,432.48264607723166,343.0421309619583,247.66140357239925,426.38584049601536,448.88390968399995,445.17054362325695,334.2113303917084,360.0353377981305,411.5980919908447,274.78855367826,405.7573045750345,428.8704955639598,432.8718666577188,467.0966995473217,483.81969572552066,319.5625543191868,336.5293070876221,321.2610480946268,443.90756951618465,401.04459413890584,447.590637938198,486.6588397782695,485.2084796117536,399.5148977606685,374.08478012676505,257.98169125154413,407.56653772554654,334.59739819086997,450.3377144613776,484.33817668239504,450.7893649282276,361.18211703972975,472.2979277400564,403.38822324020947,390.2976182988019,345.6560581841949,61.75027685704651,483.4005049169395,437.8627549514134,455.05204482983794,399.4433809061803,444.67972235489185,472.5257979546765,429.56720140183677,492.3797209189242,426.0528490012698,446.30180861850636,302.85559799728486,428.8159611924157,415.73284161818884,495.78544586816525,404.62504518268406,406.6655102717361,451.6923537184896,438.6510574391179,469.379001500189,425.3024095352224,271.2586637620612,458.9869757538317,330.79650397800856,152.97748960251488,441.20544405858357,482.9291900892127,391.1159500648022,449.54695789434817,371.39987221614757,381.15044984064366,479.3132328187148,421.24645265192606,404.64132926249766,464.10969913167537,431.9006388102614,484.4657469999198,449.05762667418276,478.63966884368193,426.6271761265375,286.7899230106988,483.24734570631495,420.1614233422977,369.9247652984614,448.36504269272217,376.6180120051737,491.39307802721515,433.5192005097892,465.1596302728582,383.19053930022676,486.0833758080282,418.88029632584033,469.074651338662,230.24069804663569,399.610004837167,475.72303636256254,389.0342116583279,256.8691528934223
5,1,368.78812488935165,439.0306503352901,472.81773317041467,479.11101200663904,457.5872710511446,449.3625925526957,330.54148060563415,476.9956311447239,480.460829768312,470.9975966161156,416.1573199177331,422.07368915386456,333.8659392943138,382.5602139695302,373.13122851398384,445.1212841514171,435.63053212067155,419.73112079240207,440.20814262361387,402.14293762023965,482.9242587343196,466.321380205053,364.60997569186424,429.67388920756576,376.280949069441,279.80007659312463,479.7341428560032,404.8612698943025,376.388449671829,450.95848417014,337.3616113554747,431.4129308949103,484.23243062207786,427.9293724539271,431.64089290673553,450.2774174601278,475.6559369027824,458.47827326214514,422.08290945986164,453.37665046375633,443.76405650159387,380.6546436278985,432.28231633491157,198.58145076713973,310.8367745706553,277.19619433471945,477.3834100896288,480.4045374203017,429.98081962995633,446.505101995546,327.10129148478165,454.4352890376126,394.31846311751536,181.4087049248021,371.05279271235537,465.11471356252764,419.4319408651247,481.1264754917061,368.2506312839173,403.2307487385879,472.5722631190913,483.9965328936817,478.0914480974228,390.3737726832829,368.84119628391505,434.375202935332,404.51935872340755,341.54927281378747,470.11691008348083,476.33200455338556,457.41991802874435,465.216993743903,465.6852041579456,387.70953979829113,249.37202376821,401.51244320248827,394.7091066489714,467.17692821289654,419.57819460169964,370.19130298195404,225.29902980249537,335.6450995205764,361.46933629248616,414.8223653119731,351.7035188709086,308.2467997505207,357.75488549577346,407.80476954208996,352.6177826948738,470.1523159072358,168.06538409753713,436.9167019779112,478.31780267096883,383.5948221502253,460.69943748975714,483.7537736946192,474.569996316524,266.7773240954273,329.0883662631307,370.4024123808801,456.79998462815047,369.81970468190843,471.1924004104827,438.3107239065258,388.50896587637664,238.26349939513725,432.48264607723166,343.0421309619583,247.66140357239925,426.76434303713023,448.88390968399995,445.17054362325695,334.4865107200414,360.0353377981305,411.5329393492601,274.78855367826,404.7325757177729,430.0480676201229,432.8718666577188,467.0966995473217,484.1009762339129,319.5625543191868,336.9957992154869,320.2581014390622,444.6617415965263,401.7741647116884,447.590637938198,486.6588397782695,484.41174970514606,399.5148977606685,374.08478012676505,258.575551103391,406.6967771668967,334.59739819086997,451.11137883558723,484.33817668239504,449.915948523547,361.18211703972975,472.2979277400564,403.11021066728125,390.2976182988019,345.6560581841949,61.526232252510624,483.40677090425373,437.8627549514134,455.14956352476804,399.5012198734811,444.67972235489185,472.5257979546765,427.73148331047287,492.3797209189242,426.0528490012698,446.30180861850636,302.85559799728486,428.8159611924157,415.73284161818884,495.78544586816525,404.62504518268406,406.09600217903494,450.7633455304396,438.6510574391179,469.90285790677467,426.2345050126867,271.0624866654241,458.9869757538317,330.79650397800856,152.19814022705253,441.20544405858357,482.9291900892127,391.1159500648022,449.30396150599955,371.39987221614757,381.15044984064366,479.3910746615821,421.24645265192606,404.64132926249766,464.10969913167537,431.9006388102614,484.4657469999198,449.45524870706214,478.63966884368193,426.6271761265375,286.7899230106988,483.24734570631495,420.1614233422977,369.21788750707884,448.36504269272217,376.6180120051737,491.39307802721515,433.5192005097892,465.1596302728582,381.6398540081417,484.8461549436661,418.88029632584033,469.074651338662,230.24069804663569,399.610004837167,475.72303636256254,389.0342116583279,256.8691528934223
5,2,368.78812488935165,439.0306503352901,472.81773317041467,479.65482360267526,457.5872710511446,450.4187806731788,330.8379878379363,476.9956311447239,480.73444702456567,470.9975966161156,416.1573199177331,422.07368915386456,333.8659392943138,382.5602139695302,373.13122851398384,445.1212841514171,435.63053212067155,419.73112079240207,440.20814262361387,402.14293762023965,482.9242587343196,466.321380205053,364.60997569186424,429.67388920756576,376.280949069441,280.47345556475307,479.7341428560032,404.8612698943025,376.41501066557976,451.83814870737655,337.3616113554747,431.4129308949103,484.23243062207786,428.23972663676807,431.4907331026554,451.1516518450493,475.6559369027824,458.47827326214514,422.5000557964448,453.37665046375633,443.76405650159387,380.6546436278985,432.28231633491157,199.0294270000743,310.8367745706553,277.19619433471945,478.4488328568696,480.4045374203017,431.2014235095146,446.505101995546,327.10129148478165,454.4352890376126,394.31846311751536,181.51441878338963,371.3969398879254,465.11471356252764,419.4319408651247,481.1264754917061,368.2506312839173,404.3563762651335,472.5722631190913,483.9965328936817,478.0914480974228,390.3737726832829,368.84119628391505,434.375202935332,404.51935872340755,341.54927281378747,470.11691008348083,476.33200455338556,457.41991802874435,465.216993743903,465.6852041579456,387.70953979829113,249.37202376821,403.00337304392514,394.7091066489714,467.17692821289654,419.57819460169964,370.19130298195404,225.29902980249537,335.6450995205764,361.46933629248616,414.8223653119731,351.7035188709086,308.2467997505207,357.75488549577346,407.80476954208996,352.7601453236895,470.1523159072358,168.06538409753713,436.9167019779112,478.31780267096883,383.5948221502253,460.69943748975714,483.7537736946192,474.78432243650207,266.7773240954273,329.0883662631307,370.4024123808801,456.79998462815047,369.81970468190843,471.8126626999334,438.3107239065258,388.50896587637664,238.26349939513725,432.48264607723166,343.0421309619583,247.66140357239925,428.2117221539891,449.88545601565426,445.17054362325695,334.8811630081195,360.0353377981305,411.5329393492601,274.78855367826,404.7325757177729,428.8704955639598,432.8718666577188,467.0966995473217,484.1009762339129,319.5625543191868,336.9957992154869,320.2581014390622,444.6617415965263,401.8316985171921,447.590637938198,486.6588397782695,485.2084796117536,399.5148977606685,375.49416309576804,258.575551103391,406.6967771668967,334.59739819086997,451.11137883558723,484.33817668239504,449.915948523547,361.18211703972975,472.2979277400564,403.38822324020947,390.8233844484055,345.6560581841949,61.75027685704651,483.4005049169395,437.8627549514134,455.14956352476804,399.6512887440392,444.67972235489185,474.25834663676426,427.73148331047287,492.3797209189242,428.8856163404461,446.606641234888,302.85559799728486,428.8159611924157,415.73284161818884,499.4837057940848,404.62504518268406,406.09600217903494,451.48181012300927,439.69542705652276,469.379001500189,426.2345050126867,271.2586637620612,458.9869757538317,330.79650397800856,152.19814022705253,441.2440977809547,483.21452986711125,391.1159500648022,449.7295047018192,371.39987221614757,381.15044984064366,479.3910746615821,421.24645265192606,405.89579739706915,464.10969913167537,433.3601042284166,484.4657469999198,449.05762667418276,478.63966884368193,426.6271761265375,289.4869622477078,484.0103638520502,420.1614233422977,369.21788750707884,448.36504269272217,376.6180120051737,491.39307802721515,433.5192005097892,465.1596302728582,381.6398540081417,484.8461549436661,418.88029632584033,468.14460727010055,230.24069804663569,399.610004837167,475.72303636256254,389.0342116583279,256.8691528934223
5,3,368.78812488935165,439.0306503352901,472.81773317041467,479.65482360267526,457.5872710511446,449.3625925526957,330.8379878379363,476.9956311447239,480.460829768312,470.9975966161156,416.1573199177331,422.07368915386456,333.8659392943138,382.5602139695302,373.13122851398384,445.1212841514171,435.63053212067155,419.73112079240207,440.20814262361387,402.14293762023965,482.9242587343196,466.321380205053,364.60997569186424,429.67388920756576,376.280949069441,280.47345556475307,479.7341428560032,404.8612698943025,376.41501066557976,451.83814870737655,337.3616113554747,431.4129308949103,484.23243062207786,428.23972663676807,431.4907331026554,451.1516518450493,475.6559369027824,458.47827326214514,422.5000557964448,453.37665046375633,443.76405650159387,380.6546436278985,432.28231633491157,199.0294270000743,310.8367745706553,277.19619433471945,478.4488328568696,480.4045374203017,431.2014235095146,446.505101995546,327.10129148478165,454.4352890376126,394.31846311751536,181.51441878338963,371.3969398879254,465.11471356252764,419.4319408651247,481.1264754917061,368.2506312839173,404.3563762651335,472.5722631190913,483.9965328936817,478.0914480974228,390.3737726832829,368.84119628391505,434.375202935332,404.51935872340755,341.54927281378747,470.11691008348083,476.33200455338556,457.41991802874435,465.216993743903,465.6852041579456,387.8277801891682,249.37202376821,403.00337304392514,396.99380356190284,467.17692821289654,419.57819460169964,370.19130298195404,225.29902980249537,335.6450995205764,361.46933629248616,414.8223653119731,351.7035188709086,308.2467997505207,357.75488549577346,407.80476954208996,352.6177826948738,470.1523159072358,168.06538409753713,436.9167019779112,478.31780267096883,383.5948221502253,460.69943748975714,483.7537736946192,474.569996316524,266.7773240954273,329.0883662631307,370.4024123808801,456.79998462815047,369.81970468190843,471.8126626999334,438.3107239065258,388.50896587637664,238.26349939513725,432.48264607723166,343.0421309619583,247.66140357239925,428.2117221539891,449.88545601565426,445.17054362325695,334.8811630081195,360.0353377981305,411.5329393492601,274.78855367826,404.7325757177729,428.8704955639598,432.8718666577188,467.0966995473217,484.1009762339129,319.5625543191868,336.9957992154869,320.2581014390622,444.6617415965263,401.8316985171921,447.590637938198,486.6588397782695,485.2084796117536,399.5148977606685,375.49416309576804,258.575551103391,406.6967771668967,334.59739819086997,451.11137883558723,484.33817668239504,449.915948523547,361.42686348958955,472.2979277400564,403.38822324020947,390.8233844484055,345.6560581841949,61.75027685704651,483.40677090425373,437.8627549514134,455.14956352476804,399.6512887440392,444.67972235489185,472.5257979546765,427.73148331047287,492.3797209189242,428.8856163404461,446.30180861850636,302.85559799728486,428.8159611924157,415.73284161818884,499.4837057940848,404.62504518268406,406.09600217903494,451.48181012300927,439.69542705652276,469.379001500189,426.2345050126867,271.2586637620612,458.9869757538317,330.79650397800856,152.19814022705253,441.2440977809547,483.21452986711125,391.1159500648022,449.7295047018192,371.39987221614757,381.15044984064366,479.3910746615821,421.24645265192606,405.89579739706915,464.10969913167537,433.3601042284166,484.4657469999198,449.05762667418276,478.63966884368193,426.6271761265375,289.4869622477078,484.0103638520502,420.1614233422977,369.21788750707884,448.36504269272217,377.7754186169259,491.39307802721515,433.5192005097892,465.1596302728582,381.6398540081417,484.8461549436661,418.88029632584033,468.14460727010055,230.24069804663569,399.610004837167,476.3506243215418,389.0342116583279,256.8691528934223
5,4,368.78812488935165,439.0306503352901,472.81773317041467,479.65482360267526,457.5872710511446,449.3625925526957,330.54148060563415,476.9956311447239,480.460829768312,470.9975966161156,416.1573199177331,422.07368915386456,333.8659392943138,382.5602139695302,373.13122851398384,445.1212841514171,435.63053212067155,419.73112079240207,440.20814262361387,402.14293762023965,482.9242587343196,466.321380205053,364.60997569186424,429.67388920756576,376.280949069441,280.47345556475307,479.7341428560032,404.8612698943025,376.41501066557976,451.83814870737655,337.3616113554747,431.4129308949103,484.23243062207786,428.23972663676807,431.4907331026554,451.1516518450493,475.6559369027824,458.47827326214514,422.5000557964448,453.37665046375633,443.76405650159387,380.6546436278985,432.28231633491157,198.58145076713973,310.8367745706553,277.19619433471945,478.4488328568696,480.4045374203017,431.2014235095146,446.505101995546,327.10129148478165,454.4352890376126,394.31846311751536,181.51441878338963,371.3969398879254,465.11471356252764,419.4319408651247,481.1264754917061,368.2506312839173,404.3563762651335,472.5722631190913,483.9965328936817,478.0914480974228,390.3737726832829,368.84119628391505,434.375202935332,404.51935872340755,341.54927281378747,470.11691008348083,476.33200455338556,457.41991802874435,465.216993743903,465.6852041579456,387.8277801891682,249.37202376821,403.0205773720325,396.99380356190284,467.17692821289654,419.57819460169964,370.19130298195404,225.29902980249537,336.57594952083946,361.46933629248616,414.8223653119731,351.7035188709086,308.2467997505207,357.75488549577346,407.80476954208996,352.6177826948738,470.1523159072358,168.06538409753713,436.9167019779112,478.31780267096883,383.5948221502253,460.69943748975714,483.7537736946192,474.569996316524,266.7773240954273,329.0883662631307,370.4024123808801,456.79998462815047,369.81970468190843,471.8126626999334,438.3107239065258,388.50896587637664,238.26349939513725,432.48264607723166,343.0421309619583,247.66140357239925,428.2117221539891,449.88545601565426,445.17054362325695,334.954188298997,360.0353377981305,411.5329393492601,274.78855367826,404.7325757177729,430.0480676201229,432.8718666577188,467.0966995473217,484.1009762339129,319.2429269331103,336.9957992154869,320.2581014390622,444.6617415965263,401.8316985171921,447.590637938198,486.6588397782695,485.2084796117536,399.5148977606685,375.49416309576804,258.575551103391,406.6967771668967,334.59739819086997,451.11137883558723,484.33817668239504,449.915948523547,361.42686348958955,472.2979277400564,403.38822324020947,390.8233844484055,345.6560581841949,61.75027685704651,485.81461738597596,437.8627549514134,455.14956352476804,399.6512887440392,444.67972235489185,472.5257979546765,427.73148331047287,492.3797209189242,428.8856163404461,446.30180861850636,302.85559799728486,428.8159611924157,415.73284161818884,499.4837057940848,404.62504518268406,406.09600217903494,451.6923537184896,439.69542705652276,469.379001500189,426.2345050126867,271.2586637620612,458.9869757538317,330.79650397800856,152.19814022705253,441.2440977809547,483.21452986711125,391.1159500648022,449.7295047018192,371.39987221614757,381.15044984064366,479.3910746615821,421.24645265192606,405.89579739706915,464.10969913167537,433.3601042284166,484.4657469999198,449.45524870706214,478.7878927162214,426.6271761265375,289.4869622477078,483.24734570631495,420.1614233422977,369.21788750707884,448.36504269272217,377.7754186169259,491.39307802721515,433.5192005097892,465.1596302728582,381.6398540081417,484.8461549436661,418.88029632584033,468.14460727010055,230.24069804663569,399.610004837167,476.3506243215418,389.0342116583279,256.8691528934223
5,5,368.78812488935165,439.0306503352901,472.81773317041467,479.65482360267526,457.5872710511446,449.3625925526957,330.54148060563415,476.9956311447239,480.460829768312,470.9975966161156,416.1573199177331,422.07368915386456,333.8659392943138,382.5602139695302,373.13122851398384,445.1212841514171,435.63053212067155,419.73112079240207,440.20814262361387,402.14293762023965,482.9242587343196,466.321380205053,364.60997569186424,429.67388920756576,376.280949069441,280.47345556475307,479.7341428560032,404.8612698943025,376.41501066557976,451.83814870737655,337.3616113554747,431.4129308949103,484.23243062207786,428.23972663676807,431.4907331026554,451.1516518450493,475.6559369027824,458.47827326214514,422.5000557964448,453.37665046375633,443.76405650159387,380.6546436278985,432.28231633491157,198.58145076713973,310.8367745706553,277.19619433471945,478.4488328568696,480.4045374203017,431.2014235095146,446.505101995546,327.10129148478165,454.4352890376126,394.31846311751536,181.51441878338963,371.3969398879254,465.11471356252764,419.4319408651247,481.1264754917061,368.2506312839173,404.3563762651335,472.5722631190913,483.9965328936817,478.0914480974228,390.3737726832829,368.84119628391505,434.375202935332,404.51935872340755,341.54927281378747,470.11691008348083,476.33200455338556,457.41991802874435,465.216993743903,465.6852041579456,387.8277801891682,249.37202376821,403.00337304392514,396.99380356190284,467.17692821289654,419.57819460169964,370.19130298195404,225.29902980249537,336.57594952083946,361.46933629248616,414.8223653119731,351.7035188709086,308.2467997505207,357.75488549577346,407.80476954208996,352.6177826948738,470.1523159072358,168.06538409753713,436.9167019779112,478.31780267096883,383.5948221502253,460.69943748975714,483.7537736946192,474.569996316524,266.7773240954273,329.0883662631307,370.4024123808801,456.79998462815047,369.81970468190843,471.8126626999334,438.3107239065258,388.50896587637664,238.26349939513725,432.48264607723166,343.0421309619583,247.66140357239925,428.2117221539891,449.88545601565426,445.17054362325695,334.954188298997,360.0353377981305,411.5329393492601,274.78855367826,404.7325757177729,430.0480676201229,432.8718666577188,467.0966995473217,484.1009762339129,319.5625543191868,336.9957992154869,320.2581014390622,444.6617415965263,401.8316985171921,447.590637938198,486.6588397782695,485.2084796117536,399.5148977606685,375.49416309576804,258.575551103391,406.6967771668967,334.59739819086997,451.11137883558723,484.33817668239504,449.915948523547,361.42686348958955,472.2979277400564,403.38822324020947,390.8233844484055,345.6560581841949,61.75027685704651,485.81461738597596,437.8627549514134,455.14956352476804,399.6512887440392,444.67972235489185,472.5257979546765,427.73148331047287,492.3797209189242,428.8856163404461,446.30180861850636,302.85559799728486,428.8159611924157,415.73284161818884,499.4837057940848,404.62504518268406,406.09600217903494,451.6923537184896,439.69542705652276,469.379001500189,426.2345050126867,271.2586637620612,458.9869757538317,330.79650397800856,152.19814022705253,441.2440977809547,483.21452986711125,392.29001625125983,449.7295047018192,371.39987221614757,381.15044984064366,479.3910746615821,421.24645265192606,405.89579739706915,464.10969913167537,433.3601042284166,484.4657469999198,449.45524870706214,478.7878927162214,426.6271761265375,289.4869622477078,483.24734570631495,420.1614233422977,369.21788750707884,448.36504269272217,377.7754186169259,491.39307802721515,433.5192005097892,465.1596302728582,381.6398540081417,484.8461549436661,418.88029632584033,468.14460727010055,230.24069804663569,399.610004837167,476.3506243215418,389.0342116583279,256.8691528934223
5,6,368.78812488935165,439.0306503352901,472.81773317041467,479.65482360267526,457.5872710511446,449.3625925526957,330.54148060563415,476.9956311447239,480.460829768312,470.9975966161156,416.1573199177331,422.07368915386456,333.8659392943138,382.5602139695302,373.13122851398384,445.1212841514171,435.63053212067155,419.73112079240207,440.20814262361387,402.14293762023965,482.9242587343196,466.321380205053,364.60997569186424,429.67388920756576,376.280949069441,280.47345556475307,479.7341428560032,404.8612698943025,376.41501066557976,451.83814870737655,337.3616113554747,431.4129308949103,484.23243062207786,428.23972663676807,431.4907331026554,451.1516518450493,475.6559369027824,458.47827326214514,422.5000557964448,453.37665046375633,443.76405650159387,380.6546436278985,432.28231633491157,198.58145076713973,310.8367745706553,277.19619433471945,478.4488328568696,480.4045374203017,431.2014235095146,446.505101995546,327.10129148478165,454.4352890376126,394.31846311751536,181.51441878338963,371.3969398879254,465.11471356252764,419.4319408651247,481.1264754917061,368.2506312839173,404.3563762651335,472.5722631190913,483.9965328936817,478.0914480974228,390.3737726832829,368.84119628391505,434.375202935332,404.51935872340755,341.54927281378747,470.11691008348083,476.33200455338556,457.41991802874435,465.216993743903,465.6852041579456,387.8277801891682,249.37202376821,403.00337304392514,396.99380356190284,467.17692821289654,419.57819460169964,370.19130298195404,225.29902980249537,336.57594952083946,361.46933629248616,414.8223653119731,351.7035188709086,308.2467997505207,357.75488549577346,407.80476954208996,352.6177826948738,470.1523159072358,168.06538409753713,436.9167019779112,478.31780267096883,383.5948221502253,460.69943748975714,483.7537736946192,474.569996316524,266.7773240954273,329.0883662631307,370.4024123808801,456.79998462815047,369.81970468190843,471.8126626999334,438.3107239065258,388.50896587637664,238.26349939513725,432.48264607723166,343.0421309619583,247.66140357239925,428.2117221539891,449.88545601565426,445.17054362325695,334.954188298997,360.0353377981305,411.5329393492601,274.78855367826,404.7325757177729,430.0480676201229,432.8718666577188,467.0966995473217,484.1009762339129,319.5625543191868,336.9957992154869,320.2581014390622,444.6617415965263,401.8316985171921,447.590637938198,486.6588397782695,485.2084796117536,399.5148977606685,375.49416309576804,258.575551103391,406.6967771668967,334.59739819086997,451.11137883558723,484.33817668239504,449.915948523547,361.42686348958955,472.2979277400564,403.38822324020947,390.8233844484055,345.6560581841949,61.75027685704651,485.81461738597596,437.8627549514134,455.14956352476804,399.6512887440392,444.67972235489185,472.5257979546765,427.73148331047287,492.3797209189242,428.8856163404461,446.30180861850636,302.85559799728486,428.8159611924157,415.73284161818884,499.4837057940848,404.62504518268406,406.09600217903494,451.6923537184896,439.69542705652276,469.379001500189,426.2345050126867,271.2586637620612,458.9869757538317,330.79650397800856,152.19814022705253,441.2440977809547,483.21452986711125,392.29001625125983,449.7295047018192,371.39987221614757,381.15044984064366,479.3910746615821,421.24645265192606,405.89579739706915,464.10969913167537,433.3601042284166,484.4657469999198,449.45524870706214,478.7878927162214,426.6271761265375,289.4869622477078,483.24734570631495,420.1614233422977,369.21788750707884,448.36504269272217,377.7754186169259,491.39307802721515,433.5192005097892,465.1596302728582,381.6398540081417,484.8461549436661,418.88029632584033,468.14460727010055,230.24069804663569,399.610004837167,476.3506243215418,389.0342116583279,256.8691528934223
5,7,368.78812488935165,439.0306503352901,472.81773317041467,479.65482360267526,457.5872710511446,449.3625925526957,330.54148060563415,476.9956311447239,480.460829768312,470.9975966161156,416.1573199177331,422.07368915386456,333.8659392943138,382.5602139695302,373.13122851398384,445.1212841514171,435.63053212067155,419.73112079240207,440.20814262361387,402.14293762023965,482.9242587343196,466.321380205053,364.60997569186424,429.67388920756576,376.280949069441,280.47345556475307,479.7341428560032,404.8612698943025,376.41501066557976,451.83814870737655,337.3616113554747,431.4129308949103,484.23243062207786,428.23972663676807,431.4907331026554,451.1516518450493,475.6559369027824,458.47827326214514,422.5000557964448,453.37665046375633,443.76405650159387,380.6546436278985,432.28231633491157,198.58145076713973,310.8367745706553,277.19619433471945,478.4488328568696,480.4045374203017,431.2014235095146,446.505101995546,327.10129148478165,454.4352890376126,394.31846311751536,181.51441878338963,371.3969398879254,465.11471356252764,419.4319408651247,481.1264754917061,368.2506312839173,404.3563762651335,472.5722631190913,483.9965328936817,478.0914480974228,390.3737726832829,368.84119628391505,434.375202935332,404.51935872340755,341.54927281378747,470.11691008348083,476.33200455338556,457.41991802874435,465.216993743903,465.6852041579456,387.8277801891682,249.37202376821,403.00337304392514,396.99380356190284,467.17692821289654,419.57819460169964,370.19130298195404,225.29902980249537,336.57594952083946,361.46933629248616,414.8223653119731,351.7035188709086,308.2467997505207,357.75488549577346,407.80476954208996,352.6177826948738,470.1523159072358,168.06538409753713,436.9167019779112,478.31780267096883,383.5948221502253,460.69943748975714,483.7537736946192,474.569996316524,266.7773240954273,329.0883662631307,370.4024123808801,456.79998462815047,369.81970468190843,471.8126626999334,438.3107239065258,388.50896587637664,238.26349939513725,432.48264607723166,343.0421309619583,247.66140357239925,428.2117221539891,449.88545601565426,445.17054362325695,334.954188298997,360.0353377981305,411.5329393492601,274.78855367826,404.7325757177729,430.0480676201229,432.8718666577188,467.0966995473217,484.1009762339129,319.5625543191868,336.9957992154869,320.2581014390622,444.6617415965263,401.8316985171921,447.590637938198,486.6588397782695,485.2084796117536,399.5148977606685,375.49416309576804,258.575551103391,406.6967771668967,334.59739819086997,451.11137883558723,484.33817668239504,449.915948523547,361.42686348958955,472.2979277400564,403.38822324020947,390.8233844484055,345.6560581841949,61.75027685704651,485.81461738597596,437.8627549514134,455.14956352476804,399.6512887440392,444.67972235489185,472.5257979546765,427.73148331047287,492.3797209189242,428.8856163404461,446.30180861850636,302.85559799728486,428.8159611924157,415.73284161818884,499.4837057940848,404.62504518268406,406.09600217903494,451.6923537184896,439.69542705652276,469.379001500189,426.2345050126867,271.2586637620612,458.9869757538317,330.79650397800856,152.19814022705253,441.2440977809547,483.21452986711125,392.29001625125983,449.7295047018192,371.39987221614757,381.15044984064366,479.3910746615821,421.24645265192606,405.89579739706915,464.10969913167537,433.3601042284166,484.4657469999198,449.45524870706214,478.7878927162214,426.6271761265375,289.4869622477078,483.24734570631495,420.1614233422977,369.21788750707884,448.36504269272217,377.7754186169259,491.39307802721515,433.5192005097892,465.1596302728582,381.6398540081417,484.8461549436661,418.88029632584033,468.14460727010055,230.24069804663569,399.610004837167,476.3506243215418,389.0342116583279,256.8691528934223
5,8,368.78812488935165,439.0306503352901,472.81773317041467,479.65482360267526,457.5872710511446,449.3625925526957,330.54148060563415,476.9956311447239,480.460829768312,470.9975966161156,416.1573199177331,422.07368915386456,333.8659392943138,382.5602139695302,373.13122851398384,445.1212841514171,435.63053212067155,419.73112079240207,440.20814262361387,402.14293762023965,482.9242587343196,466.321380205053,364.60997569186424,429.67388920756576,376.280949069441,280.47345556475307,479.7341428560032,404.8612698943025,376.41501066557976,451.83814870737655,337.3616113554747,431.4129308949103,484.23243062207786,428.23972663676807,431.4907331026554,451.1516518450493,475.6559369027824,458.47827326214514,422.5000557964448,453.37665046375633,443.76405650159387,380.6546436278985,432.28231633491157,198.58145076713973,310.8367745706553,277.19619433471945,478.4488328568696,480.4045374203017,431.2014235095146,446.505101995546,327.10129148478165,454.4352890376126,394.31846311751536,181.51441878338963,371.3969398879254,465.11471356252764,419.4319408651247,481.1264754917061,368.2506312839173,404.3563762651335,472.5722631190913,483.9965328936817,478.0914480974228,390.3737726832829,368.84119628391505,434.375202935332,404.51935872340755,341.54927281378747,470.11691008348083,476.33200455338556,457.41991802874435,465.216993743903,465.6852041579456,387.8277801891682,249.37202376821,403.00337304392514,396.99380356190284,467.17692821289654,419.57819460169964,370.19130298195404,225.29902980249537,336.57594952083946,361.46933629248616,414.8223653119731,351.7035188709086,308.2467997505207,357.75488549577346,407.80476954208996,352.6177826948738,470.1523159072358,168.06538409753713,436.9167019779112,478.31780267096883,383.5948221502253,460.69943748975714,483.7537736946192,474.569996316524,266.7773240954273,329.0883662631307,370.4024123808801,456.79998462815047,369.81970468190843,471.8126626999334,438.3107239065258,388.50896587637664,238.26349939513725,432.48264607723166,343.0421309619583,247.66140357239925,428.2117221539891,449.88545601565426,445.17054362325695,334.954188298997,360.0353377981305,411.5329393492601,274.78855367826,404.7325757177729,430.0480676201229,432.8718666577188,467.0966995473217,484.1009762339129,319.5625543191868,336.9957992154869,320.2581014390622,444.6617415965263,401.8316985171921,447.590637938198,486.6588397782695,485.2084796117536,399.5148977606685,375.49416309576804,258.575551103391,406.6967771668967,334.59739819086997,451.11137883558723,484.33817668239504,449.915948523547,361.42686348958955,472.2979277400564,403.38822324020947,390.8233844484055,345.6560581841949,61.75027685704651,485.81461738597596,437.8627549514134,455.14956352476804,399.6512887440392,444.67972235489185,472.5257979546765,427.73148331047287,492.3797209189242,428.8856163404461,446.30180861850636,302.85559799728486,428.8159611924157,415.73284161818884,499.4837057940848,404.62504518268406,406.09600217903494,451.6923537184896,439.69542705652276,469.379001500189,426.2345050126867,271.2586637620612,458.9869757538317,330.79650397800856,152.19814022705253,441.2440977809547,483.21452986711125,392.29001625125983,449.7295047018192,371.39987221614757,381.15044984064366,479.3910746615821,421.24645265192606,405.89579739706915,464.10969913167537,433.3601042284166,484.4657469999198,449.45524870706214,478.7878927162214,426.6271761265375,289.4869622477078,483.24734570631495,420.1614233422977,369.21788750707884,448.36504269272217,377.7754186169259,491.39307802721515,433.5192005097892,465.1596302728582,381.6398540081417,484.8461549436661,418.88029632584033,468.14460727010055,230.24069804663569,399.610004837167,476.3506243215418,389.0342116583279,256.8691528934223
5,9,368.78812488935165,439.0306503352901,472.81773317041467,479.65482360267526,457.5872710511446,449.3625925526957,330.54148060563415,476.9956311447239,480.460829768312,470.9975966161156,416.1573199177331,422.07368915386456,333.8659392943138,382.5602139695302,373.13122851398384,445.1212841514171,435.63053212067155,419.73112079240207,440.20814262361387,402.14293762023965,482.9242587343196,466.321380205053,364.60997569186424,429.67388920756576,376.280949069441,280.47345556475307,479.7341428560032,404.8612698943025,376.41501066557976,451.83814870737655,337.3616113554747,431.4129308949103,484.23243062207786,428.23972663676807,431.4907331026554,451.1516518450493,475.6559369027824,458.47827326214514,422.5000557964448,453.37665046375633,443.76405650159387,380.6546436278985,432.28231633491157,198.58145076713973,310.8367745706553,277.19619433471945,478.4488328568696,480.4045374203017,431.2014235095146,446.505101995546,327.10129148478165,454.4352890376126,394.31846311751536,181.51441878338963,371.3969398879254,465.11471356252764,419.4319408651247,481.1264754917061,368.2506312839173,404.3563762651335,472.5722631190913,483.9965328936817,478.0914480974228,390.3737726832829,368.84119628391505,434.375202935332,404.51935872340755,341.54927281378747,470.11691008348083,476.33200455338556,457.41991802874435,465.216993743903,465.6852041579456,387.8277801891682,249.37202376821,403.00337304392514,396.99380356190284,467.17692821289654,419.57819460169964,370.19130298195404,225.29902980249537,336.57594952083946,361.46933629248616,414.8223653119731,351.7035188709086,308.2467997505207,357.75488549577346,407.80476954208996,352.6177826948738,470.1523159072358,168.06538409753713,436.9167019779112,478.31780267096883,383.5948221502253,460.69943748975714,483.7537736946192,474.569996316524,266.7773240954273,329.0883662631307,370.4024123808801,456.79998462815047,369.81970468190843,471.8126626999334,438.3107239065258,388.50896587637664,238.26349939513725,432.48264607723166,343.0421309619583,247.66140357239925,428.2117221539891,449.88545601565426,445.17054362325695,334.954188298997,360.0353377981305,411.5329393492601,274.78855367826,404.7325757177729,430.0480676201229,432.8718666577188,467.0966995473217,484.1009762339129,319.5625543191868,336.9957992154869,320.2581014390622,444.6617415965263,401.8316985171921,447.590637938198,486.6588397782695,485.2084796117536,399.5148977606685,375.49416309576804,258.575551103391,406.6967771668967,334.59739819086997,451.11137883558723,484.33817668239504,449.915948523547,361.42686348958955,472.2979277400564,403.38822324020947,390.8233844484055,345.6560581841949,61.75027685704651,485.81461738597596,437.8627549514134,455.14956352476804,399.6512887440392,444.67972235489185,472.5257979546765,427.73148331047287,492.3797209189242,428.8856163404461,446.30180861850636,302.85559799728486,428.8159611924157,415.73284161818884,499.4837057940848,404.62504518268406,406.09600217903494,451.6923537184896,439.69542705652276,469.379001500189,426.2345050126867,271.2586637620612,458.9869757538317,330.79650397800856,152.19814022705253,441.2440977809547,483.21452986711125,392.29001625125983,449.7295047018192,371.39987221614757,381.15044984064366,479.3910746615821,421.24645265192606,405.89579739706915,464.10969913167537,433.3601042284166,484.4657469999198,449.45524870706214,478.7878927162214,426.6271761265375,289.4869622477078,483.24734570631495,420.1614233422977,369.21788750707884,448.36504269272217,377.7754186169259,491.39307802721515,433.5192005097892,465.1596302728582,381.6398540081417,484.8461549436661,418.88029632584033,468.14460727010055,230.24069804663569,399.610004837167,476.3506243215418,389.0342116583279,256.8691528934223
5,10,368.78812488935165,439.0306503352901,472.81773317041467,479.65482360267526,457.5872710511446,449.3625925526957,330.54148060563415,476.9956311447239,480.460829768312,470.9975966161156,416.1573199177331,422.07368915386456,333.8659392943138,382.5602139695302,373.13122851398384,445.1212841514171,435.63053212067155,419.73112079240207,440.20814262361387,402.14293762023965,482.9242587343196,466.321380205053,364.60997569186424,429.67388920756576,376.280949069441,280.47345556475307,479.7341428560032,404.8612698943025,376.41501066557976,451.83814870737655,337.3616113554747,431.4129308949103,484.23243062207786,428.23972663676807,431.4907331026554,451.1516518450493,475.6559369027824,458.47827326214514,422.5000557964448,453.37665046375633,443.76405650159387,380.6546436278985,432.28231633491157,198.58145076713973,310.8367745706553,277.19619433471945,478.4488328568696,480.4045374203017,431.2014235095146,446.505101995546,327.10129148478165,454.4352890376126,394.31846311751536,181.51441878338963,371.3969398879254,465.11471356252764,419.4319408651247,481.1264754917061,368.2506312839173,404.3563762651335,472.5722631190913,483.9965328936817,478.0914480974228,390.3737726832829,368.84119628391505,434.375202935332,404.51935872340755,341.54927281378747,470.11691008348083,476.33200455338556,457.41991802874435,465.216993743903,465.6852041579456,387.8277801891682,249.37202376821,403.00337304392514,396.99380356190284,467.17692821289654,419.57819460169964,370.19130298195404,225.29902980249537,336.57594952083946,361.46933629248616,414.8223653119731,351.7035188709086,308.2467997505207,357.75488549577346,407.80476954208996,352.6177826948738,470.1523159072358,168.06538409753713,436.9167019779112,478.31780267096883,383.5948221502253,460.69943748975714,483.7537736946192,474.569996316524,266.7773240954273,329.0883662631307,370.4024123808801,456.79998462815047,369.81970468190843,471.8126626999334,438.3107239065258,388.50896587637664,238.26349939513725,432.48264607723166,343.0421309619583,247.66140357239925,428.2117221539891,449.88545601565426,445.17054362325695,334.954188298997,360.0353377981305,411.5329393492601,274.78855367826,404.7325757177729,430.0480676201229,432.8718666577188,467.0966995473217,484.1009762339129,319.5625543191868,336.9957992154869,320.2581014390622,444.6617415965263,401.8316985171921,447.590637938198,486.6588397782695,485.2084796117536,399.5148977606685,375.49416309576804,258.575551103391,406.6967771668967,334.59739819086997,451.11137883558723,484.33817668239504,449.915948523547,361.42686348958955,472.2979277400564,403.38822324020947,390.8233844484055,345.6560581841949,61.75027685704651,485.81461738597596,437.8627549514134,455.14956352476804,399.6512887440392,444.67972235489185,472.5257979546765,427.73148331047287,492.3797209189242,428.8856163404461,446.30180861850636,302.85559799728486,428.8159611924157,415.73284161818884,499.4837057940848,404.62504518268406,406.09600217903494,451.6923537184896,439.69542705652276,469.379001500189,426.2345050126867,271.2586637620612,458.9869757538317,330.79650397800856,152.19814022705253,441.2440977809547,483.21452986711125,392.29001625125983,449.7295047018192,371.39987221614757,381.15044984064366,479.3910746615821,421.24645265192606,405.89579739706915,464.10969913167537,433.3601042284166,484.4657469999198,449.45524870706214,478.7878927162214,426.6271761265375,289.4869622477078,483.24734570631495,420.1614233422977,369.21788750707884,448.36504269272217,377.7754186169259,491.39307802721515,433.5192005097892,465.1596302728582,381.6398540081417,484.8461549436661,418.88029632584033,468.14460727010055,230.24069804663569,399.610004837167,476.3506243215418,389.0342116583279,256.8691528934223
5,11,368.78812488935165,439.0306503352901,472.81773317041467,479.65482360267526,457.5872710511446,449.3625925526957,330.54148060563415,476.9956311447239,480.460829768312,470.9975966161156,416.1573199177331,422.07368915386456,333.8659392943138,382.5602139695302,373.13122851398384,445.1212841514171,435.63053212067155,419.73112079240207,440.20814262361387,402.14293762023965,482.9242587343196,466.321380205053,364.60997569186424,429.67388920756576,376.280949069441,280.47345556475307,479.7341428560032,404.8612698943025,376.41501066557976,451.83814870737655,337.3616113554747,431.4129308949103,484.23243062207786,428.23972663676807,431.4907331026554,451.1516518450493,475.6559369027824,458.47827326214514,422.5000557964448,453.37665046375633,443.76405650159387,380.6546436278985,432.28231633491157,198.58145076713973,310.8367745706553,277.19619433471945,478.4488328568696,480.4045374203017,431.2014235095146,446.505101995546,327.10129148478165,454.4352890376126,394.31846311751536,181.51441878338963,371.3969398879254,465.11471356252764,419.4319408651247,481.1264754917061,368.2506312839173,404.3563762651335,472.5722631190913,483.9965328936817,478.0914480974228,390.3737726832829,368.84119628391505,434.375202935332,404.51935872340755,341.54927281378747,470.11691008348083,476.33200455338556,457.41991802874435,465.216993743903,465.6852041579456,387.8277801891682,249.37202376821,403.00337304392514,396.99380356190284,467.17692821289654,419.57819460169964,370.19130298195404,225.29902980249537,336.57594952083946,361.46933629248616,414.8223653119731,351.7035188709086,308.2467997505207,357.75488549577346,407.80476954208996,352.6177826948738,470.1523159072358,168.06538409753713,436.9167019779112,478.31780267096883,383.5948221502253,460.69943748975714,483.7537736946192,474.569996316524,266.7773240954273,329.0883662631307,370.4024123808801,456.79998462815047,369.81970468190843,471.8126626999334,438.3107239065258,388.50896587637664,238.26349939513725,432.48264607723166,343.0421309619583,247.66140357239925,428.2117221539891,449.88545601565426,445.17054362325695,334.954188298997,360.0353377981305,411.5329393492601,274.78855367826,404.7325757177729,430.0480676201229,432.8718666577188,467.0966995473217,484.1009762339129,319.5625543191868,336.9957992154869,320.2581014390622,444.6617415965263,401.8316985171921,447.590637938198,486.6588397782695,485.2084796117536,399.5148977606685,375.49416309576804,258.575551103391,406.6967771668967,334.59739819086997,451.11137883558723,484.33817668239504,449.915948523547,361.42686348958955,472.2979277400564,403.38822324020947,390.8233844484055,345.6560581841949,61.75027685704651,485.81461738597596,437.8627549514134,455.14956352476804,399.6512887440392,444.67972235489185,472.5257979546765,427.73148331047287,492.3797209189242,428.8856163404461,446.30180861850636,302.85559799728486,428.8159611924157,415.73284161818884,499.4837057940848,404.62504518268406,406.09600217903494,451.6923537184896,439.69542705652276,469.379001500189,426.2345050126867,271.2586637620612,458.9869757538317,330.79650397800856,152.19814022705253,441.2440977809547,483.21452986711125,392.29001625125983,449.7295047018192,371.39987221614757,381.15044984064366,479.3910746615821,421.24645265192606,405.89579739706915,464.10969913167537,433.3601042284166,484.4657469999198,449.45524870706214,478.7878927162214,426.6271761265375,289.4869622477078,483.24734570631495,420.1614233422977,369.21788750707884,448.36504269272217,377.7754186169259,491.39307802721515,433.5192005097892,465.1596302728582,381.6398540081417,484.8461549436661,418.88029632584033,468.14460727010055,230.24069804663569,399.610004837167,476.3506243215418,389.0342116583279,256.8691528934223
5,12,368.78812488935165,439.0306503352901,472.81773317041467,479.65482360267526,457.5872710511446,449.3625925526957,330.54148060563415,476.9956311447239,480.460829768312,470.9975966161156,416.1573199177331,422.07368915386456,333.8659392943138,382.5602139695302,373.13122851398384,445.1212841514171,435.63053212067155,419.73112079240207,440.20814262361387,402.14293762023965,482.9242587343196,466.321380205053,364.60997569186424,429.67388920756576,376.280949069441,280.47345556475307,479.7341428560032,404.8612698943025,376.41501066557976,451.83814870737655,337.3616113554747,431.4129308949103,484.23243062207786,428.23972663676807,431.4907331026554,451.1516518450493,475.6559369027824,458.47827326214514,422.5000557964448,453.37665046375633,443.76405650159387,380.6546436278985,432.28231633491157,198.58145076713973,310.8367745706553,277.19619433471945,478.4488328568696,480.4045374203017,431.2014235095146,446.505101995546,327.10129148478165,454.4352890376126,394.31846311751536,181.51441878338963,371.3969398879254,465.11471356252764,419.4319408651247,481.1264754917061,368.2506312839173,404.3563762651335,472.5722631190913,483.9965328936817,478.0914480974228,390.3737726832829,368.84119628391505,434.375202935332,404.51935872340755,341.54927281378747,470.11691008348083,476.33200455338556,457.41991802874435,465.216993743903,465.6852041579456,387.8277801891682,249.37202376821,403.00337304392514,396.99380356190284,467.17692821289654,419.57819460169964,370.19130298195404,225.29902980249537,336.57594952083946,361.46933629248616,414.8223653119731,351.7035188709086,308.2467997505207,357.75488549577346,407.80476954208996,352.6177826948738,470.1523159072358,168.06538409753713,436.9167019779112,478.31780267096883,383.5948221502253,460.69943748975714,483.7537736946192,474.569996316524,266.7773240954273,329.0883662631307,370.4024123808801,456.79998462815047,369.81970468190843,471.8126626999334,438.3107239065258,388.50896587637664,238.26349939513725,432.48264607723166,343.0421309619583,247.66140357239925,428.2117221539891,449.88545601565426,445.17054362325695,334.954188298997,360.0353377981305,411.5329393492601,274.78855367826,404.7325757177729,430.0480676201229,432.8718666577188,467.0966995473217,484.1009762339129,319.5625543191868,336.9957992154869,320.2581014390622,444.6617415965263,401.8316985171921,447.590637938198,486.6588397782695,485.2084796117536,399.5148977606685,375.49416309576804,258.575551103391,406.6967771668967,334.59739819086997,451.11137883558723,484.33817668239504,449.915948523547,361.42686348958955,472.2979277400564,403.38822324020947,390.8233844484055,345.6560581841949,61.75027685704651,485.81461738597596,437.8627549514134,455.14956352476804,399.6512887440392,444.67972235489185,472.5257979546765,427.73148331047287,492.3797209189242,428.8856163404461,446.30180861850636,302.85559799728486,428.8159611924157,415.73284161818884,499.4837057940848,404.62504518268406,406.09600217903494,451.6923537184896,439.69542705652276,469.379001500189,426.2345050126867,271.2586637620612,458.9869757538317,330.79650397800856,152.19814022705253,441.2440977809547,483.21452986711125,392.29001625125983,449.7295047018192,371.39987221614757,381.15044984064366,479.3910746615821,421.24645265192606,405.89579739706915,464.10969913167537,433.3601042284166,484.4657469999198,449.45524870706214,478.7878927162214,426.6271761265375,289.4869622477078,483.24734570631495,420.1614233422977,369.21788750707884,448.36504269272217,377.7754186169259,491.39307802721515,433.5192005097892,465.1596302728582,381.6398540081417,484.8461549436661,418.88029632584033,468.14460727010055,230.24069804663569,399.610004837167,476.3506243215418,389.0342116583279,256.8691528934223
5,13,368.78812488935165,439.0306503352901,472.81773317041467,479.65482360267526,457.5872710511446,449.3625925526957,330.54148060563415,476.9956311447239,480.460829768312,470.9975966161156,416.1573199177331,422.07368915386456,333.8659392943138,382.5602139695302,373.13122851398384,445.1212841514171,435.63053212067155,419.73112079240207,440.20814262361387,402.14293762023965,482.9242587343196,466.321380205053,364.60997569186424,429.67388920756576,376.280949069441,280.47345556475307,479.7341428560032,404.8612698943025,376.41501066557976,451.83814870737655,337.3616113554747,431.4129308949103,484.23243062207786,428.23972663676807,431.4907331026554,451.1516518450493,475.6559369027824,458.47827326214514,422.5000557964448,453.37665046375633,443.76405650159387,380.6546436278985,432.28231633491157,198.58145076713973,310.8367745706553,277.19619433471945,478.4488328568696,480.4045374203017,431.2014235095146,446.505101995546,327.10129148478165,454.4352890376126,394.31846311751536,181.51441878338963,371.3969398879254,465.11471356252764,419.4319408651247,481.1264754917061,368.2506312839173,404.3563762651335,472.5722631190913,483.9965328936817,478.0914480974228,390.3737726832829,368.84119628391505,434.375202935332,404.51935872340755,341.54927281378747,470.11691008348083,476.33200455338556,457.41991802874435,465.216993743903,465.6852041579456,387.8277801891682,249.37202376821,403.00337304392514,396.99380356190284,467.17692821289654,419.57819460169964,370.19130298195404,225.29902980249537,336.57594952083946,361.46933629248616,414.8223653119731,351.7035188709086,308.2467997505207,357.75488549577346,407.80476954208996,352.6177826948738,470.1523159072358,168.06538409753713,436.9167019779112,478.31780267096883,383.5948221502253,460.69943748975714,483.7537736946192,474.569996316524,266.7773240954273,329.0883662631307,370.4024123808801,456.79998462815047,369.81970468190843,471.8126626999334,438.3107239065258,388.50896587637664,238.26349939513725,432.48264607723166,343.0421309619583,247.66140357239925,428.2117221539891,449.88545601565426,445.17054362325695,334.954188298997,360.0353377981305,411.5329393492601,274.78855367826,404.7325757177729,430.0480676201229,432.8718666577188,467.0966995473217,484.1009762339129,319.5625543191868,336.9957992154869,320.2581014390622,444.6617415965263,401.8316985171921,447.590637938198,486.6588397782695,485.2084796117536,399.5148977606685,375.49416309576804,258.575551103391,406.6967771668967,334.59739819086997,451.11137883558723,484.33817668239504,449.915948523547,361.42686348958955,472.2979277400564,403.38822324020947,390.8233844484055,345.6560581841949,61.75027685704651,485.81461738597596,437.8627549514134,455.14956352476804,399.6512887440392,444.67972235489185,472.5257979546765,427.73148331047287,492.3797209189242,428.8856163404461,446.30180861850636,302.85559799728486,428.8159611924157,415.73284161818884,499.4837057940848,404.62504518268406,406.09600217903494,451.6923537184896,439.69542705652276,469.379001500189,426.2345050126867,271.2586637620612,458.9869757538317,330.79650397800856,152.19814022705253,441.2440977809547,483.21452986711125,392.29001625125983,449.7295047018192,371.39987221614757,381.15044984064366,479.3910746615821,421.24645265192606,405.89579739706915,464.10969913167537,433.3601042284166,484.4657469999198,449.45524870706214,478.7878927162214,426.6271761265375,289.4869622477078,483.24734570631495,420.1614233422977,369.21788750707884,448.36504269272217,377.7754186169259,491.39307802721515,433.5192005097892,465.1596302728582,381.6398540081417,484.8461549436661,418.88029632584033,468.14460727010055,230.24069804663569,399.610004837167,476.3506243215418,389.0342116583279,256.8691528934223
5,14,368.78812488935165,439.0306503352901,472.81773317041467,479.65482360267526,457.5872710511446,449.3625925526957,330.54148060563415,476.9956311447239,480.460829768312,470.9975966161156,416.1573199177331,422.07368915386456,333.8659392943138,382.5602139695302,373.13122851398384,445.1212841514171,435.63053212067155,419.73112079240207,440.20814262361387,402.14293762023965,482.9242587343196,466.321380205053,364.60997569186424,429.67388920756576,376.280949069441,280.47345556475307,479.7341428560032,404.8612698943025,376.41501066557976,451.83814870737655,337.3616113554747,431.4129308949103,484.23243062207786,428.23972663676807,431.4907331026554,451.1516518450493,475.6559369027824,458.47827326214514,422.5000557964448,453.37665046375633,443.76405650159387,380.6546436278985,432.28231633491157,198.58145076713973,310.8367745706553,277.19619433471945,478.4488328568696,480.4045374203017,431.2014235095146,446.505101995546,327.10129148478165,454.4352890376126,394.31846311751536,181.51441878338963,371.3969398879254,465.11471356252764,419.4319408651247,481.1264754917061,368.2506312839173,404.3563762651335,472.5722631190913,483.9965328936817,478.0914480974228,390.3737726832829,368.84119628391505,434.375202935332,404.51935872340755,341.54927281378747,470.11691008348083,476.33200455338556,457.41991802874435,465.216993743903,465.6852041579456,387.8277801891682,249.37202376821,403.00337304392514,396.99380356190284,467.17692821289654,419.57819460169964,370.19130298195404,225.29902980249537,336.57594952083946,361.46933629248616,414.8223653119731,351.7035188709086,308.2467997505207,357.75488549577346,407.80476954208996,352.6177826948738,470.1523159072358,168.06538409753713,436.9167019779112,478.31780267096883,383.5948221502253,460.69943748975714,483.7537736946192,474.569996316524,266.7773240954273,329.0883662631307,370.4024123808801,456.79998462815047,369.81970468190843,471.8126626999334,438.3107239065258,388.50896587637664,238.26349939513725,432.48264607723166,343.0421309619583,247.66140357239925,428.2117221539891,449.88545601565426,445.17054362325695,334.954188298997,360.0353377981305,411.5329393492601,274.78855367826,404.7325757177729,430.0480676201229,432.8718666577188,467.0966995473217,484.1009762339129,319.5625543191868,336.9957992154869,320.2581014390622,444.6617415965263,401.8316985171921,447.590637938198,486.6588397782695,485.2084796117536,399.5148977606685,375.49416309576804,258.575551103391,406.6967771668967,334.59739819086997,451.11137883558723,484.33817668239504,449.915948523547,361.42686348958955,472.2979277400564,403.38822324020947,390.8233844484055,345.6560581841949,61.75027685704651,485.81461738597596,437.8627549514134,455.14956352476804,399.6512887440392,444.67972235489185,472.5257979546765,427.73148331047287,492.3797209189242,428.8856163404461,446.30180861850636,302.85559799728486,428.8159611924157,415.73284161818884,499.4837057940848,404.62504518268406,406.09600217903494,451.6923537184896,439.69542705652276,469.379001500189,426.2345050126867,271.2586637620612,458.9869757538317,330.79650397800856,152.19814022705253,441.2440977809547,483.21452986711125,392.29001625125983,449.7295047018192,371.39987221614757,381.15044984064366,479.3910746615821,421.24645265192606,405.89579739706915,464.10969913167537,433.3601042284166,484.4657469999198,449.45524870706214,478.7878927162214,426.6271761265375,289.4869622477078,483.24734570631495,420.1614233422977,369.21788750707884,448.36504269272217,377.7754186169259,491.39307802721515,433.5192005097892,465.1596302728582,381.6398540081417,484.8461549436661,418.88029632584033,468.14460727010055,230.24069804663569,399.610004837167,476.3506243215418,389.0342116583279,256.8691528934223
5,15,368.78812488935165,439.0306503352901,472.81773317041467,479.65482360267526,457.5872710511446,449.3625925526957,330.54148060563415,476.9956311447239,480.460829768312,470.9975966161156,416.1573199177331,422.07368915386456,333.8659392943138,382.5602139695302,373.13122851398384,445.1212841514171,435.63053212067155,419.73112079240207,440.20814262361387,402.14293762023965,482.9242587343196,466.321380205053,364.60997569186424,429.67388920756576,376.280949069441,280.47345556475307,479.7341428560032,404.8612698943025,376.41501066557976,451.83814870737655,337.3616113554747,431.4129308949103,484.23243062207786,428.23972663676807,431.4907331026554,451.1516518450493,475.6559369027824,458.47827326214514,422.5000557964448,453.37665046375633,443.76405650159387,380.6546436278985,432.28231633491157,198.58145076713973,310.8367745706553,277.19619433471945,478.4488328568696,480.4045374203017,431.2014235095146,446.505101995546,327.10129148478165,454.4352890376126,394.31846311751536,181.51441878338963,371.3969398879254,465.11471356252764,419.4319408651247,481.1264754917061,368.2506312839173,404.3563762651335,472.5722631190913,483.9965328936817,478.0914480974228,390.3737726832829,368.84119628391505,434.375202935332,404.51935872340755,341.54927281378747,470.11691008348083,476.33200455338556,457.41991802874435,465.216993743903,465.6852041579456,387.8277801891682,249.37202376821,403.00337304392514,396.99380356190284,467.17692821289654,419.57819460169964,370.19130298195404,225.29902980249537,336.57594952083946,361.46933629248616,414.8223653119731,351.7035188709086,308.2467997505207,357.75488549577346,407.80476954208996,352.6177826948738,470.1523159072358,168.06538409753713,436.9167019779112,478.31780267096883,383.5948221502253,460.69943748975714,483.7537736946192,474.569996316524,266.7773240954273,329.0883662631307,370.4024123808801,456.79998462815047,369.81970468190843,471.8126626999334,438.3107239065258,388.50896587637664,238.26349939513725,432.48264607723166,343.0421309619583,247.66140357239925,428.2117221539891,449.88545601565426,445.17054362325695,334.954188298997,360.0353377981305,411.5329393492601,274.78855367826,404.7325757177729,430.0480676201229,432.8718666577188,467.0966995473217,484.1009762339129,319.5625543191868,336.9957992154869,320.2581014390622,444.6617415965263,401.8316985171921,447.590637938198,486.6588397782695,485.2084796117536,399.5148977606685,375.49416309576804,258.575551103391,406.6967771668967,334.59739819086997,451.11137883558723,484.33817668239504,449.915948523547,361.42686348958955,472.2979277400564,403.38822324020947,390.8233844484055,345.6560581841949,61.75027685704651,485.81461738597596,437.8627549514134,455.14956352476804,399.6512887440392,444.67972235489185,472.5257979546765,427.73148331047287,492.3797209189242,428.8856163404461,446.30180861850636,302.85559799728486,428.8159611924157,415.73284161818884,499.4837057940848,404.62504518268406,406.09600217903494,451.6923537184896,439.69542705652276,469.379001500189,426.2345050126867,271.2586637620612,458.9869757538317,330.79650397800856,152.19814022705253,441.2440977809547,483.21452986711125,392.29001625125983,449.7295047018192,371.39987221614757,381.15044984064366,479.3910746615821,421.24645265192606,405.89579739706915,464.10969913167537,433.3601042284166,484.4657469999198,449.45524870706214,478.7878927162214,426.6271761265375,289.4869622477078,483.24734570631495,420.1614233422977,369.21788750707884,448.36504269272217,377.7754186169259,491.39307802721515,433.5192005097892,465.1596302728582,381.6398540081417,484.8461549436661,418.88029632584033,468.14460727010055,230.24069804663569,399.610004837167,476.3506243215418,389.0342116583279,256.8691528934223
5,16,368.78812488935165,439.0306503352901,472.81773317041467,479.65482360267526,457.5872710511446,449.3625925526957,330.54148060563415,476.9956311447239,480.460829768312,470.9975966161156,416.1573199177331,422.07368915386456,333.8659392943138,382.5602139695302,373.13122851398384,445.1212841514171,435.63053212067155,419.73112079240207,440.20814262361387,402.14293762023965,482.9242587343196,466.321380205053,364.60997569186424,429.67388920756576,376.280949069441,280.47345556475307,479.7341428560032,404.8612698943025,376.41501066557976,451.83814870737655,337.3616113554747,431.4129308949103,484.23243062207786,428.23972663676807,431.4907331026554,451.1516518450493,475.6559369027824,458.47827326214514,422.5000557964448,453.37665046375633,443.76405650159387,380.6546436278985,432.28231633491157,198.58145076713973,310.8367745706553,277.19619433471945,478.4488328568696,480.4045374203017,431.2014235095146,446.505101995546,327.10129148478165,454.4352890376126,394.31846311751536,181.51441878338963,371.3969398879254,465.11471356252764,419.4319408651247,481.1264754917061,368.2506312839173,404.3563762651335,472.5722631190913,483.9965328936817,478.0914480974228,390.3737726832829,368.84119628391505,434.375202935332,404.51935872340755,341.54927281378747,470.11691008348083,476.33200455338556,457.41991802874435,465.216993743903,465.6852041579456,387.8277801891682,249.37202376821,403.00337304392514,396.99380356190284,467.17692821289654,419.57819460169964,370.19130298195404,225.29902980249537,336.57594952083946,361.46933629248616,414.8223653119731,351.7035188709086,308.2467997505207,357.75488549577346,407.80476954208996,352.6177826948738,470.1523159072358,168.06538409753713,436.9167019779112,478.31780267096883,383.5948221502253,460.69943748975714,483.7537736946192,474.569996316524,266.7773240954273,329.0883662631307,370.4024123808801,456.79998462815047,369.81970468190843,471.8126626999334,438.3107239065258,388.50896587637664,238.26349939513725,432.48264607723166,343.0421309619583,247.66140357239925,428.2117221539891,449.88545601565426,445.17054362325695,334.954188298997,360.0353377981305,411.5329393492601,274.78855367826,404.7325757177729,430.0480676201229,432.8718666577188,467.0966995473217,484.1009762339129,319.5625543191868,336.9957992154869,320.2581014390622,444.6617415965263,401.8316985171921,447.590637938198,486.6588397782695,485.2084796117536,399.5148977606685,375.49416309576804,258.575551103391,406.6967771668967,334.59739819086997,451.11137883558723,484.33817668239504,449.915948523547,361.42686348958955,472.2979277400564,403.38822324020947,390.8233844484055,345.6560581841949,61.75027685704651,485.81461738597596,437.8627549514134,455.14956352476804,399.6512887440392,444.67972235489185,472.5257979546765,427.73148331047287,492.3797209189242,428.8856163404461,446.30180861850636,302.85559799728486,428.8159611924157,415.73284161818884,499.4837057940848,404.62504518268406,406.09600217903494,451.6923537184896,439.69542705652276,469.379001500189,426.2345050126867,271.2586637620612,458.9869757538317,330.79650397800856,152.19814022705253,441.2440977809547,483.21452986711125,392.29001625125983,449.7295047018192,371.39987221614757,381.15044984064366,479.3910746615821,421.24645265192606,405.89579739706915,464.10969913167537,433.3601042284166,484.4657469999198,449.45524870706214,478.7878927162214,426.6271761265375,289.4869622477078,483.24734570631495,420.1614233422977,369.21788750707884,448.36504269272217,377.7754186169259,491.39307802721515,433.5192005097892,465.1596302728582,381.6398540081417,484.8461549436661,418.88029632584033,468.14460727010055,230.24069804663569,399.610004837167,476.3506243215418,389.0342116583279,256.8691528934223
5,17,368.78812488935165,439.0306503352901,472.81773317041467,479.65482360267526,457.5872710511446,449.3625925526957,330.54148060563415,476.9956311447239,480.460829768312,470.9975966161156,416.1573199177331,422.07368915386456,333.8659392943138,382.5602139695302,373.13122851398384,445.1212841514171,435.63053212067155,419.73112079240207,440.20814262361387,402.14293762023965,482.9242587343196,466.321380205053,364.60997569186424,429.67388920756576,376.280949069441,280.47345556475307,479.7341428560032,404.8612698943025,376.41501066557976,451.83814870737655,337.3616113554747,431.4129308949103,484.23243062207786,428.23972663676807,431.4907331026554,451.1516518450493,475.6559369027824,458.47827326214514,422.5000557964448,453.37665046375633,443.76405650159387,380.6546436278985,432.28231633491157,198.58145076713973,310.8367745706553,277.19619433471945,478.4488328568696,480.4045374203017,431.2014235095146,446.505101995546,327.10129148478165,454.4352890376126,394.31846311751536,181.51441878338963,371.3969398879254,465.11471356252764,419.4319408651247,481.1264754917061,368.2506312839173,404.3563762651335,472.5722631190913,483.9965328936817,478.0914480974228,390.3737726832829,368.84119628391505,434.375202935332,404.51935872340755,341.54927281378747,470.11691008348083,476.33200455338556,457.41991802874435,465.216993743903,465.6852041579456,387.8277801891682,249.37202376821,403.00337304392514,396.99380356190284,467.17692821289654,419.57819460169964,370.19130298195404,225.29902980249537,336.57594952083946,361.46933629248616,414.8223653119731,351.7035188709086,308.2467997505207,357.75488549577346,407.80476954208996,352.6177826948738,470.1523159072358,168.06538409753713,436.9167019779112,478.31780267096883,383.5948221502253,460.69943748975714,483.7537736946192,474.569996316524,266.7773240954273,329.0883662631307,370.4024123808801,456.79998462815047,369.81970468190843,471.8126626999334,438.3107239065258,388.50896587637664,238.26349939513725,432.48264607723166,343.0421309619583,247.66140357239925,428.2117221539891,449.88545601565426,445.17054362325695,334.954188298997,360.0353377981305,411.5329393492601,274.78855367826,404.7325757177729,430.0480676201229,432.8718666577188,467.0966995473217,484.1009762339129,319.5625543191868,336.9957992154869,320.2581014390622,444.6617415965263,401.8316985171921,447.590637938198,486.6588397782695,485.2084796117536,399.5148977606685,375.49416309576804,258.575551103391,406.6967771668967,334.59739819086997,451.11137883558723,484.33817668239504,449.915948523547,361.42686348958955,472.2979277400564,403.38822324020947,390.8233844484055,345.6560581841949,61.75027685704651,485.81461738597596,437.8627549514134,455.14956352476804,399.6512887440392,444.67972235489185,472.5257979546765,427.73148331047287,492.3797209189242,428.8856163404461,446.30180861850636,302.85559799728486,428.8159611924157,415.73284161818884,499.4837057940848,404.62504518268406,406.09600217903494,451.6923537184896,439.69542705652276,469.379001500189,426.2345050126867,271.2586637620612,458.9869757538317,330.79650397800856,152.19814022705253,441.2440977809547,483.21452986711125,392.29001625125983,449.7295047018192,371.39987221614757,381.15044984064366,479.3910746615821,421.24645265192606,405.89579739706915,464.10969913167537,433.3601042284166,484.4657469999198,449.45524870706214,478.7878927162214,426.6271761265375,289.4869622477078,483.24734570631495,420.1614233422977,369.21788750707884,448.36504269272217,377.7754186169259,491.39307802721515,433.5192005097892,465.1596302728582,381.6398540081417,484.8461549436661,418.88029632584033,468.14460727010055,230.24069804663569,399.610004837167,476.3506243215418,389.0342116583279,256.8691528934223
5,18,368.78812488935165,439.0306503352901,472.81773317041467,479.65482360267526,457.5872710511446,449.3625925526957,330.54148060563415,476.9956311447239,480.460829768312,470.9975966161156,416.1573199177331,422.07368915386456,333.8659392943138,382.5602139695302,373.13122851398384,445.1212841514171,435.63053212067155,419.73112079240207,440.20814262361387,402.14293762023965,482.9242587343196,466.321380205053,364.60997569186424,429.67388920756576,376.280949069441,280.47345556475307,479.7341428560032,404.8612698943025,376.41501066557976,451.83814870737655,337.3616113554747,431.4129308949103,484.23243062207786,428.23972663676807,431.4907331026554,451.1516518450493,475.6559369027824,458.47827326214514,422.5000557964448,453.37665046375633,443.76405650159387,380.6546436278985,432.28231633491157,198.58145076713973,310.8367745706553,277.19619433471945,478.4488328568696,480.4045374203017,431.2014235095146,446.505101995546,327.10129148478165,454.4352890376126,394.31846311751536,181.51441878338963,371.3969398879254,465.11471356252764,419.4319408651247,481.1264754917061,368.2506312839173,404.3563762651335,472.5722631190913,483.9965328936817,478.0914480974228,390.3737726832829,368.84119628391505,434.375202935332,404.51935872340755,341.54927281378747,470.11691008348083,476.33200455338556,457.41991802874435,465.216993743903,465.6852041579456,387.8277801891682,249.37202376821,403.00337304392514,396.99380356190284,467.17692821289654,419.57819460169964,370.19130298195404,225.29902980249537,336.57594952083946,361.46933629248616,414.8223653119731,351.7035188709086,308.2467997505207,357.75488549577346,407.80476954208996,352.6177826948738,470.1523159072358,168.06538409753713,436.9167019779112,478.31780267096883,383.5948221502253,460.69943748975714,483.7537736946192,474.569996316524,266.7773240954273,329.0883662631307,370.4024123808801,456.79998462815047,369.81970468190843,471.8126626999334,438.3107239065258,388.50896587637664,238.26349939513725,432.48264607723166,343.0421309619583,247.66140357239925,428.2117221539891,449.88545601565426,445.17054362325695,334.954188298997,360.0353377981305,411.5329393492601,274.78855367826,404.7325757177729,430.0480676201229,432.8718666577188,467.0966995473217,484.1009762339129,319.5625543191868,336.9957992154869,320.2581014390622,444.6617415965263,401.8316985171921,447.590637938198,486.6588397782695,485.2084796117536,399.5148977606685,375.49416309576804,258.575551103391,406.6967771668967,334.59739819086997,451.11137883558723,484.33817668239504,449.915948523547,361.42686348958955,472.2979277400564,403.38822324020947,390.8233844484055,345.6560581841949,61.75027685704651,485.81461738597596,437.8627549514134,455.14956352476804,399.6512887440392,444.67972235489185,472.5257979546765,427.73148331047287,492.3797209189242,428.8856163404461,446.30180861850636,302.85559799728486,428.8159611924157,415.73284161818884,499.4837057940848,404.62504518268406,406.09600217903494,451.6923537184896,439.69542705652276,469.379001500189,426.2345050126867,271.2586637620612,458.9869757538317,330.79650397800856,152.19814022705253,441.2440977809547,483.21452986711125,392.29001625125983,449.7295047018192,371.39987221614757,381.15044984064366,479.3910746615821,421.24645265192606,405.89579739706915,464.10969913167537,433.3601042284166,484.4657469999198,449.45524870706214,478.7878927162214,426.6271761265375,289.4869622477078,483.24734570631495,420.1614233422977,369.21788750707884,448.36504269272217,377.7754186169259,491.39307802721515,433.5192005097892,465.1596302728582,381.6398540081417,484.8461549436661,418.88029632584033,468.14460727010055,230.24069804663569,399.610004837167,476.3506243215418,389.0342116583279,256.8691528934223
5,19,368.78812488935165,439.0306503352901,472.81773317041467,479.65482360267526,457.5872710511446,449.3625925526957,330.54148060563415,476.9956311447239,480.460829768312,470.9975966161156,416.1573199177331,422.07368915386456,333.8659392943138,382.5602139695302,373.13122851398384,445.1212841514171,435.63053212067155,419.73112079240207,440.20814262361387,402.14293762023965,482.9242587343196,466.321380205053,364.60997569186424,429.67388920756576,376.280949069441,280.47345556475307,479.7341428560032,404.8612698943025,376.41501066557976,451.83814870737655,337.3616113554747,431.4129308949103,484.23243062207786,428.23972663676807,431.4907331026554,451.1516518450493,475.6559369027824,458.47827326214514,422.5000557964448,453.37665046375633,443.76405650159387,380.6546436278985,432.28231633491157,198.58145076713973,310.8367745706553,277.19619433471945,478.4488328568696,480.4045374203017,431.2014235095146,446.505101995546,327.10129148478165,454.4352890376126,394.31846311751536,181.51441878338963,371.3969398879254,465.11471356252764,419.4319408651247,481.1264754917061,368.2506312839173,404.3563762651335,472.5722631190913,483.9965328936817,478.0914480974228,390.3737726832829,368.84119628391505,434.375202935332,404.51935872340755,341.54927281378747,470.11691008348083,476.33200455338556,457.41991802874435,465.216993743903,465.6852041579456,387.8277801891682,249.37202376821,403.00337304392514,396.99380356190284,467.17692821289654,419.57819460169964,370.19130298195404,225.29902980249537,336.57594952083946,361.46933629248616,414.8223653119731,351.7035188709086,308.2467997505207,357.75488549577346,407.80476954208996,352.6177826948738,470.1523159072358,168.06538409753713,436.9167019779112,478.31780267096883,383.5948221502253,460.69943748975714,483.7537736946192,474.569996316524,266.7773240954273,329.0883662631307,370.4024123808801,456.79998462815047,369.81970468190843,471.8126626999334,438.3107239065258,388.50896587637664,238.26349939513725,432.48264607723166,343.0421309619583,247.66140357239925,428.2117221539891,449.88545601565426,445.17054362325695,334.954188298997,360.0353377981305,411.5329393492601,274.78855367826,404.7325757177729,430.0480676201229,432.8718666577188,467.0966995473217,484.1009762339129,319.5625543191868,336.9957992154869,320.2581014390622,444.6617415965263,401.8316985171921,447.590637938198,486.6588397782695,485.2084796117536,399.5148977606685,375.49416309576804,258.575551103391,406.6967771668967,334.59739819086997,451.11137883558723,484.33817668239504,449.915948523547,361.42686348958955,472.2979277400564,403.38822324020947,390.8233844484055,345.6560581841949,61.75027685704651,485.81461738597596,437.8627549514134,455.14956352476804,399.6512887440392,444.67972235489185,472.5257979546765,427.73148331047287,492.3797209189242,428.8856163404461,446.30180861850636,302.85559799728486,428.8159611924157,415.73284161818884,499.4837057940848,404.62504518268406,406.09600217903494,451.6923537184896,439.69542705652276,469.379001500189,426.2345050126867,271.2586637620612,458.9869757538317,330.79650397800856,152.19814022705253,441.2440977809547,483.21452986711125,392.29001625125983,449.7295047018192,371.39987221614757,381.15044984064366,479.3910746615821,421.24645265192606,405.89579739706915,464.10969913167537,433.3601042284166,484.4657469999198,449.45524870706214,478.7878927162214,426.6271761265375,289.4869622477078,483.24734570631495,420.1614233422977,369.21788750707884,448.36504269272217,377.7754186169259,491.39307802721515,433.5192005097892,465.1596302728582,381.6398540081417,484.8461549436661,418.88029632584033,468.14460727010055,230.24069804663569,399.610004837167,476.3506243215418,389.0342116583279,256.8691528934223
5,20,368.78812488935165,439.0306503352901,472.81773317041467,479.65482360267526,457.5872710511446,449.3625925526957,330.54148060563415,476.9956311447239,480.460829768312,470.9975966161156,416.1573199177331,422.07368915386456,333.8659392943138,382.5602139695302,373.13122851398384,445.1212841514171,435.63053212067155,419.73112079240207,440.20814262361387,402.14293762023965,482.9242587343196,466.321380205053,364.60997569186424,429.67388920756576,376.280949069441,280.47345556475307,479.7341428560032,404.8612698943025,376.41501066557976,451.83814870737655,337.3616113554747,431.4129308949103,484.23243062207786,428.23972663676807,431.4907331026554,451.1516518450493,475.6559369027824,458.47827326214514,422.5000557964448,453.37665046375633,443.76405650159387,380.6546436278985,432.28231633491157,198.58145076713973,310.8367745706553,277.19619433471945,478.4488328568696,480.4045374203017,431.2014235095146,446.505101995546,327.10129148478165,454.4352890376126,394.31846311751536,181.51441878338963,371.3969398879254,465.11471356252764,419.4319408651247,481.1264754917061,368.2506312839173,404.3563762651335,472.5722631190913,483.9965328936817,478.0914480974228,390.3737726832829,368.84119628391505,434.375202935332,404.51935872340755,341.54927281378747,470.11691008348083,476.33200455338556,457.41991802874435,465.216993743903,465.6852041579456,387.8277801891682,249.37202376821,403.00337304392514,396.99380356190284,467.17692821289654,419.57819460169964,370.19130298195404,225.29902980249537,336.57594952083946,361.46933629248616,414.8223653119731,351.7035188709086,308.2467997505207,357.75488549577346,407.80476954208996,352.6177826948738,470.1523159072358,168.06538409753713,436.9167019779112,478.31780267096883,383.5948221502253,460.69943748975714,483.7537736946192,474.569996316524,266.7773240954273,329.0883662631307,370.4024123808801,456.79998462815047,369.81970468190843,471.8126626999334,438.3107239065258,388.50896587637664,238.26349939513725,432.48264607723166,343.0421309619583,247.66140357239925,428.2117221539891,449.88545601565426,445.17054362325695,334.954188298997,360.0353377981305,411.5329393492601,274.78855367826,404.7325757177729,430.0480676201229,432.8718666577188,467.0966995473217,484.1009762339129,319.5625543191868,336.9957992154869,320.2581014390622,444.6617415965263,401.8316985171921,447.590637938198,486.6588397782695,485.2084796117536,399.5148977606685,375.49416309576804,258.575551103391,406.6967771668967,334.59739819086997,451.11137883558723,484.33817668239504,449.915948523547,361.42686348958955,472.2979277400564,403.38822324020947,390.8233844484055,345.6560581841949,61.75027685704651,485.81461738597596,437.8627549514134,455.14956352476804,399.6512887440392,444.67972235489185,472.5257979546765,427.73148331047287,492.3797209189242,428.8856163404461,446.30180861850636,302.85559799728486,428.8159611924157,415.73284161818884,499.4837057940848,404.62504518268406,406.09600217903494,451.6923537184896,439.69542705652276,469.379001500189,426.2345050126867,271.2586637620612,458.9869757538317,330.79650397800856,152.19814022705253,441.2440977809547,483.21452986711125,392.29001625125983,449.7295047018192,371.39987221614757,381.15044984064366,479.3910746615821,421.24645265192606,405.89579739706915,464.10969913167537,433.3601042284166,484.4657469999198,449.45524870706214,478.7878927162214,426.6271761265375,289.4869622477078,483.24734570631495,420.1614233422977,369.21788750707884,448.36504269272217,377.7754186169259,491.39307802721515,433.5192005097892,465.1596302728582,381.6398540081417,484.8461549436661,418.88029632584033,468.14460727010055,230.24069804663569,399.610004837167,476.3506243215418,389.0342116583279,256.8691528934223
5,21,368.78812488935165,439.0306503352901,472.81773317041467,479.65482360267526,457.5872710511446,449.3625925526957,330.54148060563415,476.9956311447239,480.460829768312,470.9975966161156,416.1573199177331,422.07368915386456,333.8659392943138,382.5602139695302,373.13122851398384,445.1212841514171,435.63053212067155,419.73112079240207,440.20814262361387,402.14293762023965,482.9242587343196,466.321380205053,364.60997569186424,429.67388920756576,376.280949069441,280.47345556475307,479.7341428560032,404.8612698943025,376.41501066557976,451.83814870737655,337.3616113554747,431.4129308949103,484.23243062207786,428.23972663676807,431.4907331026554,451.1516518450493,475.6559369027824,458.47827326214514,422.5000557964448,453.37665046375633,443.76405650159387,380.6546436278985,432.28231633491157,198.58145076713973,310.8367745706553,277.19619433471945,478.4488328568696,480.4045374203017,431.2014235095146,446.505101995546,327.10129148478165,454.4352890376126,394.31846311751536,181.51441878338963,371.3969398879254,465.11471356252764,419.4319408651247,481.1264754917061,368.2506312839173,404.3563762651335,472.5722631190913,483.9965328936817,478.0914480974228,390.3737726832829,368.84119628391505,434.375202935332,404.51935872340755,341.54927281378747,470.11691008348083,476.33200455338556,457.41991802874435,465.216993743903,465.6852041579456,387.8277801891682,249.37202376821,403.00337304392514,396.99380356190284,467.17692821289654,419.57819460169964,370.19130298195404,225.29902980249537,336.57594952083946,361.46933629248616,414.8223653119731,351.7035188709086,308.2467997505207,357.75488549577346,407.80476954208996,352.6177826948738,470.1523159072358,168.06538409753713,436.9167019779112,478.31780267096883,383.5948221502253,460.69943748975714,483.7537736946192,474.569996316524,266.7773240954273,329.0883662631307,370.4024123808801,456.79998462815047,369.81970468190843,471.8126626999334,438.3107239065258,388.50896587637664,238.26349939513725,432.48264607723166,343.0421309619583,247.66140357239925,428.2117221539891,449.88545601565426,445.17054362325695,334.954188298997,360.0353377981305,411.5329393492601,274.78855367826,404.7325757177729,430.0480676201229,432.8718666577188,467.0966995473217,484.1009762339129,319.5625543191868,336.9957992154869,320.2581014390622,444.6617415965263,401.8316985171921,447.590637938198,486.6588397782695,485.2084796117536,399.5148977606685,375.49416309576804,258.575551103391,406.6967771668967,334.59739819086997,451.11137883558723,484.33817668239504,449.915948523547,361.42686348958955,472.2979277400564,403.38822324020947,390.8233844484055,345.6560581841949,61.75027685704651,485.81461738597596,437.8627549514134,455.14956352476804,399.6512887440392,444.67972235489185,472.5257979546765,427.73148331047287,492.3797209189242,428.8856163404461,446.30180861850636,302.85559799728486,428.8159611924157,415.73284161818884,499.4837057940848,404.62504518268406,406.09600217903494,451.6923537184896,439.69542705652276,469.379001500189,426.2345050126867,271.2586637620612,458.9869757538317,330.79650397800856,152.19814022705253,441.2440977809547,483.21452986711125,392.29001625125983,449.7295047018192,371.39987221614757,381.15044984064366,479.3910746615821,421.24645265192606,405.89579739706915,464.10969913167537,433.3601042284166,484.4657469999198,449.45524870706214,478.7878927162214,426.6271761265375,289.4869622477078,483.24734570631495,420.1614233422977,369.21788750707884,448.36504269272217,377.7754186169259,491.39307802721515,433.5192005097892,465.1596302728582,381.6398540081417,484.8461549436661,418.88029632584033,468.14460727010055,230.24069804663569,399.610004837167,476.3506243215418,389.0342116583279,256.8691528934223
5,22,368.78812488935165,439.0306503352901,472.81773317041467,479.65482360267526,457.5872710511446,449.3625925526957,330.54148060563415,476.9956311447239,480.460829768312,470.9975966161156,416.1573199177331,422.07368915386456,333.8659392943138,382.5602139695302,373.13122851398384,445.1212841514171,435.63053212067155,419.73112079240207,440.20814262361387,402.14293762023965,482.9242587343196,466.321380205053,364.60997569186424,429.67388920756576,376.280949069441,280.47345556475307,479.7341428560032,404.8612698943025,376.41501066557976,451.83814870737655,337.3616113554747,431.4129308949103,484.23243062207786,428.23972663676807,431.4907331026554,451.1516518450493,475.6559369027824,458.47827326214514,422.5000557964448,453.37665046375633,443.76405650159387,380.6546436278985,432.28231633491157,198.58145076713973,310.8367745706553,277.19619433471945,478.4488328568696,480.4045374203017,431.2014235095146,446.505101995546,327.10129148478165,454.4352890376126,394.31846311751536,181.51441878338963,371.3969398879254,465.11471356252764,419.4319408651247,481.1264754917061,368.2506312839173,404.3563762651335,472.5722631190913,483.9965328936817,478.0914480974228,390.3737726832829,368.84119628391505,434.375202935332,404.51935872340755,341.54927281378747,470.11691008348083,476.33200455338556,457.41991802874435,465.216993743903,465.6852041579456,387.8277801891682,249.37202376821,403.00337304392514,396.99380356190284,467.17692821289654,419.57819460169964,370.19130298195404,225.29902980249537,336.57594952083946,361.46933629248616,414.8223653119731,351.7035188709086,308.2467997505207,357.75488549577346,407.80476954208996,352.6177826948738,470.1523159072358,168.06538409753713,436.9167019779112,478.31780267096883,383.5948221502253,460.69943748975714,483.7537736946192,474.569996316524,266.7773240954273,329.0883662631307,370.4024123808801,456.79998462815047,369.81970468190843,471.8126626999334,438.3107239065258,388.50896587637664,238.26349939513725,432.48264607723166,343.0421309619583,247.66140357239925,428.2117221539891,449.88545601565426,445.17054362325695,334.954188298997,360.0353377981305,411.5329393492601,274.78855367826,404.7325757177729,430.0480676201229,432.8718666577188,467.0966995473217,484.1009762339129,319.5625543191868,336.9957992154869,320.2581014390622,444.6617415965263,401.8316985171921,447.590637938198,486.6588397782695,485.2084796117536,399.5148977606685,375.49416309576804,258.575551103391,406.6967771668967,334.59739819086997,451.11137883558723,484.33817668239504,449.915948523547,361.42686348958955,472.2979277400564,403.38822324020947,390.8233844484055,345.6560581841949,61.75027685704651,485.81461738597596,437.8627549514134,455.14956352476804,399.6512887440392,444.67972235489185,472.5257979546765,427.73148331047287,492.3797209189242,428.8856163404461,446.30180861850636,302.85559799728486,428.8159611924157,415.73284161818884,499.4837057940848,404.62504518268406,406.09600217903494,451.6923537184896,439.69542705652276,469.379001500189,426.2345050126867,271.2586637620612,458.9869757538317,330.79650397800856,152.19814022705253,441.2440977809547,483.21452986711125,392.29001625125983,449.7295047018192,371.39987221614757,381.15044984064366,479.3910746615821,421.24645265192606,405.89579739706915,464.10969913167537,433.3601042284166,484.4657469999198,449.45524870706214,478.7878927162214,426.6271761265375,289.4869622477078,483.24734570631495,420.1614233422977,369.21788750707884,448.36504269272217,377.7754186169259,491.39307802721515,433.5192005097892,465.1596302728582,381.6398540081417,484.8461549436661,418.88029632584033,468.14460727010055,230.24069804663569,399.610004837167,476.3506243215418,389.0342116583279,256.8691528934223
5,23,368.78812488935165,439.0306503352901,472.81773317041467,479.65482360267526,457.5872710511446,449.3625925526957,330.54148060563415,476.9956311447239,480.460829768312,470.9975966161156,416.1573199177331,422.07368915386456,333.8659392943138,382.5602139695302,373.13122851398384,445.1212841514171,435.63053212067155,419.73112079240207,440.20814262361387,402.14293762023965,482.9242587343196,466.321380205053,364.60997569186424,429.67388920756576,376.280949069441,280.47345556475307,479.7341428560032,404.8612698943025,376.41501066557976,451.83814870737655,337.3616113554747,431.4129308949103,484.23243062207786,428.23972663676807,431.4907331026554,451.1516518450493,475.6559369027824,458.47827326214514,422.5000557964448,453.37665046375633,443.76405650159387,380.6546436278985,432.28231633491157,198.58145076713973,310.8367745706553,277.19619433471945,478.4488328568696,480.4045374203017,431.2014235095146,446.505101995546,327.10129148478165,454.4352890376126,394.31846311751536,181.51441878338963,371.3969398879254,465.11471356252764,419.4319408651247,481.1264754917061,368.2506312839173,404.3563762651335,472.5722631190913,483.9965328936817,478.0914480974228,390.3737726832829,368.84119628391505,434.375202935332,404.51935872340755,341.54927281378747,470.11691008348083,476.33200455338556,457.41991802874435,465.216993743903,465.6852041579456,387.8277801891682,249.37202376821,403.00337304392514,396.99380356190284,467.17692821289654,419.57819460169964,370.19130298195404,225.29902980249537,336.57594952083946,361.46933629248616,414.8223653119731,351.7035188709086,308.2467997505207,357.75488549577346,407.80476954208996,352.6177826948738,470.1523159072358,168.06538409753713,436.9167019779112,478.31780267096883,383.5948221502253,460.69943748975714,483.7537736946192,474.569996316524,266.7773240954273,329.0883662631307,370.4024123808801,456.79998462815047,369.81970468190843,471.8126626999334,438.3107239065258,388.50896587637664,238.26349939513725,432.48264607723166,343.0421309619583,247.66140357239925,428.2117221539891,449.88545601565426,445.17054362325695,334.954188298997,360.0353377981305,411.5329393492601,274.78855367826,404.7325757177729,430.0480676201229,432.8718666577188,467.0966995473217,484.1009762339129,319.5625543191868,336.9957992154869,320.2581014390622,444.6617415965263,401.8316985171921,447.590637938198,486.6588397782695,485.2084796117536,399.5148977606685,375.49416309576804,258.575551103391,406.6967771668967,334.59739819086997,451.11137883558723,484.33817668239504,449.915948523547,361.42686348958955,472.2979277400564,403.38822324020947,390.8233844484055,345.6560581841949,61.75027685704651,485.81461738597596,437.8627549514134,455.14956352476804,399.6512887440392,444.67972235489185,472.5257979546765,427.73148331047287,492.3797209189242,428.8856163404461,446.30180861850636,302.85559799728486,428.8159611924157,415.73284161818884,499.4837057940848,404.62504518268406,406.09600217903494,451.6923537184896,439.69542705652276,469.379001500189,426.2345050126867,271.2586637620612,458.9869757538317,330.79650397800856,152.19814022705253,441.2440977809547,483.21452986711125,392.29001625125983,449.7295047018192,371.39987221614757,381.15044984064366,479.3910746615821,421.24645265192606,405.89579739706915,464.10969913167537,433.3601042284166,484.4657469999198,449.45524870706214,478.7878927162214,426.6271761265375,289.4869622477078,483.24734570631495,420.1614233422977,369.21788750707884,448.36504269272217,377.7754186169259,491.39307802721515,433.5192005097892,465.1596302728582,381.6398540081417,484.8461549436661,418.88029632584033,468.14460727010055,230.24069804663569,399.610004837167,476.3506243215418,389.0342116583279,256.8691528934223
5,24,368.78812488935165,439.0306503352901,472.81773317041467,479.65482360267526,457.5872710511446,449.3625925526957,330.54148060563415,476.9956311447239,480.460829768312,470.9975966161156,416.1573199177331,422.07368915386456,333.8659392943138,382.5602139695302,373.13122851398384,445.1212841514171,435.63053212067155,419.73112079240207,440.20814262361387,402.14293762023965,482.9242587343196,466.321380205053,364.60997569186424,429.67388920756576,376.280949069441,280.47345556475307,479.7341428560032,404.8612698943025,376.41501066557976,451.83814870737655,337.3616113554747,431.4129308949103,484.23243062207786,428.23972663676807,431.4907331026554,451.1516518450493,475.6559369027824,458.47827326214514,422.5000557964448,453.37665046375633,443.76405650159387,380.6546436278985,432.28231633491157,198.58145076713973,310.8367745706553,277.19619433471945,478.4488328568696,480.4045374203017,431.2014235095146,446.505101995546,327.10129148478165,454.4352890376126,394.31846311751536,181.51441878338963,371.3969398879254,465.11471356252764,419.4319408651247,481.1264754917061,368.2506312839173,404.3563762651335,472.5722631190913,483.9965328936817,478.0914480974228,390.3737726832829,368.84119628391505,434.375202935332,404.51935872340755,341.54927281378747,470.11691008348083,476.33200455338556,457.41991802874435,465.216993743903,465.6852041579456,387.8277801891682,249.37202376821,403.00337304392514,396.99380356190284,467.17692821289654,419.57819460169964,370.19130298195404,225.29902980249537,336.57594952083946,361.46933629248616,414.8223653119731,351.7035188709086,308.2467997505207,357.75488549577346,407.80476954208996,352.6177826948738,470.1523159072358,168.06538409753713,436.9167019779112,478.31780267096883,383.5948221502253,460.69943748975714,483.7537736946192,474.569996316524,266.7773240954273,329.0883662631307,370.4024123808801,456.79998462815047,369.81970468190843,471.8126626999334,438.3107239065258,388.50896587637664,238.26349939513725,432.48264607723166,343.0421309619583,247.66140357239925,428.2117221539891,449.88545601565426,445.17054362325695,334.954188298997,360.0353377981305,411.5329393492601,274.78855367826,404.7325757177729,430.0480676201229,432.8718666577188,467.0966995473217,484.1009762339129,319.5625543191868,336.9957992154869,320.2581014390622,444.6617415965263,401.8316985171921,447.590637938198,486.6588397782695,485.2084796117536,399.5148977606685,375.49416309576804,258.575551103391,406.6967771668967,334.59739819086997,451.11137883558723,484.33817668239504,449.915948523547,361.42686348958955,472.2979277400564,403.38822324020947,390.8233844484055,345.6560581841949,61.75027685704651,485.81461738597596,437.8627549514134,455.14956352476804,399.6512887440392,444.67972235489185,472.5257979546765,427.73148331047287,492.3797209189242,428.8856163404461,446.30180861850636,302.85559799728486,428.8159611924157,415.73284161818884,499.4837057940848,404.62504518268406,406.09600217903494,451.6923537184896,439.69542705652276,469.379001500189,426.2345050126867,271.2586637620612,458.9869757538317,330.79650397800856,152.19814022705253,441.2440977809547,483.21452986711125,392.29001625125983,449.7295047018192,371.39987221614757,381.15044984064366,479.3910746615821,421.24645265192606,405.89579739706915,464.10969913167537,433.3601042284166,484.4657469999198,449.45524870706214,478.7878927162214,426.6271761265375,289.4869622477078,483.24734570631495,420.1614233422977,369.21788750707884,448.36504269272217,377.7754186169259,491.39307802721515,433.5192005097892,465.1596302728582,381.6398540081417,484.8461549436661,418.88029632584033,468.14460727010055,230.24069804663569,399.610004837167,476.3506243215418,389.0342116583279,256.8691528934223
5,25,368.78812488935165,439.0306503352901,472.81773317041467,479.65482360267526,457.5872710511446,449.3625925526957,330.54148060563415,476.9956311447239,480.460829768312,470.9975966161156,416.1573199177331,422.07368915386456,333.8659392943138,382.5602139695302,373.13122851398384,445.1212841514171,435.63053212067155,419.73112079240207,440.20814262361387,402.14293762023965,482.9242587343196,466.321380205053,364.60997569186424,429.67388920756576,376.280949069441,280.47345556475307,479.7341428560032,404.8612698943025,376.41501066557976,451.83814870737655,337.3616113554747,431.4129308949103,484.23243062207786,428.23972663676807,431.4907331026554,451.1516518450493,475.6559369027824,458.47827326214514,422.5000557964448,453.37665046375633,443.76405650159387,380.6546436278985,432.28231633491157,198.58145076713973,310.8367745706553,277.19619433471945,478.4488328568696,480.4045374203017,431.2014235095146,446.505101995546,327.10129148478165,454.4352890376126,394.31846311751536,181.51441878338963,371.3969398879254,465.11471356252764,419.4319408651247,481.1264754917061,368.2506312839173,404.3563762651335,472.5722631190913,483.9965328936817,478.0914480974228,390.3737726832829,368.84119628391505,434.375202935332,404.51935872340755,341.54927281378747,470.11691008348083,476.33200455338556,457.41991802874435,465.216993743903,465.6852041579456,387.8277801891682,249.37202376821,403.00337304392514,396.99380356190284,467.17692821289654,419.57819460169964,370.19130298195404,225.29902980249537,336.57594952083946,361.46933629248616,414.8223653119731,351.7035188709086,308.2467997505207,357.75488549577346,407.80476954208996,352.6177826948738,470.1523159072358,168.06538409753713,436.9167019779112,478.31780267096883,383.5948221502253,460.69943748975714,483.7537736946192,474.569996316524,266.7773240954273,329.0883662631307,370.4024123808801,456.79998462815047,369.81970468190843,471.8126626999334,438.3107239065258,388.50896587637664,238.26349939513725,432.48264607723166,343.0421309619583,247.66140357239925,428.2117221539891,449.88545601565426,445.17054362325695,334.954188298997,360.0353377981305,411.5329393492601,274.78855367826,404.7325757177729,430.0480676201229,432.8718666577188,467.0966995473217,484.1009762339129,319.5625543191868,336.9957992154869,320.2581014390622,444.6617415965263,401.8316985171921,447.590637938198,486.6588397782695,485.2084796117536,399.5148977606685,375.49416309576804,258.575551103391,406.6967771668967,334.59739819086997,451.11137883558723,484.33817668239504,449.915948523547,361.42686348958955,472.2979277400564,403.38822324020947,390.8233844484055,345.6560581841949,61.75027685704651,485.81461738597596,437.8627549514134,455.14956352476804,399.6512887440392,444.67972235489185,472.5257979546765,427.73148331047287,492.3797209189242,428.8856163404461,446.30180861850636,302.85559799728486,428.8159611924157,415.73284161818884,499.4837057940848,404.62504518268406,406.09600217903494,451.6923537184896,439.69542705652276,469.379001500189,426.2345050126867,271.2586637620612,458.9869757538317,330.79650397800856,152.19814022705253,441.2440977809547,483.21452986711125,392.29001625125983,449.7295047018192,371.39987221614757,381.15044984064366,479.3910746615821,421.24645265192606,405.89579739706915,464.10969913167537,433.3601042284166,484.4657469999198,449.45524870706214,478.7878927162214,426.6271761265375,289.4869622477078,483.24734570631495,420.1614233422977,369.21788750707884,448.36504269272217,377.7754186169259,491.39307802721515,433.5192005097892,465.1596302728582,381.6398540081417,484.8461549436661,418.88029632584033,468.14460727010055,230.24069804663569,399.610004837167,476.3506243215418,389.0342116583279,256.8691528934223
5,26,368.78812488935165,439.0306503352901,472.81773317041467,479.65482360267526,457.5872710511446,449.3625925526957,330.54148060563415,476.9956311447239,480.460829768312,470.9975966161156,416.1573199177331,422.07368915386456,333.8659392943138,382.5602139695302,373.13122851398384,445.1212841514171,435.63053212067155,419.73112079240207,440.20814262361387,402.14293762023965,482.9242587343196,466.321380205053,364.60997569186424,429.67388920756576,376.280949069441,280.47345556475307,479.7341428560032,404.8612698943025,376.41501066557976,451.83814870737655,337.3616113554747,431.4129308949103,484.23243062207786,428.23972663676807,431.4907331026554,451.1516518450493,475.6559369027824,458.47827326214514,422.5000557964448,453.37665046375633,443.76405650159387,380.6546436278985,432.28231633491157,198.58145076713973,310.8367745706553,277.19619433471945,478.4488328568696,480.4045374203017,431.2014235095146,446.505101995546,327.10129148478165,454.4352890376126,394.31846311751536,181.51441878338963,371.3969398879254,465.11471356252764,419.4319408651247,481.1264754917061,368.2506312839173,404.3563762651335,472.5722631190913,483.9965328936817,478.0914480974228,390.3737726832829,368.84119628391505,434.375202935332,404.51935872340755,341.54927281378747,470.11691008348083,476.33200455338556,457.41991802874435,465.216993743903,465.6852041579456,387.8277801891682,249.37202376821,403.00337304392514,396.99380356190284,467.17692821289654,419.57819460169964,370.19130298195404,225.29902980249537,336.57594952083946,361.46933629248616,414.8223653119731,351.7035188709086,308.2467997505207,357.75488549577346,407.80476954208996,352.6177826948738,470.1523159072358,168.06538409753713,436.9167019779112,478.31780267096883,383.5948221502253,460.69943748975714,483.7537736946192,474.569996316524,266.7773240954273,329.0883662631307,370.4024123808801,456.79998462815047,369.81970468190843,471.8126626999334,438.3107239065258,388.50896587637664,238.26349939513725,432.48264607723166,343.0421309619583,247.66140357239925,428.2117221539891,449.88545601565426,445.17054362325695,334.954188298997,360.0353377981305,411.5329393492601,274.78855367826,404.7325757177729,430.0480676201229,432.8718666577188,467.0966995473217,484.1009762339129,319.5625543191868,336.9957992154869,320.2581014390622,444.6617415965263,401.8316985171921,447.590637938198,486.6588397782695,485.2084796117536,399.5148977606685,375.49416309576804,258.575551103391,406.6967771668967,334.59739819086997,451.11137883558723,484.33817668239504,449.915948523547,361.42686348958955,472.2979277400564,403.38822324020947,390.8233844484055,345.6560581841949,61.75027685704651,485.81461738597596,437.8627549514134,455.14956352476804,399.6512887440392,444.67972235489185,472.5257979546765,427.73148331047287,492.3797209189242,428.8856163404461,446.30180861850636,302.85559799728486,428.8159611924157,415.73284161818884,499.4837057940848,404.62504518268406,406.09600217903494,451.6923537184896,439.69542705652276,469.379001500189,426.2345050126867,271.2586637620612,458.9869757538317,330.79650397800856,152.19814022705253,441.2440977809547,483.21452986711125,392.29001625125983,449.7295047018192,371.39987221614757,381.15044984064366,479.3910746615821,421.24645265192606,405.89579739706915,464.10969913167537,433.3601042284166,484.4657469999198,449.45524870706214,478.7878927162214,426.6271761265375,289.4869622477078,483.24734570631495,420.1614233422977,369.21788750707884,448.36504269272217,377.7754186169259,491.39307802721515,433.5192005097892,465.1596302728582,381.6398540081417,484.8461549436661,418.88029632584033,468.14460727010055,230.24069804663569,399.610004837167,476.3506243215418,389.0342116583279,256.8691528934223
5,27,368.78812488935165,439.0306503352901,472.81773317041467,479.65482360267526,457.5872710511446,449.3625925526957,330.54148060563415,476.9956311447239,480.460829768312,470.9975966161156,416.1573199177331,422.07368915386456,333.8659392943138,382.5602139695302,373.13122851398384,445.1212841514171,435.63053212067155,419.73112079240207,440.20814262361387,402.14293762023965,482.9242587343196,466.321380205053,364.60997569186424,429.67388920756576,376.280949069441,280.47345556475307,479.7341428560032,404.8612698943025,376.41501066557976,451.83814870737655,337.3616113554747,431.4129308949103,484.23243062207786,428.23972663676807,431.4907331026554,451.1516518450493,475.6559369027824,458.47827326214514,422.5000557964448,453.37665046375633,443.76405650159387,380.6546436278985,432.28231633491157,198.58145076713973,310.8367745706553,277.19619433471945,478.4488328568696,480.4045374203017,431.2014235095146,446.505101995546,327.10129148478165,454.4352890376126,394.31846311751536,181.51441878338963,371.3969398879254,465.11471356252764,419.4319408651247,481.1264754917061,368.2506312839173,404.3563762651335,472.5722631190913,483.9965328936817,478.0914480974228,390.3737726832829,368.84119628391505,434.375202935332,404.51935872340755,341.54927281378747,470.11691008348083,476.33200455338556,457.41991802874435,465.216993743903,465.6852041579456,387.8277801891682,249.37202376821,403.00337304392514,396.99380356190284,467.17692821289654,419.57819460169964,370.19130298195404,225.29902980249537,336.57594952083946,361.46933629248616,414.8223653119731,351.7035188709086,308.2467997505207,357.75488549577346,407.80476954208996,352.6177826948738,470.1523159072358,168.06538409753713,436.9167019779112,478.31780267096883,383.5948221502253,460.69943748975714,483.7537736946192,474.569996316524,266.7773240954273,329.0883662631307,370.4024123808801,456.79998462815047,369.81970468190843,471.8126626999334,438.3107239065258,388.50896587637664,238.26349939513725,432.48264607723166,343.0421309619583,247.66140357239925,428.2117221539891,449.88545601565426,445.17054362325695,334.954188298997,360.0353377981305,411.5329393492601,274.78855367826,404.7325757177729,430.0480676201229,432.8718666577188,467.0966995473217,484.1009762339129,319.5625543191868,336.9957992154869,320.2581014390622,444.6617415965263,401.8316985171921,447.590637938198,486.6588397782695,485.2084796117536,399.5148977606685,375.49416309576804,258.575551103391,406.6967771668967,334.59739819086997,451.11137883558723,484.33817668239504,449.915948523547,361.42686348958955,472.2979277400564,403.38822324020947,390.8233844484055,345.6560581841949,61.75027685704651,485.81461738597596,437.8627549514134,455.14956352476804,399.6512887440392,444.67972235489185,472.5257979546765,427.73148331047287,492.3797209189242,428.8856163404461,446.30180861850636,302.85559799728486,428.8159611924157,415.73284161818884,499.4837057940848,404.62504518268406,406.09600217903494,451.6923537184896,439.69542705652276,469.379001500189,426.2345050126867,271.2586637620612,458.9869757538317,330.79650397800856,152.19814022705253,441.2440977809547,483.21452986711125,392.29001625125983,449.7295047018192,371.39987221614757,381.15044984064366,479.3910746615821,421.24645265192606,405.89579739706915,464.10969913167537,433.3601042284166,484.4657469999198,449.45524870706214,478.7878927162214,426.6271761265375,289.4869622477078,483.24734570631495,420.1614233422977,369.21788750707884,448.36504269272217,377.7754186169259,491.39307802721515,433.5192005097892,465.1596302728582,381.6398540081417,484.8461549436661,418.88029632584033,468.14460727010055,230.24069804663569,399.610004837167,476.3506243215418,389.0342116583279,256.8691528934223
5,28,368.78812488935165,439.0306503352901,472.81773317041467,479.65482360267526,457.5872710511446,449.3625925526957,330.54148060563415,476.9956311447239,480.460829768312,470.9975966161156,416.1573199177331,422.07368915386456,333.8659392943138,382.5602139695302,373.13122851398384,445.1212841514171,435.63053212067155,419.73112079240207,440.20814262361387,402.14293762023965,482.9242587343196,466.321380205053,364.60997569186424,429.67388920756576,376.280949069441,280.47345556475307,479.7341428560032,404.8612698943025,376.41501066557976,451.83814870737655,337.3616113554747,431.4129308949103,484.23243062207786,428.23972663676807,431.4907331026554,451.1516518450493,475.6559369027824,458.47827326214514,422.5000557964448,453.37665046375633,443.76405650159387,380.6546436278985,432.28231633491157,198.58145076713973,310.8367745706553,277.19619433471945,478.4488328568696,480.4045374203017,431.2014235095146,446.505101995546,327.10129148478165,454.4352890376126,394.31846311751536,181.51441878338963,371.3969398879254,465.11471356252764,419.4319408651247,481.1264754917061,368.2506312839173,404.3563762651335,472.5722631190913,483.9965328936817,478.0914480974228,390.3737726832829,368.84119628391505,434.375202935332,404.51935872340755,341.54927281378747,470.11691008348083,476.33200455338556,457.41991802874435,465.216993743903,465.6852041579456,387.8277801891682,249.37202376821,403.00337304392514,396.99380356190284,467.17692821289654,419.57819460169964,370.19130298195404,225.29902980249537,336.57594952083946,361.46933629248616,414.8223653119731,351.7035188709086,308.2467997505207,357.75488549577346,407.80476954208996,352.6177826948738,470.1523159072358,168.06538409753713,436.9167019779112,478.31780267096883,383.5948221502253,460.69943748975714,483.7537736946192,474.569996316524,266.7773240954273,329.0883662631307,370.4024123808801,456.79998462815047,369.81970468190843,471.8126626999334,438.3107239065258,388.50896587637664,238.26349939513725,432.48264607723166,343.0421309619583,247.66140357239925,428.2117221539891,449.88545601565426,445.17054362325695,334.954188298997,360.0353377981305,411.5329393492601,274.78855367826,404.7325757177729,430.0480676201229,432.8718666577188,467.0966995473217,484.1009762339129,319.5625543191868,336.9957992154869,320.2581014390622,444.6617415965263,401.8316985171921,447.590637938198,486.6588397782695,485.2084796117536,399.5148977606685,375.49416309576804,258.575551103391,406.6967771668967,334.59739819086997,451.11137883558723,484.33817668239504,449.915948523547,361.42686348958955,472.2979277400564,403.38822324020947,390.8233844484055,345.6560581841949,61.75027685704651,485.81461738597596,437.8627549514134,455.14956352476804,399.6512887440392,444.67972235489185,472.5257979546765,427.73148331047287,492.3797209189242,428.8856163404461,446.30180861850636,302.85559799728486,428.8159611924157,415.73284161818884,499.4837057940848,404.62504518268406,406.09600217903494,451.6923537184896,439.69542705652276,469.379001500189,426.2345050126867,271.2586637620612,458.9869757538317,330.79650397800856,152.19814022705253,441.2440977809547,483.21452986711125,392.29001625125983,449.7295047018192,371.39987221614757,381.15044984064366,479.3910746615821,421.24645265192606,405.89579739706915,464.10969913167537,433.3601042284166,484.4657469999198,449.45524870706214,478.7878927162214,426.6271761265375,289.4869622477078,483.24734570631495,420.1614233422977,369.21788750707884,448.36504269272217,377.7754186169259,491.39307802721515,433.5192005097892,465.1596302728582,381.6398540081417,484.8461549436661,418.88029632584033,468.14460727010055,230.24069804663569,399.610004837167,476.3506243215418,389.0342116583279,256.8691528934223
5,29,368.78812488935165,439.0306503352901,472.81773317041467,479.65482360267526,457.5872710511446,449.3625925526957,330.54148060563415,476.9956311447239,480.460829768312,470.9975966161156,416.1573199177331,422.07368915386456,333.8659392943138,382.5602139695302,373.13122851398384,445.1212841514171,435.63053212067155,419.73112079240207,440.20814262361387,402.14293762023965,482.9242587343196,466.321380205053,364.60997569186424,429.67388920756576,376.280949069441,280.47345556475307,479.7341428560032,404.8612698943025,376.41501066557976,451.83814870737655,337.3616113554747,431.4129308949103,484.23243062207786,428.23972663676807,431.4907331026554,451.1516518450493,475.6559369027824,458.47827326214514,422.5000557964448,453.37665046375633,443.76405650159387,380.6546436278985,432.28231633491157,198.58145076713973,310.8367745706553,277.19619433471945,478.4488328568696,480.4045374203017,431.2014235095146,446.505101995546,327.10129148478165,454.4352890376126,394.31846311751536,181.51441878338963,371.3969398879254,465.11471356252764,419.4319408651247,481.1264754917061,368.2506312839173,404.3563762651335,472.5722631190913,483.9965328936817,478.0914480974228,390.3737726832829,368.84119628391505,434.375202935332,404.51935872340755,341.54927281378747,470.11691008348083,476.33200455338556,457.41991802874435,465.216993743903,465.6852041579456,387.8277801891682,249.37202376821,403.00337304392514,396.99380356190284,467.17692821289654,419.57819460169964,370.19130298195404,225.29902980249537,336.57594952083946,361.46933629248616,414.8223653119731,351.7035188709086,308.2467997505207,357.75488549577346,407.80476954208996,352.6177826948738,470.1523159072358,168.06538409753713,436.9167019779112,478.31780267096883,383.5948221502253,460.69943748975714,483.7537736946192,474.569996316524,266.7773240954273,329.0883662631307,370.4024123808801,456.79998462815047,369.81970468190843,471.8126626999334,438.3107239065258,388.50896587637664,238.26349939513725,432.48264607723166,343.0421309619583,247.66140357239925,428.2117221539891,449.88545601565426,445.17054362325695,334.954188298997,360.0353377981305,411.5329393492601,274.78855367826,404.7325757177729,430.0480676201229,432.8718666577188,467.0966995473217,484.1009762339129,319.5625543191868,336.9957992154869,320.2581014390622,444.6617415965263,401.8316985171921,447.590637938198,486.6588397782695,485.2084796117536,399.5148977606685,375.49416309576804,258.575551103391,406.6967771668967,334.59739819086997,451.11137883558723,484.33817668239504,449.915948523547,361.42686348958955,472.2979277400564,403.38822324020947,390.8233844484055,345.6560581841949,61.75027685704651,485.81461738597596,437.8627549514134,455.14956352476804,399.6512887440392,444.67972235489185,472.5257979546765,427.73148331047287,492.3797209189242,428.8856163404461,446.30180861850636,302.85559799728486,428.8159611924157,415.73284161818884,499.4837057940848,404.62504518268406,406.09600217903494,451.6923537184896,439.69542705652276,469.379001500189,426.2345050126867,271.2586637620612,458.9869757538317,330.79650397800856,152.19814022705253,441.2440977809547,483.21452986711125,392.29001625125983,449.7295047018192,371.39987221614757,381.15044984064366,479.3910746615821,421.24645265192606,405.89579739706915,464.10969913167537,433.3601042284166,484.4657469999198,449.45524870706214,478.7878927162214,426.6271761265375,289.4869622477078,483.24734570631495,420.1614233422977,369.21788750707884,448.36504269272217,377.7754186169259,491.39307802721515,433.5192005097892,465.1596302728582,381.6398540081417,484.8461549436661,418.88029632584033,468.14460727010055,230.24069804663569,399.610004837167,476.3506243215418,389.0342116583279,256.8691528934223
5,30,368.78812488935165,439.0306503352901,472.81773317041467,479.65482360267526,457.5872710511446,449.3625925526957,330.54148060563415,476.9956311447239,480.460829768312,470.9975966161156,416.1573199177331,422.07368915386456,333.8659392943138,382.5602139695302,373.13122851398384,445.1212841514171,435.63053212067155,419.73112079240207,440.20814262361387,402.14293762023965,482.9242587343196,466.321380205053,364.60997569186424,429.67388920756576,376.280949069441,280.47345556475307,479.7341428560032,404.8612698943025,376.41501066557976,451.83814870737655,337.3616113554747,431.4129308949103,484.23243062207786,428.23972663676807,431.4907331026554,451.1516518450493,475.6559369027824,458.47827326214514,422.5000557964448,453.37665046375633,443.76405650159387,380.6546436278985,432.28231633491157,198.58145076713973,310.8367745706553,277.19619433471945,478.4488328568696,480.4045374203017,431.2014235095146,446.505101995546,327.10129148478165,454.4352890376126,394.31846311751536,181.51441878338963,371.3969398879254,465.11471356252764,419.4319408651247,481.1264754917061,368.2506312839173,404.3563762651335,472.5722631190913,483.9965328936817,478.0914480974228,390.3737726832829,368.84119628391505,434.375202935332,404.51935872340755,341.54927281378747,470.11691008348083,476.33200455338556,457.41991802874435,465.216993743903,465.6852041579456,387.8277801891682,249.37202376821,403.00337304392514,396.99380356190284,467.17692821289654,419.57819460169964,370.19130298195404,225.29902980249537,336.57594952083946,361.46933629248616,414.8223653119731,351.7035188709086,308.2467997505207,357.75488549577346,407.80476954208996,352.6177826948738,470.1523159072358,168.06538409753713,436.9167019779112,478.31780267096883,383.5948221502253,460.69943748975714,483.7537736946192,474.569996316524,266.7773240954273,329.0883662631307,370.4024123808801,456.79998462815047,369.81970468190843,471.8126626999334,438.3107239065258,388.50896587637664,238.26349939513725,432.48264607723166,343.0421309619583,247.66140357239925,428.2117221539891,449.88545601565426,445.17054362325695,334.954188298997,360.0353377981305,411.5329393492601,274.78855367826,404.7325757177729,430.0480676201229,432.8718666577188,467.0966995473217,484.1009762339129,319.5625543191868,336.9957992154869,320.2581014390622,444.6617415965263,401.8316985171921,447.590637938198,486.6588397782695,485.2084796117536,399.5148977606685,375.49416309576804,258.575551103391,406.6967771668967,334.59739819086997,451.11137883558723,484.33817668239504,449.915948523547,361.42686348958955,472.2979277400564,403.38822324020947,390.8233844484055,345.6560581841949,61.75027685704651,485.81461738597596,437.8627549514134,455.14956352476804,399.6512887440392,444.67972235489185,472.5257979546765,427.73148331047287,492.3797209189242,428.8856163404461,446.30180861850636,302.85559799728486,428.8159611924157,415.73284161818884,499.4837057940848,404.62504518268406,406.09600217903494,451.6923537184896,439.69542705652276,469.379001500189,426.2345050126867,271.2586637620612,458.9869757538317,330.79650397800856,152.19814022705253,441.2440977809547,483.21452986711125,392.29001625125983,449.7295047018192,371.39987221614757,381.15044984064366,479.3910746615821,421.24645265192606,405.89579739706915,464.10969913167537,433.3601042284166,484.4657469999198,449.45524870706214,478.7878927162214,426.6271761265375,289.4869622477078,483.24734570631495,420.1614233422977,369.21788750707884,448.36504269272217,377.7754186169259,491.39307802721515,433.5192005097892,465.1596302728582,381.6398540081417,484.8461549436661,418.88029632584033,468.14460727010055,230.24069804663569,399.610004837167,476.3506243215418,389.0342116583279,256.8691528934223
5,31,368.78812488935165,439.0306503352901,472.81773317041467,479.65482360267526,457.5872710511446,449.3625925526957,330.54148060563415,476.9956311447239,480.460829768312,470.9975966161156,416.1573199177331,422.07368915386456,333.8659392943138,382.5602139695302,373.13122851398384,445.1212841514171,435.63053212067155,419.73112079240207,440.20814262361387,402.14293762023965,482.9242587343196,466.321380205053,364.60997569186424,429.67388920756576,376.280949069441,280.47345556475307,479.7341428560032,404.8612698943025,376.41501066557976,451.83814870737655,337.3616113554747,431.4129308949103,484.23243062207786,428.23972663676807,431.4907331026554,451.1516518450493,475.6559369027824,458.47827326214514,422.5000557964448,453.37665046375633,443.76405650159387,380.6546436278985,432.28231633491157,198.58145076713973,310.8367745706553,277.19619433471945,478.4488328568696,480.4045374203017,431.2014235095146,446.505101995546,327.10129148478165,454.4352890376126,394.31846311751536,181.51441878338963,371.3969398879254,465.11471356252764,419.4319408651247,481.1264754917061,368.2506312839173,404.3563762651335,472.5722631190913,483.9965328936817,478.0914480974228,390.3737726832829,368.84119628391505,434.375202935332,404.51935872340755,341.54927281378747,470.11691008348083,476.33200455338556,457.41991802874435,465.216993743903,465.6852041579456,387.8277801891682,249.37202376821,403.00337304392514,396.99380356190284,467.17692821289654,419.57819460169964,370.19130298195404,225.29902980249537,336.57594952083946,361.46933629248616,414.8223653119731,351.7035188709086,308.2467997505207,357.75488549577346,407.80476954208996,352.6177826948738,470.1523159072358,168.06538409753713,436.9167019779112,478.31780267096883,383.5948221502253,460.69943748975714,483.7537736946192,474.569996316524,266.7773240954273,329.0883662631307,370.4024123808801,456.79998462815047,369.81970468190843,471.8126626999334,438.3107239065258,388.50896587637664,238.26349939513725,432.48264607723166,343.0421309619583,247.66140357239925,428.2117221539891,449.88545601565426,445.17054362325695,334.954188298997,360.0353377981305,411.5329393492601,274.78855367826,404.7325757177729,430.0480676201229,432.8718666577188,467.0966995473217,484.1009762339129,319.5625543191868,336.9957992154869,320.2581014390622,444.6617415965263,401.8316985171921,447.590637938198,486.6588397782695,485.2084796117536,399.5148977606685,375.49416309576804,258.575551103391,406.6967771668967,334.59739819086997,451.11137883558723,484.33817668239504,449.915948523547,361.42686348958955,472.2979277400564,403.38822324020947,390.8233844484055,345.6560581841949,61.75027685704651,485.81461738597596,437.8627549514134,455.14956352476804,399.6512887440392,444.67972235489185,472.5257979546765,427.73148331047287,492.3797209189242,428.8856163404461,446.30180861850636,302.85559799728486,428.8159611924157,415.73284161818884,499.4837057940848,404.62504518268406,406.09600217903494,451.6923537184896,439.69542705652276,469.379001500189,426.2345050126867,271.2586637620612,458.9869757538317,330.79650397800856,152.19814022705253,441.2440977809547,483.21452986711125,392.29001625125983,449.7295047018192,371.39987221614757,381.15044984064366,479.3910746615821,421.24645265192606,405.89579739706915,464.10969913167537,433.3601042284166,484.4657469999198,449.45524870706214,478.7878927162214,426.6271761265375,289.4869622477078,483.24734570631495,420.1614233422977,369.21788750707884,448.36504269272217,377.7754186169259,491.39307802721515,433.5192005097892,465.1596302728582,381.6398540081417,484.8461549436661,418.88029632584033,468.14460727010055,230.24069804663569,399.610004837167,476.3506243215418,389.0342116583279,256.8691528934223
5,32,368.78812488935165,439.0306503352901,472.81773317041467,479.65482360267526,457.5872710511446,449.3625925526957,330.54148060563415,476.9956311447239,480.460829768312,470.9975966161156,416.1573199177331,422.07368915386456,333.8659392943138,382.5602139695302,373.13122851398384,445.1212841514171,435.63053212067155,419.73112079240207,440.20814262361387,402.14293762023965,482.9242587343196,466.321380205053,364.60997569186424,429.67388920756576,376.280949069441,280.47345556475307,479.7341428560032,404.8612698943025,376.41501066557976,451.83814870737655,337.3616113554747,431.4129308949103,484.23243062207786,428.23972663676807,431.4907331026554,451.1516518450493,475.6559369027824,458.47827326214514,422.5000557964448,453.37665046375633,443.76405650159387,380.6546436278985,432.28231633491157,198.58145076713973,310.8367745706553,277.19619433471945,478.4488328568696,480.4045374203017,431.2014235095146,446.505101995546,327.10129148478165,454.4352890376126,394.31846311751536,181.51441878338963,371.3969398879254,465.11471356252764,419.4319408651247,481.1264754917061,368.2506312839173,404.3563762651335,472.5722631190913,483.9965328936817,478.0914480974228,390.3737726832829,368.84119628391505,434.375202935332,404.51935872340755,341.54927281378747,470.11691008348083,476.33200455338556,457.41991802874435,465.216993743903,465.6852041579456,387.8277801891682,249.37202376821,403.00337304392514,396.99380356190284,467.17692821289654,419.57819460169964,370.19130298195404,225.29902980249537,336.57594952083946,361.46933629248616,414.8223653119731,351.7035188709086,308.2467997505207,357.75488549577346,407.80476954208996,352.6177826948738,470.1523159072358,168.06538409753713,436.9167019779112,478.31780267096883,383.5948221502253,460.69943748975714,483.7537736946192,474.569996316524,266.7773240954273,329.0883662631307,370.4024123808801,456.79998462815047,369.81970468190843,471.8126626999334,438.3107239065258,388.50896587637664,238.26349939513725,432.48264607723166,343.0421309619583,247.66140357239925,428.2117221539891,449.88545601565426,445.17054362325695,334.954188298997,360.0353377981305,411.5329393492601,274.78855367826,404.7325757177729,430.0480676201229,432.8718666577188,467.0966995473217,484.1009762339129,319.5625543191868,336.9957992154869,320.2581014390622,444.6617415965263,401.8316985171921,447.590637938198,486.6588397782695,485.2084796117536,399.5148977606685,375.49416309576804,258.575551103391,406.6967771668967,334.59739819086997,451.11137883558723,484.33817668239504,449.915948523547,361.42686348958955,472.2979277400564,403.38822324020947,390.8233844484055,345.6560581841949,61.75027685704651,485.81461738597596,437.8627549514134,455.14956352476804,399.6512887440392,444.67972235489185,472.5257979546765,427.73148331047287,492.3797209189242,428.8856163404461,446.30180861850636,302.85559799728486,428.8159611924157,415.73284161818884,499.4837057940848,404.62504518268406,406.09600217903494,451.6923537184896,439.69542705652276,469.379001500189,426.2345050126867,271.2586637620612,458.9869757538317,330.79650397800856,152.19814022705253,441.2440977809547,483.21452986711125,392.29001625125983,449.7295047018192,371.39987221614757,381.15044984064366,479.3910746615821,421.24645265192606,405.89579739706915,464.10969913167537,433.3601042284166,484.4657469999198,449.45524870706214,478.7878927162214,426.6271761265375,289.4869622477078,483.24734570631495,420.1614233422977,369.21788750707884,448.36504269272217,377.7754186169259,491.39307802721515,433.5192005097892,465.1596302728582,381.6398540081417,484.8461549436661,418.88029632584033,468.14460727010055,230.24069804663569,399.610004837167,476.3506243215418,389.0342116583279,256.8691528934223
5,33,368.78812488935165,439.0306503352901,472.81773317041467,479.65482360267526,457.5872710511446,449.3625925526957,330.54148060563415,476.9956311447239,480.460829768312,470.9975966161156,416.1573199177331,422.07368915386456,333.8659392943138,382.5602139695302,373.13122851398384,445.1212841514171,435.63053212067155,419.73112079240207,440.20814262361387,402.14293762023965,482.9242587343196,466.321380205053,364.60997569186424,429.67388920756576,376.280949069441,280.47345556475307,479.7341428560032,404.8612698943025,376.41501066557976,451.83814870737655,337.3616113554747,431.4129308949103,484.23243062207786,428.23972663676807,431.4907331026554,451.1516518450493,475.6559369027824,458.47827326214514,422.5000557964448,453.37665046375633,443.76405650159387,380.6546436278985,432.28231633491157,198.58145076713973,310.8367745706553,277.19619433471945,478.4488328568696,480.4045374203017,431.2014235095146,446.505101995546,327.10129148478165,454.4352890376126,394.31846311751536,181.51441878338963,371.3969398879254,465.11471356252764,419.4319408651247,481.1264754917061,368.2506312839173,404.3563762651335,472.5722631190913,483.9965328936817,478.0914480974228,390.3737726832829,368.84119628391505,434.375202935332,404.51935872340755,341.54927281378747,470.11691008348083,476.33200455338556,457.41991802874435,465.216993743903,465.6852041579456,387.8277801891682,249.37202376821,403.00337304392514,396.99380356190284,467.17692821289654,419.57819460169964,370.19130298195404,225.29902980249537,336.57594952083946,361.46933629248616,414.8223653119731,351.7035188709086,308.2467997505207,357.75488549577346,407.80476954208996,352.6177826948738,470.1523159072358,168.06538409753713,436.9167019779112,478.31780267096883,383.5948221502253,460.69943748975714,483.7537736946192,474.569996316524,266.7773240954273,329.0883662631307,370.4024123808801,456.79998462815047,369.81970468190843,471.8126626999334,438.3107239065258,388.50896587637664,238.26349939513725,432.48264607723166,343.0421309619583,247.66140357239925,428.2117221539891,449.88545601565426,445.17054362325695,334.954188298997,360.0353377981305,411.5329393492601,274.78855367826,404.7325757177729,430.0480676201229,432.8718666577188,467.0966995473217,484.1009762339129,319.5625543191868,336.9957992154869,320.2581014390622,444.6617415965263,401.8316985171921,447.590637938198,486.6588397782695,485.2084796117536,399.5148977606685,375.49416309576804,258.575551103391,406.6967771668967,334.59739819086997,451.11137883558723,484.33817668239504,449.915948523547,361.42686348958955,472.2979277400564,403.38822324020947,390.8233844484055,345.6560581841949,61.75027685704651,485.81461738597596,437.8627549514134,455.14956352476804,399.6512887440392,444.67972235489185,472.5257979546765,427.73148331047287,492.3797209189242,428.8856163404461,446.30180861850636,302.85559799728486,428.8159611924157,415.73284161818884,499.4837057940848,404.62504518268406,406.09600217903494,451.6923537184896,439.69542705652276,469.379001500189,426.2345050126867,271.2586637620612,458.9869757538317,330.79650397800856,152.19814022705253,441.2440977809547,483.21452986711125,392.29001625125983,449.7295047018192,371.39987221614757,381.15044984064366,479.3910746615821,421.24645265192606,405.89579739706915,464.10969913167537,433.3601042284166,484.4657469999198,449.45524870706214,478.7878927162214,426.6271761265375,289.4869622477078,483.24734570631495,420.1614233422977,369.21788750707884,448.36504269272217,377.7754186169259,491.39307802721515,433.5192005097892,465.1596302728582,381.6398540081417,484.8461549436661,418.88029632584033,468.14460727010055,230.24069804663569,399.610004837167,476.3506243215418,389.0342116583279,256.8691528934223
5,34,368.78812488935165,439.0306503352901,472.81773317041467,479.65482360267526,457.5872710511446,449.3625925526957,330.54148060563415,476.9956311447239,480.460829768312,470.9975966161156,416.1573199177331,422.07368915386456,333.8659392943138,382.5602139695302,373.13122851398384,445.1212841514171,435.63053212067155,419.73112079240207,440.20814262361387,402.14293762023965,482.9242587343196,466.321380205053,364.60997569186424,429.67388920756576,376.280949069441,280.47345556475307,479.7341428560032,404.8612698943025,376.41501066557976,451.83814870737655,337.3616113554747,431.4129308949103,484.23243062207786,428.23972663676807,431.4907331026554,451.1516518450493,475.6559369027824,458.47827326214514,422.5000557964448,453.37665046375633,443.76405650159387,380.6546436278985,432.28231633491157,198.58145076713973,310.8367745706553,277.19619433471945,478.4488328568696,480.4045374203017,431.2014235095146,446.505101995546,327.10129148478165,454.4352890376126,394.31846311751536,181.51441878338963,371.3969398879254,465.11471356252764,419.4319408651247,481.1264754917061,368.2506312839173,404.3563762651335,472.5722631190913,483.9965328936817,478.0914480974228,390.3737726832829,368.84119628391505,434.375202935332,404.51935872340755,341.54927281378747,470.11691008348083,476.33200455338556,457.41991802874435,465.216993743903,465.6852041579456,387.8277801891682,249.37202376821,403.00337304392514,396.99380356190284,467.17692821289654,419.57819460169964,370.19130298195404,225.29902980249537,336.57594952083946,361.46933629248616,414.8223653119731,351.7035188709086,308.2467997505207,357.75488549577346,407.80476954208996,352.6177826948738,470.1523159072358,168.06538409753713,436.9167019779112,478.31780267096883,383.5948221502253,460.69943748975714,483.7537736946192,474.569996316524,266.7773240954273,329.0883662631307,370.4024123808801,456.79998462815047,369.81970468190843,471.8126626999334,438.3107239065258,388.50896587637664,238.26349939513725,432.48264607723166,343.0421309619583,247.66140357239925,428.2117221539891,449.88545601565426,445.17054362325695,334.954188298997,360.0353377981305,411.5329393492601,274.78855367826,404.7325757177729,430.0480676201229,432.8718666577188,467.0966995473217,484.1009762339129,319.5625543191868,336.9957992154869,320.2581014390622,444.6617415965263,401.8316985171921,447.590637938198,486.6588397782695,485.2084796117536,399.5148977606685,375.49416309576804,258.575551103391,406.6967771668967,334.59739819086997,451.11137883558723,484.33817668239504,449.915948523547,361.42686348958955,472.2979277400564,403.38822324020947,390.8233844484055,345.6560581841949,61.75027685704651,485.81461738597596,437.8627549514134,455.14956352476804,399.6512887440392,444.67972235489185,472.5257979546765,427.73148331047287,492.3797209189242,428.8856163404461,446.30180861850636,302.85559799728486,428.8159611924157,415.73284161818884,499.4837057940848,404.62504518268406,406.09600217903494,451.6923537184896,439.69542705652276,469.379001500189,426.2345050126867,271.2586637620612,458.9869757538317,330.79650397800856,152.19814022705253,441.2440977809547,483.21452986711125,392.29001625125983,449.7295047018192,371.39987221614757,381.15044984064366,479.3910746615821,421.24645265192606,405.89579739706915,464.10969913167537,433.3601042284166,484.4657469999198,449.45524870706214,478.7878927162214,426.6271761265375,289.4869622477078,483.24734570631495,420.1614233422977,369.21788750707884,448.36504269272217,377.7754186169259,491.39307802721515,433.5192005097892,465.1596302728582,381.6398540081417,484.8461549436661,418.88029632584033,468.14460727010055,230.24069804663569,399.610004837167,476.3506243215418,389.0342116583279,256.8691528934223
5,35,368.78812488935165,439.0306503352901,472.81773317041467,479.65482360267526,457.5872710511446,449.3625925526957,330.54148060563415,476.9956311447239,480.460829768312,470.9975966161156,416.1573199177331,422.07368915386456,333.8659392943138,382.5602139695302,373.13122851398384,445.1212841514171,435.63053212067155,419.73112079240207,440.20814262361387,402.14293762023965,482.9242587343196,466.321380205053,364.60997569186424,429.67388920756576,376.280949069441,280.47345556475307,479.7341428560032,404.8612698943025,376.41501066557976,451.83814870737655,337.3616113554747,431.4129308949103,484.23243062207786,428.23972663676807,431.4907331026554,451.1516518450493,475.6559369027824,458.47827326214514,422.5000557964448,453.37665046375633,443.76405650159387,380.6546436278985,432.28231633491157,198.58145076713973,310.8367745706553,277.19619433471945,478.4488328568696,480.4045374203017,431.2014235095146,446.505101995546,327.10129148478165,454.4352890376126,394.31846311751536,181.51441878338963,371.3969398879254,465.11471356252764,419.4319408651247,481.1264754917061,368.2506312839173,404.3563762651335,472.5722631190913,483.9965328936817,478.0914480974228,390.3737726832829,368.84119628391505,434.375202935332,404.51935872340755,341.54927281378747,470.11691008348083,476.33200455338556,457.41991802874435,465.216993743903,465.6852041579456,387.8277801891682,249.37202376821,403.00337304392514,396.99380356190284,467.17692821289654,419.57819460169964,370.19130298195404,225.29902980249537,336.57594952083946,361.46933629248616,414.8223653119731,351.7035188709086,308.2467997505207,357.75488549577346,407.80476954208996,352.6177826948738,470.1523159072358,168.06538409753713,436.9167019779112,478.31780267096883,383.5948221502253,460.69943748975714,483.7537736946192,474.569996316524,266.7773240954273,329.0883662631307,370.4024123808801,456.79998462815047,369.81970468190843,471.8126626999334,438.3107239065258,388.50896587637664,238.26349939513725,432.48264607723166,343.0421309619583,247.66140357239925,428.2117221539891,449.88545601565426,445.17054362325695,334.954188298997,360.0353377981305,411.5329393492601,274.78855367826,404.7325757177729,430.0480676201229,432.8718666577188,467.0966995473217,484.1009762339129,319.5625543191868,336.9957992154869,320.2581014390622,444.6617415965263,401.8316985171921,447.590637938198,486.6588397782695,485.2084796117536,399.5148977606685,375.49416309576804,258.575551103391,406.6967771668967,334.59739819086997,451.11137883558723,484.33817668239504,449.915948523547,361.42686348958955,472.2979277400564,403.38822324020947,390.8233844484055,345.6560581841949,61.75027685704651,485.81461738597596,437.8627549514134,455.14956352476804,399.6512887440392,444.67972235489185,472.5257979546765,427.73148331047287,492.3797209189242,428.8856163404461,446.30180861850636,302.85559799728486,428.8159611924157,415.73284161818884,499.4837057940848,404.62504518268406,406.09600217903494,451.6923537184896,439.69542705652276,469.379001500189,426.2345050126867,271.2586637620612,458.9869757538317,330.79650397800856,152.19814022705253,441.2440977809547,483.21452986711125,392.29001625125983,449.7295047018192,371.39987221614757,381.15044984064366,479.3910746615821,421.24645265192606,405.89579739706915,464.10969913167537,433.3601042284166,484.4657469999198,449.45524870706214,478.7878927162214,426.6271761265375,289.4869622477078,483.24734570631495,420.1614233422977,369.21788750707884,448.36504269272217,377.7754186169259,491.39307802721515,433.5192005097892,465.1596302728582,381.6398540081417,484.8461549436661,418.88029632584033,468.14460727010055,230.24069804663569,399.610004837167,476.3506243215418,389.0342116583279,256.8691528934223
5,36,368.78812488935165,439.0306503352901,472.81773317041467,479.65482360267526,457.5872710511446,449.3625925526957,330.54148060563415,476.9956311447239,480.460829768312,470.9975966161156,416.1573199177331,422.07368915386456,333.8659392943138,382.5602139695302,373.13122851398384,445.1212841514171,435.63053212067155,419.73112079240207,440.20814262361387,402.14293762023965,482.9242587343196,466.321380205053,364.60997569186424,429.67388920756576,376.280949069441,280.47345556475307,479.7341428560032,404.8612698943025,376.41501066557976,451.83814870737655,337.3616113554747,431.4129308949103,484.23243062207786,428.23972663676807,431.4907331026554,451.1516518450493,475.6559369027824,458.47827326214514,422.5000557964448,453.37665046375633,443.76405650159387,380.6546436278985,432.28231633491157,198.58145076713973,310.8367745706553,277.19619433471945,478.4488328568696,480.4045374203017,431.2014235095146,446.505101995546,327.10129148478165,454.4352890376126,394.31846311751536,181.51441878338963,371.3969398879254,465.11471356252764,419.4319408651247,481.1264754917061,368.2506312839173,404.3563762651335,472.5722631190913,483.9965328936817,478.0914480974228,390.3737726832829,368.84119628391505,434.375202935332,404.51935872340755,341.54927281378747,470.11691008348083,476.33200455338556,457.41991802874435,465.216993743903,465.6852041579456,387.8277801891682,249.37202376821,403.00337304392514,396.99380356190284,467.17692821289654,419.57819460169964,370.19130298195404,225.29902980249537,336.57594952083946,361.46933629248616,414.8223653119731,351.7035188709086,308.2467997505207,357.75488549577346,407.80476954208996,352.6177826948738,470.1523159072358,168.06538409753713,436.9167019779112,478.31780267096883,383.5948221502253,460.69943748975714,483.7537736946192,474.569996316524,266.7773240954273,329.0883662631307,370.4024123808801,456.79998462815047,369.81970468190843,471.8126626999334,438.3107239065258,388.50896587637664,238.26349939513725,432.48264607723166,343.0421309619583,247.66140357239925,428.2117221539891,449.88545601565426,445.17054362325695,334.954188298997,360.0353377981305,411.5329393492601,274.78855367826,404.7325757177729,430.0480676201229,432.8718666577188,467.0966995473217,484.1009762339129,319.5625543191868,336.9957992154869,320.2581014390622,444.6617415965263,401.8316985171921,447.590637938198,486.6588397782695,485.2084796117536,399.5148977606685,375.49416309576804,258.575551103391,406.6967771668967,334.59739819086997,451.11137883558723,484.33817668239504,449.915948523547,361.42686348958955,472.2979277400564,403.38822324020947,390.8233844484055,345.6560581841949,61.75027685704651,485.81461738597596,437.8627549514134,455.14956352476804,399.6512887440392,444.67972235489185,472.5257979546765,427.73148331047287,492.3797209189242,428.8856163404461,446.30180861850636,302.85559799728486,428.8159611924157,415.73284161818884,499.4837057940848,404.62504518268406,406.09600217903494,451.6923537184896,439.69542705652276,469.379001500189,426.2345050126867,271.2586637620612,458.9869757538317,330.79650397800856,152.19814022705253,441.2440977809547,483.21452986711125,392.29001625125983,449.7295047018192,371.39987221614757,381.15044984064366,479.3910746615821,421.24645265192606,405.89579739706915,464.10969913167537,433.3601042284166,484.4657469999198,449.45524870706214,478.7878927162214,426.6271761265375,289.4869622477078,483.24734570631495,420.1614233422977,369.21788750707884,448.36504269272217,377.7754186169259,491.39307802721515,433.5192005097892,465.1596302728582,381.6398540081417,484.8461549436661,418.88029632584033,468.14460727010055,230.24069804663569,399.610004837167,476.3506243215418,389.0342116583279,256.8691528934223
5,37,368.78812488935165,439.0306503352901,472.81773317041467,479.65482360267526,457.5872710511446,449.3625925526957,330.54148060563415,476.9956311447239,480.460829768312,470.9975966161156,416.1573199177331,422.07368915386456,333.8659392943138,382.5602139695302,373.13122851398384,445.1212841514171,435.63053212067155,419.73112079240207,440.20814262361387,402.14293762023965,482.9242587343196,466.321380205053,364.60997569186424,429.67388920756576,376.280949069441,280.47345556475307,479.7341428560032,404.8612698943025,376.41501066557976,451.83814870737655,337.3616113554747,431.4129308949103,484.23243062207786,428.23972663676807,431.4907331026554,451.1516518450493,475.6559369027824,458.47827326214514,422.5000557964448,453.37665046375633,443.76405650159387,380.6546436278985,432.28231633491157,198.58145076713973,310.8367745706553,277.19619433471945,478.4488328568696,480.4045374203017,431.2014235095146,446.505101995546,327.10129148478165,454.4352890376126,394.31846311751536,181.51441878338963,371.3969398879254,465.11471356252764,419.4319408651247,481.1264754917061,368.2506312839173,404.3563762651335,472.5722631190913,483.9965328936817,478.0914480974228,390.3737726832829,368.84119628391505,434.375202935332,404.51935872340755,341.54927281378747,470.11691008348083,476.33200455338556,457.41991802874435,465.216993743903,465.6852041579456,387.8277801891682,249.37202376821,403.00337304392514,396.99380356190284,467.17692821289654,419.57819460169964,370.19130298195404,225.29902980249537,336.57594952083946,361.46933629248616,414.8223653119731,351.7035188709086,308.2467997505207,357.75488549577346,407.80476954208996,352.6177826948738,470.1523159072358,168.06538409753713,436.9167019779112,478.31780267096883,383.5948221502253,460.69943748975714,483.7537736946192,474.569996316524,266.7773240954273,329.0883662631307,370.4024123808801,456.79998462815047,369.81970468190843,471.8126626999334,438.3107239065258,388.50896587637664,238.26349939513725,432.48264607723166,343.0421309619583,247.66140357239925,428.2117221539891,449.88545601565426,445.17054362325695,334.954188298997,360.0353377981305,411.5329393492601,274.78855367826,404.7325757177729,430.0480676201229,432.8718666577188,467.0966995473217,484.1009762339129,319.5625543191868,336.9957992154869,320.2581014390622,444.6617415965263,401.8316985171921,447.590637938198,486.6588397782695,485.2084796117536,399.5148977606685,375.49416309576804,258.575551103391,406.6967771668967,334.59739819086997,451.11137883558723,484.33817668239504,449.915948523547,361.42686348958955,472.2979277400564,403.38822324020947,390.8233844484055,345.6560581841949,61.75027685704651,485.81461738597596,437.8627549514134,455.14956352476804,399.6512887440392,444.67972235489185,472.5257979546765,427.73148331047287,492.3797209189242,428.8856163404461,446.30180861850636,302.85559799728486,428.8159611924157,415.73284161818884,499.4837057940848,404.62504518268406,406.09600217903494,451.6923537184896,439.69542705652276,469.379001500189,426.2345050126867,271.2586637620612,458.9869757538317,330.79650397800856,152.19814022705253,441.2440977809547,483.21452986711125,392.29001625125983,449.7295047018192,371.39987221614757,381.15044984064366,479.3910746615821,421.24645265192606,405.89579739706915,464.10969913167537,433.3601042284166,484.4657469999198,449.45524870706214,478.7878927162214,426.6271761265375,289.4869622477078,483.24734570631495,420.1614233422977,369.21788750707884,448.36504269272217,377.7754186169259,491.39307802721515,433.5192005097892,465.1596302728582,381.6398540081417,484.8461549436661,418.88029632584033,468.14460727010055,230.24069804663569,399.610004837167,476.3506243215418,389.0342116583279,256.8691528934223
5,38,368.78812488935165,439.0306503352901,472.81773317041467,479.65482360267526,457.5872710511446,449.3625925526957,330.54148060563415,476.9956311447239,480.460829768312,470.9975966161156,416.1573199177331,422.07368915386456,333.8659392943138,382.5602139695302,373.13122851398384,445.1212841514171,435.63053212067155,419.73112079240207,440.20814262361387,402.14293762023965,482.9242587343196,466.321380205053,364.60997569186424,429.67388920756576,376.280949069441,280.47345556475307,479.7341428560032,404.8612698943025,376.41501066557976,451.83814870737655,337.3616113554747,431.4129308949103,484.23243062207786,428.23972663676807,431.4907331026554,451.1516518450493,475.6559369027824,458.47827326214514,422.5000557964448,453.37665046375633,443.76405650159387,380.6546436278985,432.28231633491157,198.58145076713973,310.8367745706553,277.19619433471945,478.4488328568696,480.4045374203017,431.2014235095146,446.505101995546,327.10129148478165,454.4352890376126,394.31846311751536,181.51441878338963,371.3969398879254,465.11471356252764,419.4319408651247,481.1264754917061,368.2506312839173,404.3563762651335,472.5722631190913,483.9965328936817,478.0914480974228,390.3737726832829,368.84119628391505,434.375202935332,404.51935872340755,341.54927281378747,470.11691008348083,476.33200455338556,457.41991802874435,465.216993743903,465.6852041579456,387.8277801891682,249.37202376821,403.00337304392514,396.99380356190284,467.17692821289654,419.57819460169964,370.19130298195404,225.29902980249537,336.57594952083946,361.46933629248616,414.8223653119731,351.7035188709086,308.2467997505207,357.75488549577346,407.80476954208996,352.6177826948738,470.1523159072358,168.06538409753713,436.9167019779112,478.31780267096883,383.5948221502253,460.69943748975714,483.7537736946192,474.569996316524,266.7773240954273,329.0883662631307,370.4024123808801,456.79998462815047,369.81970468190843,471.8126626999334,438.3107239065258,388.50896587637664,238.26349939513725,432.48264607723166,343.0421309619583,247.66140357239925,428.2117221539891,449.88545601565426,445.17054362325695,334.954188298997,360.0353377981305,411.5329393492601,274.78855367826,404.7325757177729,430.0480676201229,432.8718666577188,467.0966995473217,484.1009762339129,319.5625543191868,336.9957992154869,320.2581014390622,444.6617415965263,401.8316985171921,447.590637938198,486.6588397782695,485.2084796117536,399.5148977606685,375.49416309576804,258.575551103391,406.6967771668967,334.59739819086997,451.11137883558723,484.33817668239504,449.915948523547,361.42686348958955,472.2979277400564,403.38822324020947,390.8233844484055,345.6560581841949,61.75027685704651,485.81461738597596,437.8627549514134,455.14956352476804,399.6512887440392,444.67972235489185,472.5257979546765,427.73148331047287,492.3797209189242,428.8856163404461,446.30180861850636,302.85559799728486,428.8159611924157,415.73284161818884,499.4837057940848,404.62504518268406,406.09600217903494,451.6923537184896,439.69542705652276,469.379001500189,426.2345050126867,271.2586637620612,458.9869757538317,330.79650397800856,152.19814022705253,441.2440977809547,483.21452986711125,392.29001625125983,449.7295047018192,371.39987221614757,381.15044984064366,479.3910746615821,421.24645265192606,405.89579739706915,464.10969913167537,433.3601042284166,484.4657469999198,449.45524870706214,478.7878927162214,426.6271761265375,289.4869622477078,483.24734570631495,420.1614233422977,369.21788750707884,448.36504269272217,377.7754186169259,491.39307802721515,433.5192005097892,465.1596302728582,381.6398540081417,484.8461549436661,418.88029632584033,468.14460727010055,230.24069804663569,399.610004837167,476.3506243215418,389.0342116583279,256.8691528934223
5,39,368.78812488935165,439.0306503352901,472.81773317041467,479.65482360267526,457.5872710511446,449.3625925526957,330.54148060563415,476.9956311447239,480.460829768312,470.9975966161156,416.1573199177331,422.07368915386456,333.8659392943138,382.5602139695302,373.13122851398384,445.1212841514171,435.63053212067155,419.73112079240207,440.20814262361387,402.14293762023965,482.9242587343196,466.321380205053,364.60997569186424,429.67388920756576,376.280949069441,280.47345556475307,479.7341428560032,404.8612698943025,376.41501066557976,451.83814870737655,337.3616113554747,431.4129308949103,484.23243062207786,428.23972663676807,431.4907331026554,451.1516518450493,475.6559369027824,458.47827326214514,422.5000557964448,453.37665046375633,443.76405650159387,380.6546436278985,432.28231633491157,198.58145076713973,310.8367745706553,277.19619433471945,478.4488328568696,480.4045374203017,431.2014235095146,446.505101995546,327.10129148478165,454.4352890376126,394.31846311751536,181.51441878338963,371.3969398879254,465.11471356252764,419.4319408651247,481.1264754917061,368.2506312839173,404.3563762651335,472.5722631190913,483.9965328936817,478.0914480974228,390.3737726832829,368.84119628391505,434.375202935332,404.51935872340755,341.54927281378747,470.11691008348083,476.33200455338556,457.41991802874435,465.216993743903,465.6852041579456,387.8277801891682,249.37202376821,403.00337304392514,396.99380356190284,467.17692821289654,419.57819460169964,370.19130298195404,225.29902980249537,336.57594952083946,361.46933629248616,414.8223653119731,351.7035188709086,308.2467997505207,357.75488549577346,407.80476954208996,352.6177826948738,470.1523159072358,168.06538409753713,436.9167019779112,478.31780267096883,383.5948221502253,460.69943748975714,483.7537736946192,474.569996316524,266.7773240954273,329.0883662631307,370.4024123808801,456.79998462815047,369.81970468190843,471.8126626999334,438.3107239065258,388.50896587637664,238.26349939513725,432.48264607723166,343.0421309619583,247.66140357239925,428.2117221539891,449.88545601565426,445.17054362325695,334.954188298997,360.0353377981305,411.5329393492601,274.78855367826,404.7325757177729,430.0480676201229,432.8718666577188,467.0966995473217,484.1009762339129,319.5625543191868,336.9957992154869,320.2581014390622,444.6617415965263,401.8316985171921,447.590637938198,486.6588397782695,485.2084796117536,399.5148977606685,375.49416309576804,258.575551103391,406.6967771668967,334.59739819086997,451.11137883558723,484.33817668239504,449.915948523547,361.42686348958955,472.2979277400564,403.38822324020947,390.8233844484055,345.6560581841949,61.75027685704651,485.81461738597596,437.8627549514134,455.14956352476804,399.6512887440392,444.67972235489185,472.5257979546765,427.73148331047287,492.3797209189242,428.8856163404461,446.30180861850636,302.85559799728486,428.8159611924157,415.73284161818884,499.4837057940848,404.62504518268406,406.09600217903494,451.6923537184896,439.69542705652276,469.379001500189,426.2345050126867,271.2586637620612,458.9869757538317,330.79650397800856,152.19814022705253,441.2440977809547,483.21452986711125,392.29001625125983,449.7295047018192,371.39987221614757,381.15044984064366,479.3910746615821,421.24645265192606,405.89579739706915,464.10969913167537,433.3601042284166,484.4657469999198,449.45524870706214,478.7878927162214,426.6271761265375,289.4869622477078,483.24734570631495,420.1614233422977,369.21788750707884,448.36504269272217,377.7754186169259,491.39307802721515,433.5192005097892,465.1596302728582,381.6398540081417,484.8461549436661,418.88029632584033,468.14460727010055,230.24069804663569,399.610004837167,476.3506243215418,389.0342116583279,256.8691528934223
6,0,181.30088424413125,429.67388920756576,458.30239188548546,302.85559799728486,423.0634943540836,452.2433035555061,465.216993743903,472.8363495097653,286.7899230106988,370.19130298195404,335.6450995205764,411.5980919908447,438.3493874425056,454.34143011525555,414.8223653119731,483.81969572552066,487.1769500339308,382.5602139695302,464.10969913167537,442.2761293080063,328.49930512840166,444.56904123359107,373.13122851398384,495.78544586816525,467.0966995473217,467.17692821289654,468.798389098634,439.22520809874555,476.3506243215418,345.6560581841949,406.6967771668967,352.54408201513974,401.51244320248827,483.21452986711125,438.61516412758186,438.6510574391179,274.78855367826,483.7571185715089,467.40478261360136,472.82070680224456,468.14460727010055,369.9247652984614,471.1924004104827,61.526232252510624,481.1264754917061,399.24289623025146,434.375202935332,327.621047256855,319.0916371802236,472.81773317041467,483.24734570631495,427.73148331047287,360.0353377981305,419.04256901421326,449.3625925526957,459.83415767694,483.7537736946192,484.37401802700606,478.0914480974228,390.12147583122885,307.81815558762696,266.7773240954273,454.7350113430496,388.42000975401254,426.5734436125409,438.3107239065258,381.15044984064366,310.662335597745,406.09600217903494,404.51935872340755,366.3775248269128,471.7075701448667,436.9167019779112,470.1523159072358,420.90340272906707,484.77094184227735,168.28741047019335,485.0419899212555,337.02389645582235,387.6734269554243,415.73284161818884,432.28231633491157,420.23879911205444,432.48264607723166,437.8111592997461,402.1538754991247,257.98169125154413,375.66774866790826,394.41007963522014,465.11471356252764,455.05204482983794,343.0421309619583,382.52829541073527,421.80157742174055,478.6320703389099,237.63940100573367,476.9956311447239,482.8321152697477,422.08290945986164,258.26159805678265,333.76093096911876,320.93821020330523,450.7893649282276,458.9869757538317,407.80476954208996,380.1954465186999,352.6177826948738,433.5192005097892,337.99882027029145,361.15980126033264,465.6852041579456,426.6271761265375,404.0781674544732,374.08478012676505,478.31780267096883,279.80007659312463,399.5012198734811,472.5722631190913,341.1930655326817,395.4957918902491,152.93940708326784,426.0528490012698,450.3377144613776,449.30396150599955,377.3111004701733,416.9376953658123,249.37202376821,334.954188298997,430.3652651095547,484.4657469999198,403.2307487385879,428.8704955639598,225.29902980249537,374.95268961437233,475.176720230793,199.3676796024378,446.6377778479041,466.91724741439447,406.0544088972266,383.5948221502253,370.3188908648817,492.3797209189242,479.7341428560032,479.11101200663904,230.24069804663569,441.2440977809547,447.590637938198,431.46106145772166,248.2557334656975,484.23243062207786,453.37665046375633,478.9673849236778,477.3834100896288,271.0624866654241,457.5242891399533,419.73112079240207,330.79650397800856,399.610004837167,426.38584049601536,448.88390968399995,334.59739819086997,401.04459413890584,370.0133090788848,331.1422555184548,428.8159611924157,276.8919067077659,371.05279271235537,475.6559369027824,476.33200455338556,389.13727017301073,357.75488549577346,371.39987221614757,431.4907331026554,443.76405650159387,368.2506312839173,480.73444702456567,443.61769771123255,370.4024123808801,403.38822324020947,470.9975966161156,449.45524870706214,391.6820469656878,448.36504269272217,450.68875342008175,368.84119628391505,431.4129308949103,427.9293724539271,404.7325757177729,390.2976182988019,491.39307802721515,479.4678954290507,432.8718666577188,460.69943748975714,361.42686348958955,484.41174970514606,404.62504518268406,450.2774174601278,446.30180861850636,444.67972235489185,422.30108953634976
6,1,181.4087049248021,429.67388920756576,457.41991802874435,302.85559799728486,421.24645265192606,451.6923537184896,465.216993743903,472.2979277400564,286.7899230106988,370.19130298195404,336.94470056440315,411.5329393492601,435.63053212067155,454.34143011525555,414.8223653119731,484.1009762339129,486.6588397782695,382.5602139695302,464.10969913167537,445.17054362325695,329.0883662631307,445.1212841514171,373.13122851398384,495.78544586816525,467.0966995473217,467.17692821289654,469.90285790677467,439.22520809874555,475.72303636256254,345.6560581841949,406.6967771668967,350.88364270530275,403.00337304392514,483.21452986711125,437.8627549514134,438.6510574391179,274.78855367826,483.4005049169395,465.1596302728582,472.5257979546765,469.074651338662,369.21788750707884,471.1924004104827,61.526232252510624,481.1264754917061,398.7081103825617,434.375202935332,327.10129148478165,319.5625543191868,472.81773317041467,483.24734570631495,427.73148331047287,360.0353377981305,419.57819460169964,449.3625925526957,458.47827326214514,483.7537736946192,484.37401802700606,478.0914480974228,390.12147583122885,308.2467997505207,266.7773240954273,454.4352890376126,389.0342116583279,426.2345050126867,438.3107239065258,381.15044984064366,310.8367745706553,406.09600217903494,404.51935872340755,364.60997569186424,470.11691008348083,436.9167019779112,470.1523159072358,420.90340272906707,484.33817668239504,168.06538409753713,484.8461549436661,336.9957992154869,387.70953979829113,415.73284161818884,432.28231633491157,420.23879911205444,432.48264607723166,439.0306503352901,402.1538754991247,257.98169125154413,376.388449671829,395.9282001328432,465.11471356252764,455.14956352476804,343.0421309619583,382.52829541073527,419.4319408651247,478.63966884368193,237.63940100573367,476.9956311447239,482.9242587343196,422.08290945986164,258.26159805678265,333.8659392943138,320.2581014390622,449.915948523547,458.9869757538317,407.80476954208996,380.6546436278985,352.6177826948738,433.5192005097892,337.3616113554747,361.46933629248616,465.6852041579456,426.6271761265375,404.8612698943025,374.08478012676505,478.31780267096883,279.80007659312463,399.5012198734811,472.5722631190913,341.1930655326817,394.7091066489714,152.19814022705253,426.0528490012698,451.11137883558723,449.30396150599955,376.6180120051737,416.1573199177331,249.37202376821,334.954188298997,429.98081962995633,484.4657469999198,404.3563762651335,430.0480676201229,225.29902980249537,376.280949069441,474.569996316524,198.58145076713973,446.505101995546,466.321380205053,405.89579739706915,383.5948221502253,369.81970468190843,492.3797209189242,479.7341428560032,479.65482360267526,230.24069804663569,441.20544405858357,447.590637938198,431.9006388102614,248.2557334656975,484.23243062207786,453.37665046375633,479.3910746615821,477.3834100896288,271.2586637620612,457.5872710511446,419.73112079240207,330.79650397800856,399.610004837167,426.76434303713023,448.88390968399995,334.59739819086997,401.7741647116884,368.78812488935165,330.54148060563415,428.7422031086767,277.19619433471945,371.05279271235537,475.6559369027824,476.33200455338556,388.50896587637664,357.75488549577346,371.39987221614757,431.64089290673553,443.76405650159387,368.2506312839173,480.460829768312,444.6617415965263,370.4024123808801,403.11021066728125,470.9975966161156,449.45524870706214,391.1159500648022,448.36504269272217,450.95848417014,368.84119628391505,431.4129308949103,427.9293724539271,404.7325757177729,390.2976182988019,491.39307802721515,480.4045374203017,432.8718666577188,460.69943748975714,361.18211703972975,484.41174970514606,404.62504518268406,450.2774174601278,446.30180861850636,444.67972235489185,422.30108953634976
6,2,181.4087049248021,429.67388920756576,457.41991802874435,302.85559799728486,421.24645265192606,451.6923537184896,465.216993743903,472.2979277400564,286.7899230106988,371.28086081253326,336.94470056440315,411.5329393492601,435.63053212067155,454.34143011525555,414.8223653119731,484.1009762339129,486.6588397782695,382.5602139695302,464.10969913167537,445.17054362325695,329.0883662631307,445.1212841514171,373.13122851398384,499.4837057940848,467.51070360863304,467.17692821289654,469.90285790677467,440.54239633565453,475.72303636256254,345.6560581841949,406.6967771668967,350.88364270530275,403.00337304392514,483.21452986711125,437.8627549514134,438.6510574391179,274.78855367826,485.3133822025616,465.1596302728582,472.5257979546765,469.074651338662,371.140715630984,471.8126626999334,61.75027685704651,481.1264754917061,399.24289623025146,434.375202935332,327.10129148478165,319.5625543191868,472.81773317041467,484.0103638520502,428.1156181140838,360.0353377981305,419.57819460169964,450.4187806731788,458.47827326214514,483.7537736946192,483.9965328936817,478.0914480974228,391.107496337838,308.2467997505207,266.7773240954273,454.4352890376126,389.0342116583279,426.2345050126867,438.3107239065258,381.15044984064366,310.8367745706553,406.09600217903494,404.51935872340755,364.60997569186424,470.11691008348083,436.9167019779112,470.1523159072358,420.90340272906707,484.33817668239504,168.06538409753713,484.8461549436661,336.9957992154869,387.70953979829113,415.73284161818884,432.28231633491157,420.23879911205444,432.48264607723166,439.0306503352901,402.1538754991247,257.98169125154413,376.388449671829,395.9282001328432,465.11471356252764,455.14956352476804,343.0421309619583,382.52829541073527,419.4319408651247,478.63966884368193,237.63940100573367,476.9956311447239,482.9242587343196,422.08290945986164,258.26159805678265,333.8659392943138,320.2581014390622,449.915948523547,458.9869757538317,407.80476954208996,379.75813202842573,352.7601453236895,433.9810086861403,337.3616113554747,361.46933629248616,465.6852041579456,426.6271761265375,404.8612698943025,375.49416309576804,478.31780267096883,279.80007659312463,399.6512887440392,472.5722631190913,341.1930655326817,394.7091066489714,152.19814022705253,428.8856163404461,450.9382080942838,449.7295047018192,376.6180120051737,416.1573199177331,249.37202376821,334.4865107200414,430.1199462248626,484.4657469999198,403.2307487385879,430.22451161491927,225.29902980249537,376.280949069441,474.569996316524,198.58145076713973,446.505101995546,466.321380205053,405.89579739706915,383.5948221502253,369.81970468190843,492.3797209189242,479.7341428560032,479.65482360267526,230.24069804663569,441.20544405858357,447.590637938198,431.9006388102614,248.2557334656975,484.23243062207786,453.37665046375633,479.3910746615821,477.3834100896288,271.2586637620612,457.5872710511446,419.73112079240207,330.79650397800856,399.610004837167,426.77939374608155,450.25645507926504,334.59739819086997,401.04459413890584,370.0133090788848,330.8379878379363,428.8159611924157,277.19619433471945,371.3969398879254,475.6559369027824,476.33200455338556,388.50896587637664,357.75488549577346,371.39987221614757,431.64089290673553,443.76405650159387,368.2506312839173,480.460829768312,444.6617415965263,370.4024123808801,403.38822324020947,470.9975966161156,449.05762667418276,391.1159500648022,448.36504269272217,451.83814870737655,368.84119628391505,431.4129308949103,427.9293724539271,404.7325757177729,390.2976182988019,491.39307802721515,480.4045374203017,432.8718666577188,462.71507922556,361.18211703972975,484.41174970514606,404.62504518268406,450.2774174601278,446.30180861850636,444.67972235489185,422.30108953634976
6,3,181.51441878338963,429.67388920756576,457.41991802874435,302.85559799728486,421.24645265192606,451.6923537184896,465.216993743903,472.2979277400564,289.4869622477078,370.19130298195404,336.94470056440315,411.5329393492601,435.63053212067155,454.34143011525555,414.8223653119731,484.1009762339129,486.6588397782695,382.5602139695302,464.10969913167537,445.17054362325695,329.0883662631307,445.1212841514171,373.13122851398384,499.4837057940848,467.51070360863304,467.17692821289654,469.90285790677467,440.54239633565453,475.72303636256254,345.6560581841949,406.6967771668967,352.3417072275335,403.00337304392514,483.21452986711125,437.8627549514134,438.6510574391179,274.78855367826,485.3133822025616,465.1596302728582,472.5257979546765,469.074651338662,371.140715630984,471.8126626999334,61.75027685704651,481.1264754917061,398.7081103825617,434.375202935332,327.10129148478165,319.5625543191868,472.81773317041467,484.0103638520502,428.1156181140838,360.0353377981305,419.57819460169964,450.4187806731788,458.47827326214514,483.7537736946192,483.9965328936817,478.0914480974228,391.107496337838,308.2467997505207,266.7773240954273,454.4352890376126,389.0342116583279,426.2345050126867,438.3107239065258,381.15044984064366,310.8367745706553,406.09600217903494,404.51935872340755,364.60997569186424,470.11691008348083,436.9167019779112,470.1523159072358,420.90340272906707,484.33817668239504,168.06538409753713,484.8461549436661,336.9957992154869,387.70953979829113,417.2138798578107,432.28231633491157,420.23879911205444,432.48264607723166,439.0306503352901,402.1538754991247,257.98169125154413,376.388449671829,395.9282001328432,465.11471356252764,455.14956352476804,343.0421309619583,382.52829541073527,419.4319408651247,478.63966884368193,237.63940100573367,476.9956311447239,482.9242587343196,422.08290945986164,258.26159805678265,333.8659392943138,320.2581014390622,449.915948523547,458.9869757538317,407.80476954208996,380.6546436278985,352.7601453236895,433.5192005097892,337.3616113554747,361.46933629248616,465.6852041579456,426.6271761265375,404.8612698943025,375.49416309576804,478.31780267096883,279.80007659312463,399.92332011500866,472.5722631190913,341.1930655326817,394.7091066489714,152.93940708326784,428.8856163404461,450.9382080942838,449.7295047018192,377.7754186169259,416.1573199177331,249.37202376821,334.4865107200414,430.1199462248626,484.4657469999198,403.2307487385879,430.22451161491927,225.29902980249537,376.280949069441,474.569996316524,198.58145076713973,446.505101995546,466.321380205053,405.89579739706915,383.5948221502253,369.81970468190843,492.3797209189242,479.7341428560032,479.65482360267526,230.24069804663569,441.20544405858357,447.590637938198,431.9006388102614,248.2557334656975,484.23243062207786,453.37665046375633,479.3910746615821,477.3834100896288,271.2586637620612,457.5872710511446,419.73112079240207,330.79650397800856,399.610004837167,426.76434303713023,450.25645507926504,334.59739819086997,401.7741647116884,369.8126861375311,330.8379878379363,428.8159611924157,277.19619433471945,371.3969398879254,475.6559369027824,476.33200455338556,388.50896587637664,357.75488549577346,371.39987221614757,431.64089290673553,443.76405650159387,368.2506312839173,480.460829768312,444.6617415965263,370.4024123808801,403.38822324020947,470.9975966161156,449.45524870706214,391.1159500648022,448.36504269272217,451.83814870737655,368.84119628391505,431.4129308949103,427.9293724539271,404.7325757177729,390.2976182988019,491.39307802721515,480.4045374203017,432.8718666577188,462.71507922556,361.18211703972975,484.41174970514606,404.62504518268406,450.2774174601278,446.30180861850636,444.67972235489185,422.30108953634976
6,4,181.51441878338963,429.67388920756576,457.41991802874435,302.85559799728486,421.24645265192606,451.6923537184896,465.216993743903,472.2979277400564,289.4869622477078,370.19130298195404,336.94470056440315,411.5329393492601,435.63053212067155,454.34143011525555,414.8223653119731,484.1009762339129,486.6588397782695,382.5602139695302,464.10969913167537,445.17054362325695,329.0883662631307,445.1212841514171,373.13122851398384,499.4837057940848,467.51070360863304,467.17692821289654,469.90285790677467,440.54239633565453,475.72303636256254,345.6560581841949,406.6967771668967,352.3417072275335,403.00337304392514,483.21452986711125,437.8627549514134,438.6510574391179,274.78855367826,485.3133822025616,465.1596302728582,472.5257979546765,469.074651338662,371.140715630984,471.8126626999334,61.75027685704651,481.1264754917061,398.7081103825617,434.375202935332,327.10129148478165,319.5625543191868,472.81773317041467,484.0103638520502,428.1156181140838,360.0353377981305,419.57819460169964,450.4187806731788,458.47827326214514,483.7537736946192,483.9965328936817,478.0914480974228,391.107496337838,308.2467997505207,266.7773240954273,454.4352890376126,389.0342116583279,426.2345050126867,438.3107239065258,381.15044984064366,310.8367745706553,406.09600217903494,404.51935872340755,364.60997569186424,470.11691008348083,436.9167019779112,470.1523159072358,420.90340272906707,484.33817668239504,168.06538409753713,484.8461549436661,336.9957992154869,387.70953979829113,417.2138798578107,432.28231633491157,420.23879911205444,432.48264607723166,439.0306503352901,402.14293762023965,257.98169125154413,376.388449671829,395.9282001328432,465.11471356252764,455.14956352476804,344.7152788933313,382.52829541073527,419.4319408651247,478.63966884368193,237.63940100573367,476.9956311447239,482.9242587343196,422.5000557964448,258.26159805678265,333.8659392943138,320.2581014390622,449.915948523547,458.9869757538317,407.80476954208996,380.6546436278985,352.7601453236895,433.5192005097892,337.3616113554747,361.46933629248616,465.6852041579456,426.6271761265375,404.8612698943025,375.49416309576804,478.31780267096883,279.80007659312463,399.92332011500866,472.5722631190913,341.1930655326817,394.7091066489714,152.93940708326784,428.8856163404461,450.9382080942838,449.7295047018192,377.7754186169259,416.1573199177331,249.37202376821,334.4865107200414,429.98081962995633,484.4657469999198,403.2307487385879,430.22451161491927,225.29902980249537,376.280949069441,474.569996316524,198.58145076713973,446.505101995546,466.321380205053,405.89579739706915,383.5948221502253,369.81970468190843,492.3797209189242,479.7341428560032,479.65482360267526,230.24069804663569,441.20544405858357,447.590637938198,433.3601042284166,248.2557334656975,484.23243062207786,453.37665046375633,479.3910746615821,477.3834100896288,271.2586637620612,457.5872710511446,419.73112079240207,330.79650397800856,399.610004837167,426.76434303713023,450.25645507926504,334.59739819086997,401.7741647116884,369.8126861375311,330.8379878379363,428.7422031086767,277.19619433471945,371.3969398879254,475.6559369027824,476.33200455338556,388.50896587637664,357.75488549577346,371.39987221614757,431.64089290673553,443.76405650159387,368.2506312839173,480.460829768312,444.6617415965263,370.4024123808801,403.38822324020947,470.9975966161156,449.45524870706214,391.1159500648022,448.36504269272217,451.83814870737655,368.84119628391505,431.4129308949103,428.23972663676807,404.7325757177729,390.2976182988019,491.39307802721515,480.4045374203017,432.8718666577188,462.71507922556,361.18211703972975,484.41174970514606,404.62504518268406,451.1516518450493,447.2287890280938,444.67972235489185,422.30108953634976
6,5,181.51441878338963,429.67388920756576,457.41991802874435,302.85559799728486,421.24645265192606,451.6923537184896,465.216993743903,472.2979277400564,289.4869622477078,370.19130298195404,336.94470056440315,411.5329393492601,435.63053212067155,454.34143011525555,414.8223653119731,484.1009762339129,486.6588397782695,382.5602139695302,464.10969913167537,445.17054362325695,329.0883662631307,445.1212841514171,373.13122851398384,499.4837057940848,467.51070360863304,467.17692821289654,469.90285790677467,440.54239633565453,475.72303636256254,345.6560581841949,406.6967771668967,352.3417072275335,403.00337304392514,483.21452986711125,437.8627549514134,438.6510574391179,274.78855367826,485.3133822025616,465.1596302728582,472.5257979546765,469.074651338662,371.140715630984,471.8126626999334,61.75027685704651,481.1264754917061,398.7081103825617,434.375202935332,327.10129148478165,319.5625543191868,472.81773317041467,484.0103638520502,428.1156181140838,360.0353377981305,419.57819460169964,450.4187806731788,458.47827326214514,483.7537736946192,483.9965328936817,478.0914480974228,391.107496337838,308.2467997505207,266.7773240954273,454.4352890376126,389.0342116583279,426.2345050126867,438.3107239065258,381.15044984064366,310.8367745706553,406.09600217903494,404.51935872340755,364.60997569186424,470.11691008348083,436.9167019779112,470.1523159072358,420.90340272906707,484.33817668239504,168.06538409753713,484.8461549436661,336.9957992154869,387.70953979829113,417.2138798578107,432.28231633491157,420.23879911205444,432.48264607723166,439.0306503352901,402.14293762023965,257.98169125154413,376.388449671829,395.9282001328432,465.11471356252764,455.14956352476804,344.7152788933313,382.52829541073527,419.4319408651247,478.63966884368193,237.63940100573367,476.9956311447239,482.9242587343196,422.08290945986164,258.26159805678265,333.8659392943138,320.2581014390622,449.915948523547,458.9869757538317,407.80476954208996,380.6546436278985,352.7601453236895,433.5192005097892,337.3616113554747,361.46933629248616,465.6852041579456,426.6271761265375,404.8612698943025,375.49416309576804,478.31780267096883,279.80007659312463,399.92332011500866,472.5722631190913,341.1930655326817,394.7091066489714,152.93940708326784,428.8856163404461,450.9382080942838,449.7295047018192,377.7754186169259,416.1573199177331,249.37202376821,334.4865107200414,429.98081962995633,484.4657469999198,403.2307487385879,430.22451161491927,225.29902980249537,376.280949069441,474.569996316524,198.58145076713973,446.505101995546,466.321380205053,405.89579739706915,383.5948221502253,369.81970468190843,492.3797209189242,479.7341428560032,479.65482360267526,230.24069804663569,441.20544405858357,447.590637938198,433.3601042284166,248.2557334656975,484.23243062207786,453.37665046375633,479.3910746615821,477.3834100896288,271.2586637620612,457.5872710511446,419.73112079240207,330.79650397800856,399.610004837167,428.2117221539891,450.25645507926504,334.59739819086997,401.7741647116884,369.8126861375311,330.8379878379363,428.7422031086767,277.19619433471945,371.3969398879254,475.6559369027824,476.33200455338556,388.50896587637664,357.75488549577346,371.39987221614757,431.64089290673553,443.76405650159387,368.2506312839173,480.460829768312,444.6617415965263,370.4024123808801,403.38822324020947,470.9975966161156,449.45524870706214,391.1159500648022,448.36504269272217,451.83814870737655,368.84119628391505,431.4129308949103,428.23972663676807,404.7325757177729,390.2976182988019,491.39307802721515,480.4045374203017,432.8718666577188,462.71507922556,361.18211703972975,484.41174970514606,404.62504518268406,451.1516518450493,447.2287890280938,444.67972235489185,422.30108953634976
6,6,181.51441878338963,429.67388920756576,457.41991802874435,302.85559799728486,421.24645265192606,451.6923537184896,465.216993743903,472.2979277400564,289.4869622477078,370.19130298195404,336.94470056440315,411.5329393492601,435.63053212067155,454.34143011525555,414.8223653119731,484.1009762339129,486.6588397782695,382.5602139695302,464.10969913167537,445.17054362325695,329.0883662631307,445.1212841514171,373.13122851398384,499.4837057940848,467.51070360863304,467.17692821289654,469.90285790677467,440.54239633565453,475.72303636256254,345.6560581841949,406.6967771668967,352.3417072275335,403.00337304392514,483.21452986711125,437.8627549514134,438.6510574391179,274.78855367826,485.3133822025616,465.1596302728582,472.5257979546765,469.074651338662,371.140715630984,471.8126626999334,61.75027685704651,481.1264754917061,398.7081103825617,434.375202935332,327.10129148478165,319.5625543191868,472.81773317041467,484.0103638520502,428.1156181140838,360.0353377981305,419.57819460169964,450.4187806731788,458.47827326214514,483.7537736946192,483.9965328936817,478.0914480974228,391.107496337838,308.2467997505207,266.7773240954273,454.4352890376126,389.0342116583279,426.2345050126867,438.3107239065258,381.15044984064366,310.8367745706553,406.09600217903494,404.51935872340755,364.60997569186424,470.11691008348083,436.9167019779112,470.1523159072358,420.90340272906707,484.33817668239504,168.06538409753713,484.8461549436661,336.9957992154869,387.70953979829113,417.2138798578107,432.28231633491157,420.23879911205444,432.48264607723166,439.0306503352901,402.14293762023965,257.98169125154413,376.388449671829,395.9282001328432,465.11471356252764,455.14956352476804,344.7152788933313,382.52829541073527,419.4319408651247,478.63966884368193,237.63940100573367,476.9956311447239,482.9242587343196,422.08290945986164,258.26159805678265,333.8659392943138,320.2581014390622,449.915948523547,458.9869757538317,407.80476954208996,380.6546436278985,352.7601453236895,433.5192005097892,337.3616113554747,361.46933629248616,465.6852041579456,426.6271761265375,404.8612698943025,375.49416309576804,478.31780267096883,279.80007659312463,399.92332011500866,472.5722631190913,341.1930655326817,394.7091066489714,152.93940708326784,428.8856163404461,450.9382080942838,449.7295047018192,377.7754186169259,416.1573199177331,249.37202376821,334.4865107200414,429.98081962995633,484.4657469999198,403.2307487385879,430.22451161491927,225.29902980249537,376.280949069441,474.569996316524,198.58145076713973,446.505101995546,466.321380205053,405.89579739706915,383.5948221502253,369.81970468190843,492.3797209189242,479.7341428560032,479.65482360267526,230.24069804663569,441.20544405858357,447.590637938198,433.3601042284166,248.2557334656975,484.23243062207786,453.37665046375633,479.3910746615821,477.3834100896288,271.2586637620612,457.5872710511446,419.73112079240207,330.79650397800856,399.610004837167,428.2117221539891,450.25645507926504,334.59739819086997,401.7741647116884,369.8126861375311,330.8379878379363,428.7422031086767,277.19619433471945,371.3969398879254,475.6559369027824,476.33200455338556,388.50896587637664,357.75488549577346,371.39987221614757,431.64089290673553,443.76405650159387,368.2506312839173,480.460829768312,444.6617415965263,370.4024123808801,403.38822324020947,470.9975966161156,449.45524870706214,391.1159500648022,448.36504269272217,451.83814870737655,368.84119628391505,431.4129308949103,428.23972663676807,404.7325757177729,390.2976182988019,491.39307802721515,480.4045374203017,432.8718666577188,462.71507922556,361.18211703972975,484.41174970514606,404.62504518268406,451.1516518450493,447.2287890280938,444.67972235489185,422.30108953634976
6,7,181.51441878338963,429.67388920756576,457.41991802874435,302.85559799728486,421.24645265192606,451.6923537184896,465.216993743903,472.2979277400564,289.4869622477078,370.19130298195404,336.94470056440315,411.5329393492601,435.63053212067155,454.34143011525555,414.8223653119731,484.1009762339129,486.6588397782695,382.5602139695302,464.10969913167537,445.17054362325695,329.0883662631307,445.1212841514171,373.13122851398384,499.4837057940848,467.51070360863304,467.17692821289654,469.90285790677467,440.54239633565453,475.72303636256254,345.6560581841949,406.6967771668967,352.3417072275335,403.00337304392514,483.21452986711125,437.8627549514134,438.6510574391179,274.78855367826,485.3133822025616,465.1596302728582,472.5257979546765,469.074651338662,371.140715630984,471.8126626999334,61.75027685704651,481.1264754917061,398.7081103825617,434.375202935332,327.10129148478165,319.5625543191868,472.81773317041467,484.0103638520502,428.1156181140838,360.0353377981305,419.57819460169964,450.4187806731788,458.47827326214514,483.7537736946192,483.9965328936817,478.0914480974228,391.107496337838,308.2467997505207,266.7773240954273,454.4352890376126,389.0342116583279,426.2345050126867,438.3107239065258,381.15044984064366,310.8367745706553,406.09600217903494,404.51935872340755,364.60997569186424,470.11691008348083,436.9167019779112,470.1523159072358,420.90340272906707,484.33817668239504,168.06538409753713,484.8461549436661,336.9957992154869,387.70953979829113,417.2138798578107,432.28231633491157,420.23879911205444,432.48264607723166,439.0306503352901,402.14293762023965,257.98169125154413,376.388449671829,395.9282001328432,465.11471356252764,455.14956352476804,344.7152788933313,382.52829541073527,419.4319408651247,478.63966884368193,237.63940100573367,476.9956311447239,482.9242587343196,422.08290945986164,258.26159805678265,333.8659392943138,320.2581014390622,449.915948523547,458.9869757538317,407.80476954208996,380.6546436278985,352.7601453236895,433.5192005097892,337.3616113554747,361.46933629248616,465.6852041579456,426.6271761265375,404.8612698943025,375.49416309576804,478.31780267096883,279.80007659312463,399.92332011500866,472.5722631190913,341.1930655326817,394.7091066489714,152.93940708326784,428.8856163404461,450.9382080942838,449.7295047018192,377.7754186169259,416.1573199177331,249.37202376821,334.4865107200414,429.98081962995633,484.4657469999198,403.2307487385879,430.22451161491927,225.29902980249537,376.280949069441,474.569996316524,198.58145076713973,446.505101995546,466.321380205053,405.89579739706915,383.5948221502253,369.81970468190843,492.3797209189242,479.7341428560032,479.65482360267526,230.24069804663569,441.20544405858357,447.590637938198,433.3601042284166,248.2557334656975,484.23243062207786,453.37665046375633,479.3910746615821,477.3834100896288,271.2586637620612,457.5872710511446,419.73112079240207,330.79650397800856,399.610004837167,428.2117221539891,450.25645507926504,334.59739819086997,401.7741647116884,369.8126861375311,330.8379878379363,428.7422031086767,277.19619433471945,371.3969398879254,475.6559369027824,476.33200455338556,388.50896587637664,357.75488549577346,371.39987221614757,431.64089290673553,443.76405650159387,368.2506312839173,480.460829768312,444.6617415965263,370.4024123808801,403.38822324020947,470.9975966161156,449.45524870706214,391.1159500648022,448.36504269272217,451.83814870737655,368.84119628391505,431.4129308949103,428.23972663676807,404.7325757177729,390.2976182988019,491.39307802721515,480.4045374203017,432.8718666577188,462.71507922556,361.18211703972975,484.41174970514606,404.62504518268406,451.1516518450493,447.2287890280938,444.67972235489185,422.30108953634976
6,8,181.51441878338963,429.67388920756576,457.41991802874435,302.85559799728486,421.24645265192606,451.6923537184896,465.216993743903,472.2979277400564,289.4869622477078,370.19130298195404,336.94470056440315,411.5329393492601,435.63053212067155,454.34143011525555,414.8223653119731,484.1009762339129,486.6588397782695,382.5602139695302,464.10969913167537,445.17054362325695,329.0883662631307,445.1212841514171,373.13122851398384,499.4837057940848,467.51070360863304,467.17692821289654,469.90285790677467,440.54239633565453,475.72303636256254,345.6560581841949,406.6967771668967,352.3417072275335,403.00337304392514,483.21452986711125,437.8627549514134,438.6510574391179,274.78855367826,485.3133822025616,465.1596302728582,472.5257979546765,469.074651338662,371.140715630984,471.8126626999334,61.75027685704651,481.1264754917061,398.7081103825617,434.375202935332,327.10129148478165,319.5625543191868,472.81773317041467,484.0103638520502,428.1156181140838,360.0353377981305,419.57819460169964,450.4187806731788,458.47827326214514,483.7537736946192,483.9965328936817,478.0914480974228,391.107496337838,308.2467997505207,266.7773240954273,454.4352890376126,389.0342116583279,426.2345050126867,438.3107239065258,381.15044984064366,310.8367745706553,406.09600217903494,404.51935872340755,364.60997569186424,470.11691008348083,436.9167019779112,470.1523159072358,420.90340272906707,484.33817668239504,168.06538409753713,484.8461549436661,336.9957992154869,387.70953979829113,417.2138798578107,432.28231633491157,420.23879911205444,432.48264607723166,439.0306503352901,402.14293762023965,257.98169125154413,376.388449671829,395.9282001328432,465.11471356252764,455.14956352476804,344.7152788933313,382.52829541073527,419.4319408651247,478.63966884368193,237.63940100573367,476.9956311447239,482.9242587343196,422.08290945986164,258.26159805678265,333.8659392943138,320.2581014390622,449.915948523547,458.9869757538317,407.80476954208996,380.6546436278985,352.7601453236895,433.5192005097892,337.3616113554747,361.46933629248616,465.6852041579456,426.6271761265375,404.8612698943025,375.49416309576804,478.31780267096883,279.80007659312463,399.92332011500866,472.5722631190913,341.1930655326817,394.7091066489714,152.93940708326784,428.8856163404461,450.9382080942838,449.7295047018192,377.7754186169259,416.1573199177331,249.37202376821,334.4865107200414,429.98081962995633,484.4657469999198,403.2307487385879,430.22451161491927,225.29902980249537,376.280949069441,474.569996316524,198.58145076713973,446.505101995546,466.321380205053,405.89579739706915,383.5948221502253,369.81970468190843,492.3797209189242,479.7341428560032,479.65482360267526,230.24069804663569,441.20544405858357,447.590637938198,433.3601042284166,248.2557334656975,484.23243062207786,453.37665046375633,479.3910746615821,477.3834100896288,271.2586637620612,457.5872710511446,419.73112079240207,330.79650397800856,399.610004837167,428.2117221539891,450.25645507926504,334.59739819086997,401.7741647116884,369.8126861375311,330.8379878379363,428.7422031086767,277.19619433471945,371.3969398879254,475.6559369027824,476.33200455338556,388.50896587637664,357.75488549577346,371.39987221614757,431.64089290673553,443.76405650159387,368.2506312839173,480.460829768312,444.6617415965263,370.4024123808801,403.38822324020947,470.9975966161156,449.45524870706214,391.1159500648022,448.36504269272217,451.83814870737655,368.84119628391505,431.4129308949103,428.23972663676807,404.7325757177729,390.2976182988019,491.39307802721515,480.4045374203017,432.8718666577188,462.71507922556,361.18211703972975,484.41174970514606,404.62504518268406,451.1516518450493,447.2287890280938,444.67972235489185,422.30108953634976
6,9,181.51441878338963,429.67388920756576,457.41991802874435,302.85559799728486,421.24645265192606,451.6923537184896,465.216993743903,472.2979277400564,289.4869622477078,370.19130298195404,336.94470056440315,411.5329393492601,435.63053212067155,454.34143011525555,414.8223653119731,484.1009762339129,486.6588397782695,382.5602139695302,464.10969913167537,445.17054362325695,329.0883662631307,445.1212841514171,373.13122851398384,499.4837057940848,467.51070360863304,467.17692821289654,469.90285790677467,440.54239633565453,475.72303636256254,345.6560581841949,406.6967771668967,352.3417072275335,403.00337304392514,483.21452986711125,437.8627549514134,438.6510574391179,274.78855367826,485.3133822025616,465.1596302728582,472.5257979546765,469.074651338662,371.140715630984,471.8126626999334,61.75027685704651,481.1264754917061,398.7081103825617,434.375202935332,327.10129148478165,319.5625543191868,472.81773317041467,484.0103638520502,428.1156181140838,360.0353377981305,419.57819460169964,450.4187806731788,458.47827326214514,483.7537736946192,483.9965328936817,478.0914480974228,391.107496337838,308.2467997505207,266.7773240954273,454.4352890376126,389.0342116583279,426.2345050126867,438.3107239065258,381.15044984064366,310.8367745706553,406.09600217903494,404.51935872340755,364.60997569186424,470.11691008348083,436.9167019779112,470.1523159072358,420.90340272906707,484.33817668239504,168.06538409753713,484.8461549436661,336.9957992154869,387.70953979829113,417.2138798578107,432.28231633491157,420.23879911205444,432.48264607723166,439.0306503352901,402.14293762023965,257.98169125154413,376.388449671829,395.9282001328432,465.11471356252764,455.14956352476804,344.7152788933313,382.52829541073527,419.4319408651247,478.63966884368193,237.63940100573367,476.9956311447239,482.9242587343196,422.08290945986164,258.26159805678265,333.8659392943138,320.2581014390622,449.915948523547,458.9869757538317,407.80476954208996,380.6546436278985,352.7601453236895,433.5192005097892,337.3616113554747,361.46933629248616,465.6852041579456,426.6271761265375,404.8612698943025,375.49416309576804,478.31780267096883,279.80007659312463,399.92332011500866,472.5722631190913,341.1930655326817,394.7091066489714,152.93940708326784,428.8856163404461,450.9382080942838,449.7295047018192,377.7754186169259,416.1573199177331,249.37202376821,334.4865107200414,429.98081962995633,484.4657469999198,403.2307487385879,430.22451161491927,225.29902980249537,376.280949069441,474.569996316524,198.58145076713973,446.505101995546,466.321380205053,405.89579739706915,383.5948221502253,369.81970468190843,492.3797209189242,479.7341428560032,479.65482360267526,230.24069804663569,441.20544405858357,447.590637938198,433.3601042284166,248.2557334656975,484.23243062207786,453.37665046375633,479.3910746615821,477.3834100896288,271.2586637620612,457.5872710511446,419.73112079240207,330.79650397800856,399.610004837167,428.2117221539891,450.25645507926504,334.59739819086997,401.7741647116884,369.8126861375311,330.8379878379363,428.7422031086767,277.19619433471945,371.3969398879254,475.6559369027824,476.33200455338556,388.50896587637664,357.75488549577346,371.39987221614757,431.64089290673553,443.76405650159387,368.2506312839173,480.460829768312,444.6617415965263,370.4024123808801,403.38822324020947,470.9975966161156,449.45524870706214,391.1159500648022,448.36504269272217,451.83814870737655,368.84119628391505,431.4129308949103,428.23972663676807,404.7325757177729,390.2976182988019,491.39307802721515,480.4045374203017,432.8718666577188,462.71507922556,361.18211703972975,484.41174970514606,404.62504518268406,451.1516518450493,447.2287890280938,444.67972235489185,422.30108953634976
6,10,181.51441878338963,429.67388920756576,457.41991802874435,302.85559799728486,421.24645265192606,451.6923537184896,465.216993743903,472.2979277400564,289.4869622477078,370.19130298195404,336.94470056440315,411.5329393492601,435.63053212067155,454.34143011525555,414.8223653119731,484.1009762339129,486.6588397782695,382.5602139695302,464.10969913167537,445.17054362325695,329.0883662631307,445.1212841514171,373.13122851398384,499.4837057940848,467.51070360863304,467.17692821289654,469.90285790677467,440.54239633565453,475.72303636256254,345.6560581841949,406.6967771668967,352.3417072275335,403.00337304392514,483.21452986711125,437.8627549514134,438.6510574391179,274.78855367826,485.3133822025616,465.1596302728582,472.5257979546765,469.074651338662,371.140715630984,471.8126626999334,61.75027685704651,481.1264754917061,398.7081103825617,434.375202935332,327.10129148478165,319.5625543191868,472.81773317041467,484.0103638520502,428.1156181140838,360.0353377981305,419.57819460169964,450.4187806731788,458.47827326214514,483.7537736946192,483.9965328936817,478.0914480974228,391.107496337838,308.2467997505207,266.7773240954273,454.4352890376126,389.0342116583279,426.2345050126867,438.3107239065258,381.15044984064366,310.8367745706553,406.09600217903494,404.51935872340755,364.60997569186424,470.11691008348083,436.9167019779112,470.1523159072358,420.90340272906707,484.33817668239504,168.06538409753713,484.8461549436661,336.9957992154869,387.70953979829113,417.2138798578107,432.28231633491157,420.23879911205444,432.48264607723166,439.0306503352901,402.14293762023965,257.98169125154413,376.388449671829,395.9282001328432,465.11471356252764,455.14956352476804,344.7152788933313,382.52829541073527,419.4319408651247,478.63966884368193,237.63940100573367,476.9956311447239,482.9242587343196,422.08290945986164,258.26159805678265,333.8659392943138,320.2581014390622,449.915948523547,458.9869757538317,407.80476954208996,380.6546436278985,352.7601453236895,433.5192005097892,337.3616113554747,361.46933629248616,465.6852041579456,426.6271761265375,404.8612698943025,375.49416309576804,478.31780267096883,279.80007659312463,399.92332011500866,472.5722631190913,341.1930655326817,394.7091066489714,152.93940708326784,428.8856163404461,450.9382080942838,449.7295047018192,377.7754186169259,416.1573199177331,249.37202376821,334.4865107200414,429.98081962995633,484.4657469999198,403.2307487385879,430.22451161491927,225.29902980249537,376.280949069441,474.569996316524,198.58145076713973,446.505101995546,466.321380205053,405.89579739706915,383.5948221502253,369.81970468190843,492.3797209189242,479.7341428560032,479.65482360267526,230.24069804663569,441.20544405858357,447.590637938198,433.3601042284166,248.2557334656975,484.23243062207786,453.37665046375633,479.3910746615821,477.3834100896288,271.2586637620612,457.5872710511446,419.73112079240207,330.79650397800856,399.610004837167,428.2117221539891,450.25645507926504,334.59739819086997,401.7741647116884,369.8126861375311,330.8379878379363,428.7422031086767,277.19619433471945,371.3969398879254,475.6559369027824,476.33200455338556,388.50896587637664,357.75488549577346,371.39987221614757,431.64089290673553,443.76405650159387,368.2506312839173,480.460829768312,444.6617415965263,370.4024123808801,403.38822324020947,470.9975966161156,449.45524870706214,391.1159500648022,448.36504269272217,451.83814870737655,368.84119628391505,431.4129308949103,428.23972663676807,404.7325757177729,390.2976182988019,491.39307802721515,480.4045374203017,432.8718666577188,462.71507922556,361.18211703972975,484.41174970514606,404.62504518268406,451.1516518450493,447.2287890280938,444.67972235489185,422.30108953634976
6,11,181.51441878338963,429.67388920756576,457.41991802874435,302.85559799728486,421.24645265192606,451.6923537184896,465.216993743903,472.2979277400564,289.4869622477078,370.19130298195404,336.94470056440315,411.5329393492601,435.63053212067155,454.34143011525555,414.8223653119731,484.1009762339129,486.6588397782695,382.5602139695302,464.10969913167537,445.17054362325695,329.0883662631307,445.1212841514171,373.13122851398384,499.4837057940848,467.51070360863304,467.17692821289654,469.90285790677467,440.54239633565453,475.72303636256254,345.6560581841949,406.6967771668967,352.3417072275335,403.00337304392514,483.21452986711125,437.8627549514134,438.6510574391179,274.78855367826,485.3133822025616,465.1596302728582,472.5257979546765,469.074651338662,371.140715630984,471.8126626999334,61.75027685704651,481.1264754917061,398.7081103825617,434.375202935332,327.10129148478165,319.5625543191868,472.81773317041467,484.0103638520502,428.1156181140838,360.0353377981305,419.57819460169964,450.4187806731788,458.47827326214514,483.7537736946192,483.9965328936817,478.0914480974228,391.107496337838,308.2467997505207,266.7773240954273,454.4352890376126,389.0342116583279,426.2345050126867,438.3107239065258,381.15044984064366,310.8367745706553,406.09600217903494,404.51935872340755,364.60997569186424,470.11691008348083,436.9167019779112,470.1523159072358,420.90340272906707,484.33817668239504,168.06538409753713,484.8461549436661,336.9957992154869,387.70953979829113,417.2138798578107,432.28231633491157,420.23879911205444,432.48264607723166,439.0306503352901,402.14293762023965,257.98169125154413,376.388449671829,395.9282001328432,465.11471356252764,455.14956352476804,344.7152788933313,382.52829541073527,419.4319408651247,478.63966884368193,237.63940100573367,476.9956311447239,482.9242587343196,422.08290945986164,258.26159805678265,333.8659392943138,320.2581014390622,449.915948523547,458.9869757538317,407.80476954208996,380.6546436278985,352.7601453236895,433.5192005097892,337.3616113554747,361.46933629248616,465.6852041579456,426.6271761265375,404.8612698943025,375.49416309576804,478.31780267096883,279.80007659312463,399.92332011500866,472.5722631190913,341.1930655326817,394.7091066489714,152.93940708326784,428.8856163404461,450.9382080942838,449.7295047018192,377.7754186169259,416.1573199177331,249.37202376821,334.4865107200414,429.98081962995633,484.4657469999198,403.2307487385879,430.22451161491927,225.29902980249537,376.280949069441,474.569996316524,198.58145076713973,446.505101995546,466.321380205053,405.89579739706915,383.5948221502253,369.81970468190843,492.3797209189242,479.7341428560032,479.65482360267526,230.24069804663569,441.20544405858357,447.590637938198,433.3601042284166,248.2557334656975,484.23243062207786,453.37665046375633,479.3910746615821,477.3834100896288,271.2586637620612,457.5872710511446,419.73112079240207,330.79650397800856,399.610004837167,428.2117221539891,450.25645507926504,334.59739819086997,401.7741647116884,369.8126861375311,330.8379878379363,428.7422031086767,277.19619433471945,371.3969398879254,475.6559369027824,476.33200455338556,388.50896587637664,357.75488549577346,371.39987221614757,431.64089290673553,443.76405650159387,368.2506312839173,480.460829768312,444.6617415965263,370.4024123808801,403.38822324020947,470.9975966161156,449.45524870706214,391.1159500648022,448.36504269272217,451.83814870737655,368.84119628391505,431.4129308949103,428.23972663676807,404.7325757177729,390.2976182988019,491.39307802721515,480.4045374203017,432.8718666577188,462.71507922556,361.18211703972975,484.41174970514606,404.62504518268406,451.1516518450493,447.2287890280938,444.67972235489185,422.30108953634976
6,12,181.51441878338963,429.67388920756576,457.41991802874435,302.85559799728486,421.24645265192606,451.6923537184896,465.216993743903,472.2979277400564,289.4869622477078,370.19130298195404,336.94470056440315,411.5329393492601,435.63053212067155,454.34143011525555,414.8223653119731,484.1009762339129,486.6588397782695,382.5602139695302,464.10969913167537,445.17054362325695,329.0883662631307,445.1212841514171,373.13122851398384,499.4837057940848,467.51070360863304,467.17692821289654,469.90285790677467,440.54239633565453,475.72303636256254,345.6560581841949,406.6967771668967,352.3417072275335,403.00337304392514,483.21452986711125,437.8627549514134,438.6510574391179,274.78855367826,485.3133822025616,465.1596302728582,472.5257979546765,469.074651338662,371.140715630984,471.8126626999334,61.75027685704651,481.1264754917061,398.7081103825617,434.375202935332,327.10129148478165,319.5625543191868,472.81773317041467,484.0103638520502,428.1156181140838,360.0353377981305,419.57819460169964,450.4187806731788,458.47827326214514,483.7537736946192,483.9965328936817,478.0914480974228,391.107496337838,308.2467997505207,266.7773240954273,454.4352890376126,389.0342116583279,426.2345050126867,438.3107239065258,381.15044984064366,310.8367745706553,406.09600217903494,404.51935872340755,364.60997569186424,470.11691008348083,436.9167019779112,470.1523159072358,420.90340272906707,484.33817668239504,168.06538409753713,484.8461549436661,336.9957992154869,387.70953979829113,417.2138798578107,432.28231633491157,420.23879911205444,432.48264607723166,439.0306503352901,402.14293762023965,257.98169125154413,376.388449671829,395.9282001328432,465.11471356252764,455.14956352476804,344.7152788933313,382.52829541073527,419.4319408651247,478.63966884368193,237.63940100573367,476.9956311447239,482.9242587343196,422.08290945986164,258.26159805678265,333.8659392943138,320.2581014390622,449.915948523547,458.9869757538317,407.80476954208996,380.6546436278985,352.7601453236895,433.5192005097892,337.3616113554747,361.46933629248616,465.6852041579456,426.6271761265375,404.8612698943025,375.49416309576804,478.31780267096883,279.80007659312463,399.92332011500866,472.5722631190913,341.1930655326817,394.7091066489714,152.93940708326784,428.8856163404461,450.9382080942838,449.7295047018192,377.7754186169259,416.1573199177331,249.37202376821,334.4865107200414,429.98081962995633,484.4657469999198,403.2307487385879,430.22451161491927,225.29902980249537,376.280949069441,474.569996316524,198.58145076713973,446.505101995546,466.321380205053,405.89579739706915,383.5948221502253,369.81970468190843,492.3797209189242,479.7341428560032,479.65482360267526,230.24069804663569,441.20544405858357,447.590637938198,433.3601042284166,248.2557334656975,484.23243062207786,453.37665046375633,479.3910746615821,477.3834100896288,271.2586637620612,457.5872710511446,419.73112079240207,330.79650397800856,399.610004837167,428.2117221539891,450.25645507926504,334.59739819086997,401.7741647116884,369.8126861375311,330.8379878379363,428.7422031086767,277.19619433471945,371.3969398879254,475.6559369027824,476.33200455338556,388.50896587637664,357.75488549577346,371.39987221614757,431.64089290673553,443.76405650159387,368.2506312839173,480.460829768312,444.6617415965263,370.4024123808801,403.38822324020947,470.9975966161156,449.45524870706214,391.1159500648022,448.36504269272217,451.83814870737655,368.84119628391505,431.4129308949103,428.23972663676807,404.7325757177729,390.2976182988019,491.39307802721515,480.4045374203017,432.8718666577188,462.71507922556,361.18211703972975,484.41174970514606,404.62504518268406,451.1516518450493,447.2287890280938,444.67972235489185,422.30108953634976
6,13,181.51441878338963,429.67388920756576,457.41991802874435,302.85559799728486,421.24645265192606,451.6923537184896,465.216993743903,472.2979277400564,289.4869622477078,370.19130298195404,336.94470056440315,411.5329393492601,435.63053212067155,454.34143011525555,414.8223653119731,484.1009762339129,486.6588397782695,382.5602139695302,464.10969913167537,445.17054362325695,329.0883662631307,445.1212841514171,373.13122851398384,499.4837057940848,467.51070360863304,467.17692821289654,469.90285790677467,440.54239633565453,475.72303636256254,345.6560581841949,406.6967771668967,352.3417072275335,403.00337304392514,483.21452986711125,437.8627549514134,438.6510574391179,274.78855367826,485.3133822025616,465.1596302728582,472.5257979546765,469.074651338662,371.140715630984,471.8126626999334,61.75027685704651,481.1264754917061,398.7081103825617,434.375202935332,327.10129148478165,319.5625543191868,472.81773317041467,484.0103638520502,428.1156181140838,360.0353377981305,419.57819460169964,450.4187806731788,458.47827326214514,483.7537736946192,483.9965328936817,478.0914480974228,391.107496337838,308.2467997505207,266.7773240954273,454.4352890376126,389.0342116583279,426.2345050126867,438.3107239065258,381.15044984064366,310.8367745706553,406.09600217903494,404.51935872340755,364.60997569186424,470.11691008348083,436.9167019779112,470.1523159072358,420.90340272906707,484.33817668239504,168.06538409753713,484.8461549436661,336.9957992154869,387.70953979829113,417.2138798578107,432.28231633491157,420.23879911205444,432.48264607723166,439.0306503352901,402.14293762023965,257.98169125154413,376.388449671829,395.9282001328432,465.11471356252764,455.14956352476804,344.7152788933313,382.52829541073527,419.4319408651247,478.63966884368193,237.63940100573367,476.9956311447239,482.9242587343196,422.08290945986164,258.26159805678265,333.8659392943138,320.2581014390622,449.915948523547,458.9869757538317,407.80476954208996,380.6546436278985,352.7601453236895,433.5192005097892,337.3616113554747,361.46933629248616,465.6852041579456,426.6271761265375,404.8612698943025,375.49416309576804,478.31780267096883,279.80007659312463,399.92332011500866,472.5722631190913,341.1930655326817,394.7091066489714,152.93940708326784,428.8856163404461,450.9382080942838,449.7295047018192,377.7754186169259,416.1573199177331,249.37202376821,334.4865107200414,429.98081962995633,484.4657469999198,403.2307487385879,430.22451161491927,225.29902980249537,376.280949069441,474.569996316524,198.58145076713973,446.505101995546,466.321380205053,405.89579739706915,383.5948221502253,369.81970468190843,492.3797209189242,479.7341428560032,479.65482360267526,230.24069804663569,441.20544405858357,447.590637938198,433.3601042284166,248.2557334656975,484.23243062207786,453.37665046375633,479.3910746615821,477.3834100896288,271.2586637620612,457.5872710511446,419.73112079240207,330.79650397800856,399.610004837167,428.2117221539891,450.25645507926504,334.59739819086997,401.7741647116884,369.8126861375311,330.8379878379363,428.7422031086767,277.19619433471945,371.3969398879254,475.6559369027824,476.33200455338556,388.50896587637664,357.75488549577346,371.39987221614757,431.64089290673553,443.76405650159387,368.2506312839173,480.460829768312,444.6617415965263,370.4024123808801,403.38822324020947,470.9975966161156,449.45524870706214,391.1159500648022,448.36504269272217,451.83814870737655,368.84119628391505,431.4129308949103,428.23972663676807,404.7325757177729,390.2976182988019,491.39307802721515,480.4045374203017,432.8718666577188,462.71507922556,361.18211703972975,484.41174970514606,404.62504518268406,451.1516518450493,447.2287890280938,444.67972235489185,422.30108953634976
6,14,181.51441878338963,429.67388920756576,457.41991802874435,302.85559799728486,421.24645265192606,451.6923537184896,465.216993743903,472.2979277400564,289.4869622477078,370.19130298195404,336.94470056440315,411.5329393492601,435.63053212067155,454.34143011525555,414.8223653119731,484.1009762339129,486.6588397782695,382.5602139695302,464.10969913167537,445.17054362325695,329.0883662631307,445.1212841514171,373.13122851398384,499.4837057940848,467.51070360863304,467.17692821289654,469.90285790677467,440.54239633565453,475.72303636256254,345.6560581841949,406.6967771668967,352.3417072275335,403.00337304392514,483.21452986711125,437.8627549514134,438.6510574391179,274.78855367826,485.3133822025616,465.1596302728582,472.5257979546765,469.074651338662,371.140715630984,471.8126626999334,61.75027685704651,481.1264754917061,398.7081103825617,434.375202935332,327.10129148478165,319.5625543191868,472.81773317041467,484.0103638520502,428.1156181140838,360.0353377981305,419.57819460169964,450.4187806731788,458.47827326214514,483.7537736946192,483.9965328936817,478.0914480974228,391.107496337838,308.2467997505207,266.7773240954273,454.4352890376126,389.0342116583279,426.2345050126867,438.3107239065258,381.15044984064366,310.8367745706553,406.09600217903494,404.51935872340755,364.60997569186424,470.11691008348083,436.9167019779112,470.1523159072358,420.90340272906707,484.33817668239504,168.06538409753713,484.8461549436661,336.9957992154869,387.70953979829113,417.2138798578107,432.28231633491157,420.23879911205444,432.48264607723166,439.0306503352901,402.14293762023965,257.98169125154413,376.388449671829,395.9282001328432,465.11471356252764,455.14956352476804,344.7152788933313,382.52829541073527,419.4319408651247,478.63966884368193,237.63940100573367,476.9956311447239,482.9242587343196,422.08290945986164,258.26159805678265,333.8659392943138,320.2581014390622,449.915948523547,458.9869757538317,407.80476954208996,380.6546436278985,352.7601453236895,433.5192005097892,337.3616113554747,361.46933629248616,465.6852041579456,426.6271761265375,404.8612698943025,375.49416309576804,478.31780267096883,279.80007659312463,399.92332011500866,472.5722631190913,341.1930655326817,394.7091066489714,152.93940708326784,428.8856163404461,450.9382080942838,449.7295047018192,377.7754186169259,416.1573199177331,249.37202376821,334.4865107200414,429.98081962995633,484.4657469999198,403.2307487385879,430.22451161491927,225.29902980249537,376.280949069441,474.569996316524,198.58145076713973,446.505101995546,466.321380205053,405.89579739706915,383.5948221502253,369.81970468190843,492.3797209189242,479.7341428560032,479.65482360267526,230.24069804663569,441.20544405858357,447.590637938198,433.3601042284166,248.2557334656975,484.23243062207786,453.37665046375633,479.3910746615821,477.3834100896288,271.2586637620612,457.5872710511446,419.73112079240207,330.79650397800856,399.610004837167,428.2117221539891,450.25645507926504,334.59739819086997,401.7741647116884,369.8126861375311,330.8379878379363,428.7422031086767,277.19619433471945,371.3969398879254,475.6559369027824,476.33200455338556,388.50896587637664,357.75488549577346,371.39987221614757,431.64089290673553,443.76405650159387,368.2506312839173,480.460829768312,444.6617415965263,370.4024123808801,403.38822324020947,470.9975966161156,449.45524870706214,391.1159500648022,448.36504269272217,451.83814870737655,368.84119628391505,431.4129308949103,428.23972663676807,404.7325757177729,390.2976182988019,491.39307802721515,480.4045374203017,432.8718666577188,462.71507922556,361.18211703972975,484.41174970514606,404.62504518268406,451.1516518450493,447.2287890280938,444.67972235489185,422.30108953634976
6,15,181.51441878338963,429.67388920756576,457.41991802874435,302.85559799728486,421.24645265192606,451.6923537184896,465.216993743903,472.2979277400564,289.4869622477078,370.19130298195404,336.94470056440315,411.5329393492601,435.63053212067155,454.34143011525555,414.8223653119731,484.1009762339129,486.6588397782695,382.5602139695302,464.10969913167537,445.17054362325695,329.0883662631307,445.1212841514171,373.13122851398384,499.4837057940848,467.51070360863304,467.17692821289654,469.90285790677467,440.54239633565453,475.72303636256254,345.6560581841949,406.6967771668967,352.3417072275335,403.00337304392514,483.21452986711125,437.8627549514134,438.6510574391179,274.78855367826,485.3133822025616,465.1596302728582,472.5257979546765,469.074651338662,371.140715630984,471.8126626999334,61.75027685704651,481.1264754917061,398.7081103825617,434.375202935332,327.10129148478165,319.5625543191868,472.81773317041467,484.0103638520502,428.1156181140838,360.0353377981305,419.57819460169964,450.4187806731788,458.47827326214514,483.7537736946192,483.9965328936817,478.0914480974228,391.107496337838,308.2467997505207,266.7773240954273,454.4352890376126,389.0342116583279,426.2345050126867,438.3107239065258,381.15044984064366,310.8367745706553,406.09600217903494,404.51935872340755,364.60997569186424,470.11691008348083,436.9167019779112,470.1523159072358,420.90340272906707,484.33817668239504,168.06538409753713,484.8461549436661,336.9957992154869,387.70953979829113,417.2138798578107,432.28231633491157,420.23879911205444,432.48264607723166,439.0306503352901,402.14293762023965,257.98169125154413,376.388449671829,395.9282001328432,465.11471356252764,455.14956352476804,344.7152788933313,382.52829541073527,419.4319408651247,478.63966884368193,237.63940100573367,476.9956311447239,482.9242587343196,422.08290945986164,258.26159805678265,333.8659392943138,320.2581014390622,449.915948523547,458.9869757538317,407.80476954208996,380.6546436278985,352.7601453236895,433.5192005097892,337.3616113554747,361.46933629248616,465.6852041579456,426.6271761265375,404.8612698943025,375.49416309576804,478.31780267096883,279.80007659312463,399.92332011500866,472.5722631190913,341.1930655326817,394.7091066489714,152.93940708326784,428.8856163404461,450.9382080942838,449.7295047018192,377.7754186169259,416.1573199177331,249.37202376821,334.4865107200414,429.98081962995633,484.4657469999198,403.2307487385879,430.22451161491927,225.29902980249537,376.280949069441,474.569996316524,198.58145076713973,446.505101995546,466.321380205053,405.89579739706915,383.5948221502253,369.81970468190843,492.3797209189242,479.7341428560032,479.65482360267526,230.24069804663569,441.20544405858357,447.590637938198,433.3601042284166,248.2557334656975,484.23243062207786,453.37665046375633,479.3910746615821,477.3834100896288,271.2586637620612,457.5872710511446,419.73112079240207,330.79650397800856,399.610004837167,428.2117221539891,450.25645507926504,334.59739819086997,401.7741647116884,369.8126861375311,330.8379878379363,428.7422031086767,277.19619433471945,371.3969398879254,475.6559369027824,476.33200455338556,388.50896587637664,357.75488549577346,371.39987221614757,431.64089290673553,443.76405650159387,368.2506312839173,480.460829768312,444.6617415965263,370.4024123808801,403.38822324020947,470.9975966161156,449.45524870706214,391.1159500648022,448.36504269272217,451.83814870737655,368.84119628391505,431.4129308949103,428.23972663676807,404.7325757177729,390.2976182988019,491.39307802721515,480.4045374203017,432.8718666577188,462.71507922556,361.18211703972975,484.41174970514606,404.62504518268406,451.1516518450493,447.2287890280938,444.67972235489185,422.30108953634976
6,16,181.51441878338963,429.67388920756576,457.41991802874435,302.85559799728486,421.24645265192606,451.6923537184896,465.216993743903,472.2979277400564,289.4869622477078,370.19130298195404,336.94470056440315,411.5329393492601,435.63053212067155,454.34143011525555,414.8223653119731,484.1009762339129,486.6588397782695,382.5602139695302,464.10969913167537,445.17054362325695,329.0883662631307,445.1212841514171,373.13122851398384,499.4837057940848,467.51070360863304,467.17692821289654,469.90285790677467,440.54239633565453,475.72303636256254,345.6560581841949,406.6967771668967,352.3417072275335,403.00337304392514,483.21452986711125,437.8627549514134,438.6510574391179,274.78855367826,485.3133822025616,465.1596302728582,472.5257979546765,469.074651338662,371.140715630984,471.8126626999334,61.75027685704651,481.1264754917061,398.7081103825617,434.375202935332,327.10129148478165,319.5625543191868,472.81773317041467,484.0103638520502,428.1156181140838,360.0353377981305,419.57819460169964,450.4187806731788,458.47827326214514,483.7537736946192,483.9965328936817,478.0914480974228,391.107496337838,308.2467997505207,266.7773240954273,454.4352890376126,389.0342116583279,426.2345050126867,438.3107239065258,381.15044984064366,310.8367745706553,406.09600217903494,404.51935872340755,364.60997569186424,470.11691008348083,436.9167019779112,470.1523159072358,420.90340272906707,484.33817668239504,168.06538409753713,484.8461549436661,336.9957992154869,387.70953979829113,417.2138798578107,432.28231633491157,420.23879911205444,432.48264607723166,439.0306503352901,402.14293762023965,257.98169125154413,376.388449671829,395.9282001328432,465.11471356252764,455.14956352476804,344.7152788933313,382.52829541073527,419.4319408651247,478.63966884368193,237.63940100573367,476.9956311447239,482.9242587343196,422.08290945986164,258.26159805678265,333.8659392943138,320.2581014390622,449.915948523547,458.9869757538317,407.80476954208996,380.6546436278985,352.7601453236895,433.5192005097892,337.3616113554747,361.46933629248616,465.6852041579456,426.6271761265375,404.8612698943025,375.49416309576804,478.31780267096883,279.80007659312463,399.92332011500866,472.5722631190913,341.1930655326817,394.7091066489714,152.93940708326784,428.8856163404461,450.9382080942838,449.7295047018192,377.7754186169259,416.1573199177331,249.37202376821,334.4865107200414,429.98081962995633,484.4657469999198,403.2307487385879,430.22451161491927,225.29902980249537,376.280949069441,474.569996316524,198.58145076713973,446.505101995546,466.321380205053,405.89579739706915,383.5948221502253,369.81970468190843,492.3797209189242,479.7341428560032,479.65482360267526,230.24069804663569,441.20544405858357,447.590637938198,433.3601042284166,248.2557334656975,484.23243062207786,453.37665046375633,479.3910746615821,477.3834100896288,271.2586637620612,457.5872710511446,419.73112079240207,330.79650397800856,399.610004837167,428.2117221539891,450.25645507926504,334.59739819086997,401.7741647116884,369.8126861375311,330.8379878379363,428.7422031086767,277.19619433471945,371.3969398879254,475.6559369027824,476.33200455338556,388.50896587637664,357.75488549577346,371.39987221614757,431.64089290673553,443.76405650159387,368.2506312839173,480.460829768312,444.6617415965263,370.4024123808801,403.38822324020947,470.9975966161156,449.45524870706214,391.1159500648022,448.36504269272217,451.83814870737655,368.84119628391505,431.4129308949103,428.23972663676807,404.7325757177729,390.2976182988019,491.39307802721515,480.4045374203017,432.8718666577188,462.71507922556,361.18211703972975,484.41174970514606,404.62504518268406,451.1516518450493,447.2287890280938,444.67972235489185,422.30108953634976
6,17,181.51441878338963,429.67388920756576,457.41991802874435,302.85559799728486,421.24645265192606,451.6923537184896,465.216993743903,472.2979277400564,289.4869622477078,370.19130298195404,336.94470056440315,411.5329393492601,435.63053212067155,454.34143011525555,414.8223653119731,484.1009762339129,486.6588397782695,382.5602139695302,464.10969913167537,445.17054362325695,329.0883662631307,445.1212841514171,373.13122851398384,499.4837057940848,467.51070360863304,467.17692821289654,469.90285790677467,440.54239633565453,475.72303636256254,345.6560581841949,406.6967771668967,352.3417072275335,403.00337304392514,483.21452986711125,437.8627549514134,438.6510574391179,274.78855367826,485.3133822025616,465.1596302728582,472.5257979546765,469.074651338662,371.140715630984,471.8126626999334,61.75027685704651,481.1264754917061,398.7081103825617,434.375202935332,327.10129148478165,319.5625543191868,472.81773317041467,484.0103638520502,428.1156181140838,360.0353377981305,419.57819460169964,450.4187806731788,458.47827326214514,483.7537736946192,483.9965328936817,478.0914480974228,391.107496337838,308.2467997505207,266.7773240954273,454.4352890376126,389.0342116583279,426.2345050126867,438.3107239065258,381.15044984064366,310.8367745706553,406.09600217903494,404.51935872340755,364.60997569186424,470.11691008348083,436.9167019779112,470.1523159072358,420.90340272906707,484.33817668239504,168.06538409753713,484.8461549436661,336.9957992154869,387.70953979829113,417.2138798578107,432.28231633491157,420.23879911205444,432.48264607723166,439.0306503352901,402.14293762023965,257.98169125154413,376.388449671829,395.9282001328432,465.11471356252764,455.14956352476804,344.7152788933313,382.52829541073527,419.4319408651247,478.63966884368193,237.63940100573367,476.9956311447239,482.9242587343196,422.08290945986164,258.26159805678265,333.8659392943138,320.2581014390622,449.915948523547,458.9869757538317,407.80476954208996,380.6546436278985,352.7601453236895,433.5192005097892,337.3616113554747,361.46933629248616,465.6852041579456,426.6271761265375,404.8612698943025,375.49416309576804,478.31780267096883,279.80007659312463,399.92332011500866,472.5722631190913,341.1930655326817,394.7091066489714,152.93940708326784,428.8856163404461,450.9382080942838,449.7295047018192,377.7754186169259,416.1573199177331,249.37202376821,334.4865107200414,429.98081962995633,484.4657469999198,403.2307487385879,430.22451161491927,225.29902980249537,376.280949069441,474.569996316524,198.58145076713973,446.505101995546,466.321380205053,405.89579739706915,383.5948221502253,369.81970468190843,492.3797209189242,479.7341428560032,479.65482360267526,230.24069804663569,441.20544405858357,447.590637938198,433.3601042284166,248.2557334656975,484.23243062207786,453.37665046375633,479.3910746615821,477.3834100896288,271.2586637620612,457.5872710511446,419.73112079240207,330.79650397800856,399.610004837167,428.2117221539891,450.25645507926504,334.59739819086997,401.7741647116884,369.8126861375311,330.8379878379363,428.7422031086767,277.19619433471945,371.3969398879254,475.6559369027824,476.33200455338556,388.50896587637664,357.75488549577346,371.39987221614757,431.64089290673553,443.76405650159387,368.2506312839173,480.460829768312,444.6617415965263,370.4024123808801,403.38822324020947,470.9975966161156,449.45524870706214,391.1159500648022,448.36504269272217,451.83814870737655,368.84119628391505,431.4129308949103,428.23972663676807,404.7325757177729,390.2976182988019,491.39307802721515,480.4045374203017,432.8718666577188,462.71507922556,361.18211703972975,484.41174970514606,404.62504518268406,451.1516518450493,447.2287890280938,444.67972235489185,422.30108953634976
6,18,181.51441878338963,429.67388920756576,457.41991802874435,302.85559799728486,421.24645265192606,451.6923537184896,465.216993743903,472.2979277400564,289.4869622477078,370.19130298195404,336.94470056440315,411.5329393492601,435.63053212067155,454.34143011525555,414.8223653119731,484.1009762339129,486.6588397782695,382.5602139695302,464.10969913167537,445.17054362325695,329.0883662631307,445.1212841514171,373.13122851398384,499.4837057940848,467.51070360863304,467.17692821289654,469.90285790677467,440.54239633565453,475.72303636256254,345.6560581841949,406.6967771668967,352.3417072275335,403.00337304392514,483.21452986711125,437.8627549514134,438.6510574391179,274.78855367826,485.3133822025616,465.1596302728582,472.5257979546765,469.074651338662,371.140715630984,471.8126626999334,61.75027685704651,481.1264754917061,398.7081103825617,434.375202935332,327.10129148478165,319.5625543191868,472.81773317041467,484.0103638520502,428.1156181140838,360.0353377981305,419.57819460169964,450.4187806731788,458.47827326214514,483.7537736946192,483.9965328936817,478.0914480974228,391.107496337838,308.2467997505207,266.7773240954273,454.4352890376126,389.0342116583279,426.2345050126867,438.3107239065258,381.15044984064366,310.8367745706553,406.09600217903494,404.51935872340755,364.60997569186424,470.11691008348083,436.9167019779112,470.1523159072358,420.90340272906707,484.33817668239504,168.06538409753713,484.8461549436661,336.9957992154869,387.70953979829113,417.2138798578107,432.28231633491157,420.23879911205444,432.48264607723166,439.0306503352901,402.14293762023965,257.98169125154413,376.388449671829,395.9282001328432,465.11471356252764,455.14956352476804,344.7152788933313,382.52829541073527,419.4319408651247,478.63966884368193,237.63940100573367,476.9956311447239,482.9242587343196,422.08290945986164,258.26159805678265,333.8659392943138,320.2581014390622,449.915948523547,458.9869757538317,407.80476954208996,380.6546436278985,352.7601453236895,433.5192005097892,337.3616113554747,361.46933629248616,465.6852041579456,426.6271761265375,404.8612698943025,375.49416309576804,478.31780267096883,279.80007659312463,399.92332011500866,472.5722631190913,341.1930655326817,394.7091066489714,152.93940708326784,428.8856163404461,450.9382080942838,449.7295047018192,377.7754186169259,416.1573199177331,249.37202376821,334.4865107200414,429.98081962995633,484.4657469999198,403.2307487385879,430.22451161491927,225.29902980249537,376.280949069441,474.569996316524,198.58145076713973,446.505101995546,466.321380205053,405.89579739706915,383.5948221502253,369.81970468190843,492.3797209189242,479.7341428560032,479.65482360267526,230.24069804663569,441.20544405858357,447.590637938198,433.3601042284166,248.2557334656975,484.23243062207786,453.37665046375633,479.3910746615821,477.3834100896288,271.2586637620612,457.5872710511446,419.73112079240207,330.79650397800856,399.610004837167,428.2117221539891,450.25645507926504,334.59739819086997,401.7741647116884,369.8126861375311,330.8379878379363,428.7422031086767,277.19619433471945,371.3969398879254,475.6559369027824,476.33200455338556,388.50896587637664,357.75488549577346,371.39987221614757,431.64089290673553,443.76405650159387,368.2506312839173,480.460829768312,444.6617415965263,370.4024123808801,403.38822324020947,470.9975966161156,449.45524870706214,391.1159500648022,448.36504269272217,451.83814870737655,368.84119628391505,431.4129308949103,428.23972663676807,404.7325757177729,390.2976182988019,491.39307802721515,480.4045374203017,432.8718666577188,462.71507922556,361.18211703972975,484.41174970514606,404.62504518268406,451.1516518450493,447.2287890280938,444.67972235489185,422.30108953634976
6,19,181.51441878338963,429.67388920756576,457.41991802874435,302.85559799728486,421.24645265192606,451.6923537184896,465.216993743903,472.2979277400564,289.4869622477078,370.19130298195404,336.94470056440315,411.5329393492601,435.63053212067155,454.34143011525555,414.8223653119731,484.1009762339129,486.6588397782695,382.5602139695302,464.10969913167537,445.17054362325695,329.0883662631307,445.1212841514171,373.13122851398384,499.4837057940848,467.51070360863304,467.17692821289654,469.90285790677467,440.54239633565453,475.72303636256254,345.6560581841949,406.6967771668967,352.3417072275335,403.00337304392514,483.21452986711125,437.8627549514134,438.6510574391179,274.78855367826,485.3133822025616,465.1596302728582,472.5257979546765,469.074651338662,371.140715630984,471.8126626999334,61.75027685704651,481.1264754917061,398.7081103825617,434.375202935332,327.10129148478165,319.5625543191868,472.81773317041467,484.0103638520502,428.1156181140838,360.0353377981305,419.57819460169964,450.4187806731788,458.47827326214514,483.7537736946192,483.9965328936817,478.0914480974228,391.107496337838,308.2467997505207,266.7773240954273,454.4352890376126,389.0342116583279,426.2345050126867,438.3107239065258,381.15044984064366,310.8367745706553,406.09600217903494,404.51935872340755,364.60997569186424,470.11691008348083,436.9167019779112,470.1523159072358,420.90340272906707,484.33817668239504,168.06538409753713,484.8461549436661,336.9957992154869,387.70953979829113,417.2138798578107,432.28231633491157,420.23879911205444,432.48264607723166,439.0306503352901,402.14293762023965,257.98169125154413,376.388449671829,395.9282001328432,465.11471356252764,455.14956352476804,344.7152788933313,382.52829541073527,419.4319408651247,478.63966884368193,237.63940100573367,476.9956311447239,482.9242587343196,422.08290945986164,258.26159805678265,333.8659392943138,320.2581014390622,449.915948523547,458.9869757538317,407.80476954208996,380.6546436278985,352.7601453236895,433.5192005097892,337.3616113554747,361.46933629248616,465.6852041579456,426.6271761265375,404.8612698943025,375.49416309576804,478.31780267096883,279.80007659312463,399.92332011500866,472.5722631190913,341.1930655326817,394.7091066489714,152.93940708326784,428.8856163404461,450.9382080942838,449.7295047018192,377.7754186169259,416.1573199177331,249.37202376821,334.4865107200414,429.98081962995633,484.4657469999198,403.2307487385879,430.22451161491927,225.29902980249537,376.280949069441,474.569996316524,198.58145076713973,446.505101995546,466.321380205053,405.89579739706915,383.5948221502253,369.81970468190843,492.3797209189242,479.7341428560032,479.65482360267526,230.24069804663569,441.20544405858357,447.590637938198,433.3601042284166,248.2557334656975,484.23243062207786,453.37665046375633,479.3910746615821,477.3834100896288,271.2586637620612,457.5872710511446,419.73112079240207,330.79650397800856,399.610004837167,428.2117221539891,450.25645507926504,334.59739819086997,401.7741647116884,369.8126861375311,330.8379878379363,428.7422031086767,277.19619433471945,371.3969398879254,475.6559369027824,476.33200455338556,388.50896587637664,357.75488549577346,371.39987221614757,431.64089290673553,443.76405650159387,368.2506312839173,480.460829768312,444.6617415965263,370.4024123808801,403.38822324020947,470.9975966161156,449.45524870706214,391.1159500648022,448.36504269272217,451.83814870737655,368.84119628391505,431.4129308949103,428.23972663676807,404.7325757177729,390.2976182988019,491.39307802721515,480.4045374203017,432.8718666577188,462.71507922556,361.18211703972975,484.41174970514606,404.62504518268406,451.1516518450493,447.2287890280938,444.67972235489185,422.30108953634976
6,20,181.51441878338963,429.67388920756576,457.41991802874435,302.85559799728486,421.24645265192606,451.6923537184896,465.216993743903,472.2979277400564,289.4869622477078,370.19130298195404,336.94470056440315,411.5329393492601,435.63053212067155,454.34143011525555,414.8223653119731,484.1009762339129,486.6588397782695,382.5602139695302,464.10969913167537,445.17054362325695,329.0883662631307,445.1212841514171,373.13122851398384,499.4837057940848,467.51070360863304,467.17692821289654,469.90285790677467,440.54239633565453,475.72303636256254,345.6560581841949,406.6967771668967,352.3417072275335,403.00337304392514,483.21452986711125,437.8627549514134,438.6510574391179,274.78855367826,485.3133822025616,465.1596302728582,472.5257979546765,469.074651338662,371.140715630984,471.8126626999334,61.75027685704651,481.1264754917061,398.7081103825617,434.375202935332,327.10129148478165,319.5625543191868,472.81773317041467,484.0103638520502,428.1156181140838,360.0353377981305,419.57819460169964,450.4187806731788,458.47827326214514,483.7537736946192,483.9965328936817,478.0914480974228,391.107496337838,308.2467997505207,266.7773240954273,454.4352890376126,389.0342116583279,426.2345050126867,438.3107239065258,381.15044984064366,310.8367745706553,406.09600217903494,404.51935872340755,364.60997569186424,470.11691008348083,436.9167019779112,470.1523159072358,420.90340272906707,484.33817668239504,168.06538409753713,484.8461549436661,336.9957992154869,387.70953979829113,417.2138798578107,432.28231633491157,420.23879911205444,432.48264607723166,439.0306503352901,402.14293762023965,257.98169125154413,376.388449671829,395.9282001328432,465.11471356252764,455.14956352476804,344.7152788933313,382.52829541073527,419.4319408651247,478.63966884368193,237.63940100573367,476.9956311447239,482.9242587343196,422.08290945986164,258.26159805678265,333.8659392943138,320.2581014390622,449.915948523547,458.9869757538317,407.80476954208996,380.6546436278985,352.7601453236895,433.5192005097892,337.3616113554747,361.46933629248616,465.6852041579456,426.6271761265375,404.8612698943025,375.49416309576804,478.31780267096883,279.80007659312463,399.92332011500866,472.5722631190913,341.1930655326817,394.7091066489714,152.93940708326784,428.8856163404461,450.9382080942838,449.7295047018192,377.7754186169259,416.1573199177331,249.37202376821,334.4865107200414,429.98081962995633,484.4657469999198,403.2307487385879,430.22451161491927,225.29902980249537,376.280949069441,474.569996316524,198.58145076713973,446.505101995546,466.321380205053,405.89579739706915,383.5948221502253,369.81970468190843,492.3797209189242,479.7341428560032,479.65482360267526,230.24069804663569,441.20544405858357,447.590637938198,433.3601042284166,248.2557334656975,484.23243062207786,453.37665046375633,479.3910746615821,477.3834100896288,271.2586637620612,457.5872710511446,419.73112079240207,330.79650397800856,399.610004837167,428.2117221539891,450.25645507926504,334.59739819086997,401.7741647116884,369.8126861375311,330.8379878379363,428.7422031086767,277.19619433471945,371.3969398879254,475.6559369027824,476.33200455338556,388.50896587637664,357.75488549577346,371.39987221614757,431.64089290673553,443.76405650159387,368.2506312839173,480.460829768312,444.6617415965263,370.4024123808801,403.38822324020947,470.9975966161156,449.45524870706214,391.1159500648022,448.36504269272217,451.83814870737655,368.84119628391505,431.4129308949103,428.23972663676807,404.7325757177729,390.2976182988019,491.39307802721515,480.4045374203017,432.8718666577188,462.71507922556,361.18211703972975,484.41174970514606,404.62504518268406,451.1516518450493,447.2287890280938,444.67972235489185,422.30108953634976
6,21,181.51441878338963,429.67388920756576,457.41991802874435,302.85559799728486,421.24645265192606,451.6923537184896,465.216993743903,472.2979277400564,289.4869622477078,370.19130298195404,336.94470056440315,411.5329393492601,435.63053212067155,454.34143011525555,414.8223653119731,484.1009762339129,486.6588397782695,382.5602139695302,464.10969913167537,445.17054362325695,329.0883662631307,445.1212841514171,373.13122851398384,499.4837057940848,467.51070360863304,467.17692821289654,469.90285790677467,440.54239633565453,475.72303636256254,345.6560581841949,406.6967771668967,352.3417072275335,403.00337304392514,483.21452986711125,437.8627549514134,438.6510574391179,274.78855367826,485.3133822025616,465.1596302728582,472.5257979546765,469.074651338662,371.140715630984,471.8126626999334,61.75027685704651,481.1264754917061,398.7081103825617,434.375202935332,327.10129148478165,319.5625543191868,472.81773317041467,484.0103638520502,428.1156181140838,360.0353377981305,419.57819460169964,450.4187806731788,458.47827326214514,483.7537736946192,483.9965328936817,478.0914480974228,391.107496337838,308.2467997505207,266.7773240954273,454.4352890376126,389.0342116583279,426.2345050126867,438.3107239065258,381.15044984064366,310.8367745706553,406.09600217903494,404.51935872340755,364.60997569186424,470.11691008348083,436.9167019779112,470.1523159072358,420.90340272906707,484.33817668239504,168.06538409753713,484.8461549436661,336.9957992154869,387.70953979829113,417.2138798578107,432.28231633491157,420.23879911205444,432.48264607723166,439.0306503352901,402.14293762023965,257.98169125154413,376.388449671829,395.9282001328432,465.11471356252764,455.14956352476804,344.7152788933313,382.52829541073527,419.4319408651247,478.63966884368193,237.63940100573367,476.9956311447239,482.9242587343196,422.08290945986164,258.26159805678265,333.8659392943138,320.2581014390622,449.915948523547,458.9869757538317,407.80476954208996,380.6546436278985,352.7601453236895,433.5192005097892,337.3616113554747,361.46933629248616,465.6852041579456,426.6271761265375,404.8612698943025,375.49416309576804,478.31780267096883,279.80007659312463,399.92332011500866,472.5722631190913,341.1930655326817,394.7091066489714,152.93940708326784,428.8856163404461,450.9382080942838,449.7295047018192,377.7754186169259,416.1573199177331,249.37202376821,334.4865107200414,429.98081962995633,484.4657469999198,403.2307487385879,430.22451161491927,225.29902980249537,376.280949069441,474.569996316524,198.58145076713973,446.505101995546,466.321380205053,405.89579739706915,383.5948221502253,369.81970468190843,492.3797209189242,479.7341428560032,479.65482360267526,230.24069804663569,441.20544405858357,447.590637938198,433.3601042284166,248.2557334656975,484.23243062207786,453.37665046375633,479.3910746615821,477.3834100896288,271.2586637620612,457.5872710511446,419.73112079240207,330.79650397800856,399.610004837167,428.2117221539891,450.25645507926504,334.59739819086997,401.7741647116884,369.8126861375311,330.8379878379363,428.7422031086767,277.19619433471945,371.3969398879254,475.6559369027824,476.33200455338556,388.50896587637664,357.75488549577346,371.39987221614757,431.64089290673553,443.76405650159387,368.2506312839173,480.460829768312,444.6617415965263,370.4024123808801,403.38822324020947,470.9975966161156,449.45524870706214,391.1159500648022,448.36504269272217,451.83814870737655,368.84119628391505,431.4129308949103,428.23972663676807,404.7325757177729,390.2976182988019,491.39307802721515,480.4045374203017,432.8718666577188,462.71507922556,361.18211703972975,484.41174970514606,404.62504518268406,451.1516518450493,447.2287890280938,444.67972235489185,422.30108953634976
6,22,181.51441878338963,429.67388920756576,457.41991802874435,302.85559799728486,421.24645265192606,451.6923537184896,465.216993743903,472.2979277400564,289.4869622477078,370.19130298195404,336.94470056440315,411.5329393492601,435.63053212067155,454.34143011525555,414.8223653119731,484.1009762339129,486.6588397782695,382.5602139695302,464.10969913167537,445.17054362325695,329.0883662631307,445.1212841514171,373.13122851398384,499.4837057940848,467.51070360863304,467.17692821289654,469.90285790677467,440.54239633565453,475.72303636256254,345.6560581841949,406.6967771668967,352.3417072275335,403.00337304392514,483.21452986711125,437.8627549514134,438.6510574391179,274.78855367826,485.3133822025616,465.1596302728582,472.5257979546765,469.074651338662,371.140715630984,471.8126626999334,61.75027685704651,481.1264754917061,398.7081103825617,434.375202935332,327.10129148478165,319.5625543191868,472.81773317041467,484.0103638520502,428.1156181140838,360.0353377981305,419.57819460169964,450.4187806731788,458.47827326214514,483.7537736946192,483.9965328936817,478.0914480974228,391.107496337838,308.2467997505207,266.7773240954273,454.4352890376126,389.0342116583279,426.2345050126867,438.3107239065258,381.15044984064366,310.8367745706553,406.09600217903494,404.51935872340755,364.60997569186424,470.11691008348083,436.9167019779112,470.1523159072358,420.90340272906707,484.33817668239504,168.06538409753713,484.8461549436661,336.9957992154869,387.70953979829113,417.2138798578107,432.28231633491157,420.23879911205444,432.48264607723166,439.0306503352901,402.14293762023965,257.98169125154413,376.388449671829,395.9282001328432,465.11471356252764,455.14956352476804,344.7152788933313,382.52829541073527,419.4319408651247,478.63966884368193,237.63940100573367,476.9956311447239,482.9242587343196,422.08290945986164,258.26159805678265,333.8659392943138,320.2581014390622,449.915948523547,458.9869757538317,407.80476954208996,380.6546436278985,352.7601453236895,433.5192005097892,337.3616113554747,361.46933629248616,465.6852041579456,426.6271761265375,404.8612698943025,375.49416309576804,478.31780267096883,279.80007659312463,399.92332011500866,472.5722631190913,341.1930655326817,394.7091066489714,152.93940708326784,428.8856163404461,450.9382080942838,449.7295047018192,377.7754186169259,416.1573199177331,249.37202376821,334.4865107200414,429.98081962995633,484.4657469999198,403.2307487385879,430.22451161491927,225.29902980249537,376.280949069441,474.569996316524,198.58145076713973,446.505101995546,466.321380205053,405.89579739706915,383.5948221502253,369.81970468190843,492.3797209189242,479.7341428560032,479.65482360267526,230.24069804663569,441.20544405858357,447.590637938198,433.3601042284166,248.2557334656975,484.23243062207786,453.37665046375633,479.3910746615821,477.3834100896288,271.2586637620612,457.5872710511446,419.73112079240207,330.79650397800856,399.610004837167,428.2117221539891,450.25645507926504,334.59739819086997,401.7741647116884,369.8126861375311,330.8379878379363,428.7422031086767,277.19619433471945,371.3969398879254,475.6559369027824,476.33200455338556,388.50896587637664,357.75488549577346,371.39987221614757,431.64089290673553,443.76405650159387,368.2506312839173,480.460829768312,444.6617415965263,370.4024123808801,403.38822324020947,470.9975966161156,449.45524870706214,391.1159500648022,448.36504269272217,451.83814870737655,368.84119628391505,431.4129308949103,428.23972663676807,404.7325757177729,390.2976182988019,491.39307802721515,480.4045374203017,432.8718666577188,462.71507922556,361.18211703972975,484.41174970514606,404.62504518268406,451.1516518450493,447.2287890280938,444.67972235489185,422.30108953634976
6,23,181.51441878338963,429.67388920756576,457.41991802874435,302.85559799728486,421.24645265192606,451.6923537184896,465.216993743903,472.2979277400564,289.4869622477078,370.19130298195404,336.94470056440315,411.5329393492601,435.63053212067155,454.34143011525555,414.8223653119731,484.1009762339129,486.6588397782695,382.5602139695302,464.10969913167537,445.17054362325695,329.0883662631307,445.1212841514171,373.13122851398384,499.4837057940848,467.51070360863304,467.17692821289654,469.90285790677467,440.54239633565453,475.72303636256254,345.6560581841949,406.6967771668967,352.3417072275335,403.00337304392514,483.21452986711125,437.8627549514134,438.6510574391179,274.78855367826,485.3133822025616,465.1596302728582,472.5257979546765,469.074651338662,371.140715630984,471.8126626999334,61.75027685704651,481.1264754917061,398.7081103825617,434.375202935332,327.10129148478165,319.5625543191868,472.81773317041467,484.0103638520502,428.1156181140838,360.0353377981305,419.57819460169964,450.4187806731788,458.47827326214514,483.7537736946192,483.9965328936817,478.0914480974228,391.107496337838,308.2467997505207,266.7773240954273,454.4352890376126,389.0342116583279,426.2345050126867,438.3107239065258,381.15044984064366,310.8367745706553,406.09600217903494,404.51935872340755,364.60997569186424,470.11691008348083,436.9167019779112,470.1523159072358,420.90340272906707,484.33817668239504,168.06538409753713,484.8461549436661,336.9957992154869,387.70953979829113,417.2138798578107,432.28231633491157,420.23879911205444,432.48264607723166,439.0306503352901,402.14293762023965,257.98169125154413,376.388449671829,395.9282001328432,465.11471356252764,455.14956352476804,344.7152788933313,382.52829541073527,419.4319408651247,478.63966884368193,237.63940100573367,476.9956311447239,482.9242587343196,422.08290945986164,258.26159805678265,333.8659392943138,320.2581014390622,449.915948523547,458.9869757538317,407.80476954208996,380.6546436278985,352.7601453236895,433.5192005097892,337.3616113554747,361.46933629248616,465.6852041579456,426.6271761265375,404.8612698943025,375.49416309576804,478.31780267096883,279.80007659312463,399.92332011500866,472.5722631190913,341.1930655326817,394.7091066489714,152.93940708326784,428.8856163404461,450.9382080942838,449.7295047018192,377.7754186169259,416.1573199177331,249.37202376821,334.4865107200414,429.98081962995633,484.4657469999198,403.2307487385879,430.22451161491927,225.29902980249537,376.280949069441,474.569996316524,198.58145076713973,446.505101995546,466.321380205053,405.89579739706915,383.5948221502253,369.81970468190843,492.3797209189242,479.7341428560032,479.65482360267526,230.24069804663569,441.20544405858357,447.590637938198,433.3601042284166,248.2557334656975,484.23243062207786,453.37665046375633,479.3910746615821,477.3834100896288,271.2586637620612,457.5872710511446,419.73112079240207,330.79650397800856,399.610004837167,428.2117221539891,450.25645507926504,334.59739819086997,401.7741647116884,369.8126861375311,330.8379878379363,428.7422031086767,277.19619433471945,371.3969398879254,475.6559369027824,476.33200455338556,388.50896587637664,357.75488549577346,371.39987221614757,431.64089290673553,443.76405650159387,368.2506312839173,480.460829768312,444.6617415965263,370.4024123808801,403.38822324020947,470.9975966161156,449.45524870706214,391.1159500648022,448.36504269272217,451.83814870737655,368.84119628391505,431.4129308949103,428.23972663676807,404.7325757177729,390.2976182988019,491.39307802721515,480.4045374203017,432.8718666577188,462.71507922556,361.18211703972975,484.41174970514606,404.62504518268406,451.1516518450493,447.2287890280938,444.67972235489185,422.30108953634976
6,24,181.51441878338963,429.67388920756576,457.41991802874435,302.85559799728486,421.24645265192606,451.6923537184896,465.216993743903,472.2979277400564,289.4869622477078,370.19130298195404,336.94470056440315,411.5329393492601,435.63053212067155,454.34143011525555,414.8223653119731,484.1009762339129,486.6588397782695,382.5602139695302,464.10969913167537,445.17054362325695,329.0883662631307,445.1212841514171,373.13122851398384,499.4837057940848,467.51070360863304,467.17692821289654,469.90285790677467,440.54239633565453,475.72303636256254,345.6560581841949,406.6967771668967,352.3417072275335,403.00337304392514,483.21452986711125,437.8627549514134,438.6510574391179,274.78855367826,485.3133822025616,465.1596302728582,472.5257979546765,469.074651338662,371.140715630984,471.8126626999334,61.75027685704651,481.1264754917061,398.7081103825617,434.375202935332,327.10129148478165,319.5625543191868,472.81773317041467,484.0103638520502,428.1156181140838,360.0353377981305,419.57819460169964,450.4187806731788,458.47827326214514,483.7537736946192,483.9965328936817,478.0914480974228,391.107496337838,308.2467997505207,266.7773240954273,454.4352890376126,389.0342116583279,426.2345050126867,438.3107239065258,381.15044984064366,310.8367745706553,406.09600217903494,404.51935872340755,364.60997569186424,470.11691008348083,436.9167019779112,470.1523159072358,420.90340272906707,484.33817668239504,168.06538409753713,484.8461549436661,336.9957992154869,387.70953979829113,417.2138798578107,432.28231633491157,420.23879911205444,432.48264607723166,439.0306503352901,402.14293762023965,257.98169125154413,376.388449671829,395.9282001328432,465.11471356252764,455.14956352476804,344.7152788933313,382.52829541073527,419.4319408651247,478.63966884368193,237.63940100573367,476.9956311447239,482.9242587343196,422.08290945986164,258.26159805678265,333.8659392943138,320.2581014390622,449.915948523547,458.9869757538317,407.80476954208996,380.6546436278985,352.7601453236895,433.5192005097892,337.3616113554747,361.46933629248616,465.6852041579456,426.6271761265375,404.8612698943025,375.49416309576804,478.31780267096883,279.80007659312463,399.92332011500866,472.5722631190913,341.1930655326817,394.7091066489714,152.93940708326784,428.8856163404461,450.9382080942838,449.7295047018192,377.7754186169259,416.1573199177331,249.37202376821,334.4865107200414,429.98081962995633,484.4657469999198,403.2307487385879,430.22451161491927,225.29902980249537,376.280949069441,474.569996316524,198.58145076713973,446.505101995546,466.321380205053,405.89579739706915,383.5948221502253,369.81970468190843,492.3797209189242,479.7341428560032,479.65482360267526,230.24069804663569,441.20544405858357,447.590637938198,433.3601042284166,248.2557334656975,484.23243062207786,453.37665046375633,479.3910746615821,477.3834100896288,271.2586637620612,457.5872710511446,419.73112079240207,330.79650397800856,399.610004837167,428.2117221539891,450.25645507926504,334.59739819086997,401.7741647116884,369.8126861375311,330.8379878379363,428.7422031086767,277.19619433471945,371.3969398879254,475.6559369027824,476.33200455338556,388.50896587637664,357.75488549577346,371.39987221614757,431.64089290673553,443.76405650159387,368.2506312839173,480.460829768312,444.6617415965263,370.4024123808801,403.38822324020947,470.9975966161156,449.45524870706214,391.1159500648022,448.36504269272217,451.83814870737655,368.84119628391505,431.4129308949103,428.23972663676807,404.7325757177729,390.2976182988019,491.39307802721515,480.4045374203017,432.8718666577188,462.71507922556,361.18211703972975,484.41174970514606,404.62504518268406,451.1516518450493,447.2287890280938,444.67972235489185,422.30108953634976
6,25,181.51441878338963,429.67388920756576,457.41991802874435,302.85559799728486,421.24645265192606,451.6923537184896,465.216993743903,472.2979277400564,289.4869622477078,370.19130298195404,336.94470056440315,411.5329393492601,435.63053212067155,454.34143011525555,414.8223653119731,484.1009762339129,486.6588397782695,382.5602139695302,464.10969913167537,445.17054362325695,329.0883662631307,445.1212841514171,373.13122851398384,499.4837057940848,467.51070360863304,467.17692821289654,469.90285790677467,440.54239633565453,475.72303636256254,345.6560581841949,406.6967771668967,352.3417072275335,403.00337304392514,483.21452986711125,437.8627549514134,438.6510574391179,274.78855367826,485.3133822025616,465.1596302728582,472.5257979546765,469.074651338662,371.140715630984,471.8126626999334,61.75027685704651,481.1264754917061,398.7081103825617,434.375202935332,327.10129148478165,319.5625543191868,472.81773317041467,484.0103638520502,428.1156181140838,360.0353377981305,419.57819460169964,450.4187806731788,458.47827326214514,483.7537736946192,483.9965328936817,478.0914480974228,391.107496337838,308.2467997505207,266.7773240954273,454.4352890376126,389.0342116583279,426.2345050126867,438.3107239065258,381.15044984064366,310.8367745706553,406.09600217903494,404.51935872340755,364.60997569186424,470.11691008348083,436.9167019779112,470.1523159072358,420.90340272906707,484.33817668239504,168.06538409753713,484.8461549436661,336.9957992154869,387.70953979829113,417.2138798578107,432.28231633491157,420.23879911205444,432.48264607723166,439.0306503352901,402.14293762023965,257.98169125154413,376.388449671829,395.9282001328432,465.11471356252764,455.14956352476804,344.7152788933313,382.52829541073527,419.4319408651247,478.63966884368193,237.63940100573367,476.9956311447239,482.9242587343196,422.08290945986164,258.26159805678265,333.8659392943138,320.2581014390622,449.915948523547,458.9869757538317,407.80476954208996,380.6546436278985,352.7601453236895,433.5192005097892,337.3616113554747,361.46933629248616,465.6852041579456,426.6271761265375,404.8612698943025,375.49416309576804,478.31780267096883,279.80007659312463,399.92332011500866,472.5722631190913,341.1930655326817,394.7091066489714,152.93940708326784,428.8856163404461,450.9382080942838,449.7295047018192,377.7754186169259,416.1573199177331,249.37202376821,334.4865107200414,429.98081962995633,484.4657469999198,403.2307487385879,430.22451161491927,225.29902980249537,376.280949069441,474.569996316524,198.58145076713973,446.505101995546,466.321380205053,405.89579739706915,383.5948221502253,369.81970468190843,492.3797209189242,479.7341428560032,479.65482360267526,230.24069804663569,441.20544405858357,447.590637938198,433.3601042284166,248.2557334656975,484.23243062207786,453.37665046375633,479.3910746615821,477.3834100896288,271.2586637620612,457.5872710511446,419.73112079240207,330.79650397800856,399.610004837167,428.2117221539891,450.25645507926504,334.59739819086997,401.7741647116884,369.8126861375311,330.8379878379363,428.7422031086767,277.19619433471945,371.3969398879254,475.6559369027824,476.33200455338556,388.50896587637664,357.75488549577346,371.39987221614757,431.64089290673553,443.76405650159387,368.2506312839173,480.460829768312,444.6617415965263,370.4024123808801,403.38822324020947,470.9975966161156,449.45524870706214,391.1159500648022,448.36504269272217,451.83814870737655,368.84119628391505,431.4129308949103,428.23972663676807,404.7325757177729,390.2976182988019,491.39307802721515,480.4045374203017,432.8718666577188,462.71507922556,361.18211703972975,484.41174970514606,404.62504518268406,451.1516518450493,447.2287890280938,444.67972235489185,422.30108953634976
6,26,181.51441878338963,429.67388920756576,457.41991802874435,302.85559799728486,421.24645265192606,451.6923537184896,465.216993743903,472.2979277400564,289.4869622477078,370.19130298195404,336.94470056440315,411.5329393492601,435.63053212067155,454.34143011525555,414.8223653119731,484.1009762339129,486.6588397782695,382.5602139695302,464.10969913167537,445.17054362325695,329.0883662631307,445.1212841514171,373.13122851398384,499.4837057940848,467.51070360863304,467.17692821289654,469.90285790677467,440.54239633565453,475.72303636256254,345.6560581841949,406.6967771668967,352.3417072275335,403.00337304392514,483.21452986711125,437.8627549514134,438.6510574391179,274.78855367826,485.3133822025616,465.1596302728582,472.5257979546765,469.074651338662,371.140715630984,471.8126626999334,61.75027685704651,481.1264754917061,398.7081103825617,434.375202935332,327.10129148478165,319.5625543191868,472.81773317041467,484.0103638520502,428.1156181140838,360.0353377981305,419.57819460169964,450.4187806731788,458.47827326214514,483.7537736946192,483.9965328936817,478.0914480974228,391.107496337838,308.2467997505207,266.7773240954273,454.4352890376126,389.0342116583279,426.2345050126867,438.3107239065258,381.15044984064366,310.8367745706553,406.09600217903494,404.51935872340755,364.60997569186424,470.11691008348083,436.9167019779112,470.1523159072358,420.90340272906707,484.33817668239504,168.06538409753713,484.8461549436661,336.9957992154869,387.70953979829113,417.2138798578107,432.28231633491157,420.23879911205444,432.48264607723166,439.0306503352901,402.14293762023965,257.98169125154413,376.388449671829,395.9282001328432,465.11471356252764,455.14956352476804,344.7152788933313,382.52829541073527,419.4319408651247,478.63966884368193,237.63940100573367,476.9956311447239,482.9242587343196,422.08290945986164,258.26159805678265,333.8659392943138,320.2581014390622,449.915948523547,458.9869757538317,407.80476954208996,380.6546436278985,352.7601453236895,433.5192005097892,337.3616113554747,361.46933629248616,465.6852041579456,426.6271761265375,404.8612698943025,375.49416309576804,478.31780267096883,279.80007659312463,399.92332011500866,472.5722631190913,341.1930655326817,394.7091066489714,152.93940708326784,428.8856163404461,450.9382080942838,449.7295047018192,377.7754186169259,416.1573199177331,249.37202376821,334.4865107200414,429.98081962995633,484.4657469999198,403.2307487385879,430.22451161491927,225.29902980249537,376.280949069441,474.569996316524,198.58145076713973,446.505101995546,466.321380205053,405.89579739706915,383.5948221502253,369.81970468190843,492.3797209189242,479.7341428560032,479.65482360267526,230.24069804663569,441.20544405858357,447.590637938198,433.3601042284166,248.2557334656975,484.23243062207786,453.37665046375633,479.3910746615821,477.3834100896288,271.2586637620612,457.5872710511446,419.73112079240207,330.79650397800856,399.610004837167,428.2117221539891,450.25645507926504,334.59739819086997,401.7741647116884,369.8126861375311,330.8379878379363,428.7422031086767,277.19619433471945,371.3969398879254,475.6559369027824,476.33200455338556,388.50896587637664,357.75488549577346,371.39987221614757,431.64089290673553,443.76405650159387,368.2506312839173,480.460829768312,444.6617415965263,370.4024123808801,403.38822324020947,470.9975966161156,449.45524870706214,391.1159500648022,448.36504269272217,451.83814870737655,368.84119628391505,431.4129308949103,428.23972663676807,404.7325757177729,390.2976182988019,491.39307802721515,480.4045374203017,432.8718666577188,462.71507922556,361.18211703972975,484.41174970514606,404.62504518268406,451.1516518450493,447.2287890280938,444.67972235489185,422.30108953634976
6,27,181.51441878338963,429.67388920756576,457.41991802874435,302.85559799728486,421.24645265192606,451.6923537184896,465.216993743903,472.2979277400564,289.4869622477078,370.19130298195404,336.94470056440315,411.5329393492601,435.63053212067155,454.34143011525555,414.8223653119731,484.1009762339129,486.6588397782695,382.5602139695302,464.10969913167537,445.17054362325695,329.0883662631307,445.1212841514171,373.13122851398384,499.4837057940848,467.51070360863304,467.17692821289654,469.90285790677467,440.54239633565453,475.72303636256254,345.6560581841949,406.6967771668967,352.3417072275335,403.00337304392514,483.21452986711125,437.8627549514134,438.6510574391179,274.78855367826,485.3133822025616,465.1596302728582,472.5257979546765,469.074651338662,371.140715630984,471.8126626999334,61.75027685704651,481.1264754917061,398.7081103825617,434.375202935332,327.10129148478165,319.5625543191868,472.81773317041467,484.0103638520502,428.1156181140838,360.0353377981305,419.57819460169964,450.4187806731788,458.47827326214514,483.7537736946192,483.9965328936817,478.0914480974228,391.107496337838,308.2467997505207,266.7773240954273,454.4352890376126,389.0342116583279,426.2345050126867,438.3107239065258,381.15044984064366,310.8367745706553,406.09600217903494,404.51935872340755,364.60997569186424,470.11691008348083,436.9167019779112,470.1523159072358,420.90340272906707,484.33817668239504,168.06538409753713,484.8461549436661,336.9957992154869,387.70953979829113,417.2138798578107,432.28231633491157,420.23879911205444,432.48264607723166,439.0306503352901,402.14293762023965,257.98169125154413,376.388449671829,395.9282001328432,465.11471356252764,455.14956352476804,344.7152788933313,382.52829541073527,419.4319408651247,478.63966884368193,237.63940100573367,476.9956311447239,482.9242587343196,422.08290945986164,258.26159805678265,333.8659392943138,320.2581014390622,449.915948523547,458.9869757538317,407.80476954208996,380.6546436278985,352.7601453236895,433.5192005097892,337.3616113554747,361.46933629248616,465.6852041579456,426.6271761265375,404.8612698943025,375.49416309576804,478.31780267096883,279.80007659312463,399.92332011500866,472.5722631190913,341.1930655326817,394.7091066489714,152.93940708326784,428.8856163404461,450.9382080942838,449.7295047018192,377.7754186169259,416.1573199177331,249.37202376821,334.4865107200414,429.98081962995633,484.4657469999198,403.2307487385879,430.22451161491927,225.29902980249537,376.280949069441,474.569996316524,198.58145076713973,446.505101995546,466.321380205053,405.89579739706915,383.5948221502253,369.81970468190843,492.3797209189242,479.7341428560032,479.65482360267526,230.24069804663569,441.20544405858357,447.590637938198,433.3601042284166,248.2557334656975,484.23243062207786,453.37665046375633,479.3910746615821,477.3834100896288,271.2586637620612,457.5872710511446,419.73112079240207,330.79650397800856,399.610004837167,428.2117221539891,450.25645507926504,334.59739819086997,401.7741647116884,369.8126861375311,330.8379878379363,428.7422031086767,277.19619433471945,371.3969398879254,475.6559369027824,476.33200455338556,388.50896587637664,357.75488549577346,371.39987221614757,431.64089290673553,443.76405650159387,368.2506312839173,480.460829768312,444.6617415965263,370.4024123808801,403.38822324020947,470.9975966161156,449.45524870706214,391.1159500648022,448.36504269272217,451.83814870737655,368.84119628391505,431.4129308949103,428.23972663676807,404.7325757177729,390.2976182988019,491.39307802721515,480.4045374203017,432.8718666577188,462.71507922556,361.18211703972975,484.41174970514606,404.62504518268406,451.1516518450493,447.2287890280938,444.67972235489185,422.30108953634976
6,28,181.51441878338963,429.67388920756576,457.41991802874435,302.85559799728486,421.24645265192606,451.6923537184896,465.216993743903,472.2979277400564,289.4869622477078,370.19130298195404,336.94470056440315,411.5329393492601,435.63053212067155,454.34143011525555,414.8223653119731,484.1009762339129,486.6588397782695,382.5602139695302,464.10969913167537,445.17054362325695,329.0883662631307,445.1212841514171,373.13122851398384,499.4837057940848,467.51070360863304,467.17692821289654,469.90285790677467,440.54239633565453,475.72303636256254,345.6560581841949,406.6967771668967,352.3417072275335,403.00337304392514,483.21452986711125,437.8627549514134,438.6510574391179,274.78855367826,485.3133822025616,465.1596302728582,472.5257979546765,469.074651338662,371.140715630984,471.8126626999334,61.75027685704651,481.1264754917061,398.7081103825617,434.375202935332,327.10129148478165,319.5625543191868,472.81773317041467,484.0103638520502,428.1156181140838,360.0353377981305,419.57819460169964,450.4187806731788,458.47827326214514,483.7537736946192,483.9965328936817,478.0914480974228,391.107496337838,308.2467997505207,266.7773240954273,454.4352890376126,389.0342116583279,426.2345050126867,438.3107239065258,381.15044984064366,310.8367745706553,406.09600217903494,404.51935872340755,364.60997569186424,470.11691008348083,436.9167019779112,470.1523159072358,420.90340272906707,484.33817668239504,168.06538409753713,484.8461549436661,336.9957992154869,387.70953979829113,417.2138798578107,432.28231633491157,420.23879911205444,432.48264607723166,439.0306503352901,402.14293762023965,257.98169125154413,376.388449671829,395.9282001328432,465.11471356252764,455.14956352476804,344.7152788933313,382.52829541073527,419.4319408651247,478.63966884368193,237.63940100573367,476.9956311447239,482.9242587343196,422.08290945986164,258.26159805678265,333.8659392943138,320.2581014390622,449.915948523547,458.9869757538317,407.80476954208996,380.6546436278985,352.7601453236895,433.5192005097892,337.3616113554747,361.46933629248616,465.6852041579456,426.6271761265375,404.8612698943025,375.49416309576804,478.31780267096883,279.80007659312463,399.92332011500866,472.5722631190913,341.1930655326817,394.7091066489714,152.93940708326784,428.8856163404461,450.9382080942838,449.7295047018192,377.7754186169259,416.1573199177331,249.37202376821,334.4865107200414,429.98081962995633,484.4657469999198,403.2307487385879,430.22451161491927,225.29902980249537,376.280949069441,474.569996316524,198.58145076713973,446.505101995546,466.321380205053,405.89579739706915,383.5948221502253,369.81970468190843,492.3797209189242,479.7341428560032,479.65482360267526,230.24069804663569,441.20544405858357,447.590637938198,433.3601042284166,248.2557334656975,484.23243062207786,453.37665046375633,479.3910746615821,477.3834100896288,271.2586637620612,457.5872710511446,419.73112079240207,330.79650397800856,399.610004837167,428.2117221539891,450.25645507926504,334.59739819086997,401.7741647116884,369.8126861375311,330.8379878379363,428.7422031086767,277.19619433471945,371.3969398879254,475.6559369027824,476.33200455338556,388.50896587637664,357.75488549577346,371.39987221614757,431.64089290673553,443.76405650159387,368.2506312839173,480.460829768312,444.6617415965263,370.4024123808801,403.38822324020947,470.9975966161156,449.45524870706214,391.1159500648022,448.36504269272217,451.83814870737655,368.84119628391505,431.4129308949103,428.23972663676807,404.7325757177729,390.2976182988019,491.39307802721515,480.4045374203017,432.8718666577188,462.71507922556,361.18211703972975,484.41174970514606,404.62504518268406,451.1516518450493,447.2287890280938,444.67972235489185,422.30108953634976
6,29,181.51441878338963,429.67388920756576,457.41991802874435,302.85559799728486,421.24645265192606,451.6923537184896,465.216993743903,472.2979277400564,289.4869622477078,370.19130298195404,336.94470056440315,411.5329393492601,435.63053212067155,454.34143011525555,414.8223653119731,484.1009762339129,486.6588397782695,382.5602139695302,464.10969913167537,445.17054362325695,329.0883662631307,445.1212841514171,373.13122851398384,499.4837057940848,467.51070360863304,467.17692821289654,469.90285790677467,440.54239633565453,475.72303636256254,345.6560581841949,406.6967771668967,352.3417072275335,403.00337304392514,483.21452986711125,437.8627549514134,438.6510574391179,274.78855367826,485.3133822025616,465.1596302728582,472.5257979546765,469.074651338662,371.140715630984,471.8126626999334,61.75027685704651,481.1264754917061,398.7081103825617,434.375202935332,327.10129148478165,319.5625543191868,472.81773317041467,484.0103638520502,428.1156181140838,360.0353377981305,419.57819460169964,450.4187806731788,458.47827326214514,483.7537736946192,483.9965328936817,478.0914480974228,391.107496337838,308.2467997505207,266.7773240954273,454.4352890376126,389.0342116583279,426.2345050126867,438.3107239065258,381.15044984064366,310.8367745706553,406.09600217903494,404.51935872340755,364.60997569186424,470.11691008348083,436.9167019779112,470.1523159072358,420.90340272906707,484.33817668239504,168.06538409753713,484.8461549436661,336.9957992154869,387.70953979829113,417.2138798578107,432.28231633491157,420.23879911205444,432.48264607723166,439.0306503352901,402.14293762023965,257.98169125154413,376.388449671829,395.9282001328432,465.11471356252764,455.14956352476804,344.7152788933313,382.52829541073527,419.4319408651247,478.63966884368193,237.63940100573367,476.9956311447239,482.9242587343196,422.08290945986164,258.26159805678265,333.8659392943138,320.2581014390622,449.915948523547,458.9869757538317,407.80476954208996,380.6546436278985,352.7601453236895,433.5192005097892,337.3616113554747,361.46933629248616,465.6852041579456,426.6271761265375,404.8612698943025,375.49416309576804,478.31780267096883,279.80007659312463,399.92332011500866,472.5722631190913,341.1930655326817,394.7091066489714,152.93940708326784,428.8856163404461,450.9382080942838,449.7295047018192,377.7754186169259,416.1573199177331,249.37202376821,334.4865107200414,429.98081962995633,484.4657469999198,403.2307487385879,430.22451161491927,225.29902980249537,376.280949069441,474.569996316524,198.58145076713973,446.505101995546,466.321380205053,405.89579739706915,383.5948221502253,369.81970468190843,492.3797209189242,479.7341428560032,479.65482360267526,230.24069804663569,441.20544405858357,447.590637938198,433.3601042284166,248.2557334656975,484.23243062207786,453.37665046375633,479.3910746615821,477.3834100896288,271.2586637620612,457.5872710511446,419.73112079240207,330.79650397800856,399.610004837167,428.2117221539891,450.25645507926504,334.59739819086997,401.7741647116884,369.8126861375311,330.8379878379363,428.7422031086767,277.19619433471945,371.3969398879254,475.6559369027824,476.33200455338556,388.50896587637664,357.75488549577346,371.39987221614757,431.64089290673553,443.76405650159387,368.2506312839173,480.460829768312,444.6617415965263,370.4024123808801,403.38822324020947,470.9975966161156,449.45524870706214,391.1159500648022,448.36504269272217,451.83814870737655,368.84119628391505,431.4129308949103,428.23972663676807,404.7325757177729,390.2976182988019,491.39307802721515,480.4045374203017,432.8718666577188,462.71507922556,361.18211703972975,484.41174970514606,404.62504518268406,451.1516518450493,447.2287890280938,444.67972235489185,422.30108953634976
6,30,181.51441878338963,429.67388920756576,457.41991802874435,302.85559799728486,421.24645265192606,451.6923537184896,465.216993743903,472.2979277400564,289.4869622477078,370.19130298195404,336.94470056440315,411.5329393492601,435.63053212067155,454.34143011525555,414.8223653119731,484.1009762339129,486.6588397782695,382.5602139695302,464.10969913167537,445.17054362325695,329.0883662631307,445.1212841514171,373.13122851398384,499.4837057940848,467.51070360863304,467.17692821289654,469.90285790677467,440.54239633565453,475.72303636256254,345.6560581841949,406.6967771668967,352.3417072275335,403.00337304392514,483.21452986711125,437.8627549514134,438.6510574391179,274.78855367826,485.3133822025616,465.1596302728582,472.5257979546765,469.074651338662,371.140715630984,471.8126626999334,61.75027685704651,481.1264754917061,398.7081103825617,434.375202935332,327.10129148478165,319.5625543191868,472.81773317041467,484.0103638520502,428.1156181140838,360.0353377981305,419.57819460169964,450.4187806731788,458.47827326214514,483.7537736946192,483.9965328936817,478.0914480974228,391.107496337838,308.2467997505207,266.7773240954273,454.4352890376126,389.0342116583279,426.2345050126867,438.3107239065258,381.15044984064366,310.8367745706553,406.09600217903494,404.51935872340755,364.60997569186424,470.11691008348083,436.9167019779112,470.1523159072358,420.90340272906707,484.33817668239504,168.06538409753713,484.8461549436661,336.9957992154869,387.70953979829113,417.2138798578107,432.28231633491157,420.23879911205444,432.48264607723166,439.0306503352901,402.14293762023965,257.98169125154413,376.388449671829,395.9282001328432,465.11471356252764,455.14956352476804,344.7152788933313,382.52829541073527,419.4319408651247,478.63966884368193,237.63940100573367,476.9956311447239,482.9242587343196,422.08290945986164,258.26159805678265,333.8659392943138,320.2581014390622,449.915948523547,458.9869757538317,407.80476954208996,380.6546436278985,352.7601453236895,433.5192005097892,337.3616113554747,361.46933629248616,465.6852041579456,426.6271761265375,404.8612698943025,375.49416309576804,478.31780267096883,279.80007659312463,399.92332011500866,472.5722631190913,341.1930655326817,394.7091066489714,152.93940708326784,428.8856163404461,450.9382080942838,449.7295047018192,377.7754186169259,416.1573199177331,249.37202376821,334.4865107200414,429.98081962995633,484.4657469999198,403.2307487385879,430.22451161491927,225.29902980249537,376.280949069441,474.569996316524,198.58145076713973,446.505101995546,466.321380205053,405.89579739706915,383.5948221502253,369.81970468190843,492.3797209189242,479.7341428560032,479.65482360267526,230.24069804663569,441.20544405858357,447.590637938198,433.3601042284166,248.2557334656975,484.23243062207786,453.37665046375633,479.3910746615821,477.3834100896288,271.2586637620612,457.5872710511446,419.73112079240207,330.79650397800856,399.610004837167,428.2117221539891,450.25645507926504,334.59739819086997,401.7741647116884,369.8126861375311,330.8379878379363,428.7422031086767,277.19619433471945,371.3969398879254,475.6559369027824,476.33200455338556,388.50896587637664,357.75488549577346,371.39987221614757,431.64089290673553,443.76405650159387,368.2506312839173,480.460829768312,444.6617415965263,370.4024123808801,403.38822324020947,470.9975966161156,449.45524870706214,391.1159500648022,448.36504269272217,451.83814870737655,368.84119628391505,431.4129308949103,428.23972663676807,404.7325757177729,390.2976182988019,491.39307802721515,480.4045374203017,432.8718666577188,462.71507922556,361.18211703972975,484.41174970514606,404.62504518268406,451.1516518450493,447.2287890280938,444.67972235489185,422.30108953634976
6,31,181.51441878338963,429.67388920756576,457.41991802874435,302.85559799728486,421.24645265192606,451.6923537184896,465.216993743903,472.2979277400564,289.4869622477078,370.19130298195404,336.94470056440315,411.5329393492601,435.63053212067155,454.34143011525555,414.8223653119731,484.1009762339129,486.6588397782695,382.5602139695302,464.10969913167537,445.17054362325695,329.0883662631307,445.1212841514171,373.13122851398384,499.4837057940848,467.51070360863304,467.17692821289654,469.90285790677467,440.54239633565453,475.72303636256254,345.6560581841949,406.6967771668967,352.3417072275335,403.00337304392514,483.21452986711125,437.8627549514134,438.6510574391179,274.78855367826,485.3133822025616,465.1596302728582,472.5257979546765,469.074651338662,371.140715630984,471.8126626999334,61.75027685704651,481.1264754917061,398.7081103825617,434.375202935332,327.10129148478165,319.5625543191868,472.81773317041467,484.0103638520502,428.1156181140838,360.0353377981305,419.57819460169964,450.4187806731788,458.47827326214514,483.7537736946192,483.9965328936817,478.0914480974228,391.107496337838,308.2467997505207,266.7773240954273,454.4352890376126,389.0342116583279,426.2345050126867,438.3107239065258,381.15044984064366,310.8367745706553,406.09600217903494,404.51935872340755,364.60997569186424,470.11691008348083,436.9167019779112,470.1523159072358,420.90340272906707,484.33817668239504,168.06538409753713,484.8461549436661,336.9957992154869,387.70953979829113,417.2138798578107,432.28231633491157,420.23879911205444,432.48264607723166,439.0306503352901,402.14293762023965,257.98169125154413,376.388449671829,395.9282001328432,465.11471356252764,455.14956352476804,344.7152788933313,382.52829541073527,419.4319408651247,478.63966884368193,237.63940100573367,476.9956311447239,482.9242587343196,422.08290945986164,258.26159805678265,333.8659392943138,320.2581014390622,449.915948523547,458.9869757538317,407.80476954208996,380.6546436278985,352.7601453236895,433.5192005097892,337.3616113554747,361.46933629248616,465.6852041579456,426.6271761265375,404.8612698943025,375.49416309576804,478.31780267096883,279.80007659312463,399.92332011500866,472.5722631190913,341.1930655326817,394.7091066489714,152.93940708326784,428.8856163404461,450.9382080942838,449.7295047018192,377.7754186169259,416.1573199177331,249.37202376821,334.4865107200414,429.98081962995633,484.4657469999198,403.2307487385879,430.22451161491927,225.29902980249537,376.280949069441,474.569996316524,198.58145076713973,446.505101995546,466.321380205053,405.89579739706915,383.5948221502253,369.81970468190843,492.3797209189242,479.7341428560032,479.65482360267526,230.24069804663569,441.20544405858357,447.590637938198,433.3601042284166,248.2557334656975,484.23243062207786,453.37665046375633,479.3910746615821,477.3834100896288,271.2586637620612,457.5872710511446,419.73112079240207,330.79650397800856,399.610004837167,428.2117221539891,450.25645507926504,334.59739819086997,401.7741647116884,369.8126861375311,330.8379878379363,428.7422031086767,277.19619433471945,371.3969398879254,475.6559369027824,476.33200455338556,388.50896587637664,357.75488549577346,371.39987221614757,431.64089290673553,443.76405650159387,368.2506312839173,480.460829768312,444.6617415965263,370.4024123808801,403.38822324020947,470.9975966161156,449.45524870706214,391.1159500648022,448.36504269272217,451.83814870737655,368.84119628391505,431.4129308949103,428.23972663676807,404.7325757177729,390.2976182988019,491.39307802721515,480.4045374203017,432.8718666577188,462.71507922556,361.18211703972975,484.41174970514606,404.62504518268406,451.1516518450493,447.2287890280938,444.67972235489185,422.30108953634976
6,32,181.51441878338963,429.67388920756576,457.41991802874435,302.85559799728486,421.24645265192606,451.6923537184896,465.216993743903,472.2979277400564,289.4869622477078,370.19130298195404,336.94470056440315,411.5329393492601,435.63053212067155,454.34143011525555,414.8223653119731,484.1009762339129,486.6588397782695,382.5602139695302,464.10969913167537,445.17054362325695,329.0883662631307,445.1212841514171,373.13122851398384,499.4837057940848,467.51070360863304,467.17692821289654,469.90285790677467,440.54239633565453,475.72303636256254,345.6560581841949,406.6967771668967,352.3417072275335,403.00337304392514,483.21452986711125,437.8627549514134,438.6510574391179,274.78855367826,485.3133822025616,465.1596302728582,472.5257979546765,469.074651338662,371.140715630984,471.8126626999334,61.75027685704651,481.1264754917061,398.7081103825617,434.375202935332,327.10129148478165,319.5625543191868,472.81773317041467,484.0103638520502,428.1156181140838,360.0353377981305,419.57819460169964,450.4187806731788,458.47827326214514,483.7537736946192,483.9965328936817,478.0914480974228,391.107496337838,308.2467997505207,266.7773240954273,454.4352890376126,389.0342116583279,426.2345050126867,438.3107239065258,381.15044984064366,310.8367745706553,406.09600217903494,404.51935872340755,364.60997569186424,470.11691008348083,436.9167019779112,470.1523159072358,420.90340272906707,484.33817668239504,168.06538409753713,484.8461549436661,336.9957992154869,387.70953979829113,417.2138798578107,432.28231633491157,420.23879911205444,432.48264607723166,439.0306503352901,402.14293762023965,257.98169125154413,376.388449671829,395.9282001328432,465.11471356252764,455.14956352476804,344.7152788933313,382.52829541073527,419.4319408651247,478.63966884368193,237.63940100573367,476.9956311447239,482.9242587343196,422.08290945986164,258.26159805678265,333.8659392943138,320.2581014390622,449.915948523547,458.9869757538317,407.80476954208996,380.6546436278985,352.7601453236895,433.5192005097892,337.3616113554747,361.46933629248616,465.6852041579456,426.6271761265375,404.8612698943025,375.49416309576804,478.31780267096883,279.80007659312463,399.92332011500866,472.5722631190913,341.1930655326817,394.7091066489714,152.93940708326784,428.8856163404461,450.9382080942838,449.7295047018192,377.7754186169259,416.1573199177331,249.37202376821,334.4865107200414,429.98081962995633,484.4657469999198,403.2307487385879,430.22451161491927,225.29902980249537,376.280949069441,474.569996316524,198.58145076713973,446.505101995546,466.321380205053,405.89579739706915,383.5948221502253,369.81970468190843,492.3797209189242,479.7341428560032,479.65482360267526,230.24069804663569,441.20544405858357,447.590637938198,433.3601042284166,248.2557334656975,484.23243062207786,453.37665046375633,479.3910746615821,477.3834100896288,271.2586637620612,457.5872710511446,419.73112079240207,330.79650397800856,399.610004837167,428.2117221539891,450.25645507926504,334.59739819086997,401.7741647116884,369.8126861375311,330.8379878379363,428.7422031086767,277.19619433471945,371.3969398879254,475.6559369027824,476.33200455338556,388.50896587637664,357.75488549577346,371.39987221614757,431.64089290673553,443.76405650159387,368.2506312839173,480.460829768312,444.6617415965263,370.4024123808801,403.38822324020947,470.9975966161156,449.45524870706214,391.1159500648022,448.36504269272217,451.83814870737655,368.84119628391505,431.4129308949103,428.23972663676807,404.7325757177729,390.2976182988019,491.39307802721515,480.4045374203017,432.8718666577188,462.71507922556,361.18211703972975,484.41174970514606,404.62504518268406,451.1516518450493,447.2287890280938,444.67972235489185,422.30108953634976
6,33,181.51441878338963,429.67388920756576,457.41991802874435,302.85559799728486,421.24645265192606,451.6923537184896,465.216993743903,472.2979277400564,289.4869622477078,370.19130298195404,336.94470056440315,411.5329393492601,435.63053212067155,454.34143011525555,414.8223653119731,484.1009762339129,486.6588397782695,382.5602139695302,464.10969913167537,445.17054362325695,329.0883662631307,445.1212841514171,373.13122851398384,499.4837057940848,467.51070360863304,467.17692821289654,469.90285790677467,440.54239633565453,475.72303636256254,345.6560581841949,406.6967771668967,352.3417072275335,403.00337304392514,483.21452986711125,437.8627549514134,438.6510574391179,274.78855367826,485.3133822025616,465.1596302728582,472.5257979546765,469.074651338662,371.140715630984,471.8126626999334,61.75027685704651,481.1264754917061,398.7081103825617,434.375202935332,327.10129148478165,319.5625543191868,472.81773317041467,484.0103638520502,428.1156181140838,360.0353377981305,419.57819460169964,450.4187806731788,458.47827326214514,483.7537736946192,483.9965328936817,478.0914480974228,391.107496337838,308.2467997505207,266.7773240954273,454.4352890376126,389.0342116583279,426.2345050126867,438.3107239065258,381.15044984064366,310.8367745706553,406.09600217903494,404.51935872340755,364.60997569186424,470.11691008348083,436.9167019779112,470.1523159072358,420.90340272906707,484.33817668239504,168.06538409753713,484.8461549436661,336.9957992154869,387.70953979829113,417.2138798578107,432.28231633491157,420.23879911205444,432.48264607723166,439.0306503352901,402.14293762023965,257.98169125154413,376.388449671829,395.9282001328432,465.11471356252764,455.14956352476804,344.7152788933313,382.52829541073527,419.4319408651247,478.63966884368193,237.63940100573367,476.9956311447239,482.9242587343196,422.08290945986164,258.26159805678265,333.8659392943138,320.2581014390622,449.915948523547,458.9869757538317,407.80476954208996,380.6546436278985,352.7601453236895,433.5192005097892,337.3616113554747,361.46933629248616,465.6852041579456,426.6271761265375,404.8612698943025,375.49416309576804,478.31780267096883,279.80007659312463,399.92332011500866,472.5722631190913,341.1930655326817,394.7091066489714,152.93940708326784,428.8856163404461,450.9382080942838,449.7295047018192,377.7754186169259,416.1573199177331,249.37202376821,334.4865107200414,429.98081962995633,484.4657469999198,403.2307487385879,430.22451161491927,225.29902980249537,376.280949069441,474.569996316524,198.58145076713973,446.505101995546,466.321380205053,405.89579739706915,383.5948221502253,369.81970468190843,492.3797209189242,479.7341428560032,479.65482360267526,230.24069804663569,441.20544405858357,447.590637938198,433.3601042284166,248.2557334656975,484.23243062207786,453.37665046375633,479.3910746615821,477.3834100896288,271.2586637620612,457.5872710511446,419.73112079240207,330.79650397800856,399.610004837167,428.2117221539891,450.25645507926504,334.59739819086997,401.7741647116884,369.8126861375311,330.8379878379363,428.7422031086767,277.19619433471945,371.3969398879254,475.6559369027824,476.33200455338556,388.50896587637664,357.75488549577346,371.39987221614757,431.64089290673553,443.76405650159387,368.2506312839173,480.460829768312,444.6617415965263,370.4024123808801,403.38822324020947,470.9975966161156,449.45524870706214,391.1159500648022,448.36504269272217,451.83814870737655,368.84119628391505,431.4129308949103,428.23972663676807,404.7325757177729,390.2976182988019,491.39307802721515,480.4045374203017,432.8718666577188,462.71507922556,361.18211703972975,484.41174970514606,404.62504518268406,451.1516518450493,447.2287890280938,444.67972235489185,422.30108953634976
6,34,181.51441878338963,429.67388920756576,457.41991802874435,302.85559799728486,421.24645265192606,451.6923537184896,465.216993743903,472.2979277400564,289.4869622477078,370.19130298195404,336.94470056440315,411.5329393492601,435.63053212067155,454.34143011525555,414.8223653119731,484.1009762339129,486.6588397782695,382.5602139695302,464.10969913167537,445.17054362325695,329.0883662631307,445.1212841514171,373.13122851398384,499.4837057940848,467.51070360863304,467.17692821289654,469.90285790677467,440.54239633565453,475.72303636256254,345.6560581841949,406.6967771668967,352.3417072275335,403.00337304392514,483.21452986711125,437.8627549514134,438.6510574391179,274.78855367826,485.3133822025616,465.1596302728582,472.5257979546765,469.074651338662,371.140715630984,471.8126626999334,61.75027685704651,481.1264754917061,398.7081103825617,434.375202935332,327.10129148478165,319.5625543191868,472.81773317041467,484.0103638520502,428.1156181140838,360.0353377981305,419.57819460169964,450.4187806731788,458.47827326214514,483.7537736946192,483.9965328936817,478.0914480974228,391.107496337838,308.2467997505207,266.7773240954273,454.4352890376126,389.0342116583279,426.2345050126867,438.3107239065258,381.15044984064366,310.8367745706553,406.09600217903494,404.51935872340755,364.60997569186424,470.11691008348083,436.9167019779112,470.1523159072358,420.90340272906707,484.33817668239504,168.06538409753713,484.8461549436661,336.9957992154869,387.70953979829113,417.2138798578107,432.28231633491157,420.23879911205444,432.48264607723166,439.0306503352901,402.14293762023965,257.98169125154413,376.388449671829,395.9282001328432,465.11471356252764,455.14956352476804,344.7152788933313,382.52829541073527,419.4319408651247,478.63966884368193,237.63940100573367,476.9956311447239,482.9242587343196,422.08290945986164,258.26159805678265,333.8659392943138,320.2581014390622,449.915948523547,458.9869757538317,407.80476954208996,380.6546436278985,352.7601453236895,433.5192005097892,337.3616113554747,361.46933629248616,465.6852041579456,426.6271761265375,404.8612698943025,375.49416309576804,478.31780267096883,279.80007659312463,399.92332011500866,472.5722631190913,341.1930655326817,394.7091066489714,152.93940708326784,428.8856163404461,450.9382080942838,449.7295047018192,377.7754186169259,416.1573199177331,249.37202376821,334.4865107200414,429.98081962995633,484.4657469999198,403.2307487385879,430.22451161491927,225.29902980249537,376.280949069441,474.569996316524,198.58145076713973,446.505101995546,466.321380205053,405.89579739706915,383.5948221502253,369.81970468190843,492.3797209189242,479.7341428560032,479.65482360267526,230.24069804663569,441.20544405858357,447.590637938198,433.3601042284166,248.2557334656975,484.23243062207786,453.37665046375633,479.3910746615821,477.3834100896288,271.2586637620612,457.5872710511446,419.73112079240207,330.79650397800856,399.610004837167,428.2117221539891,450.25645507926504,334.59739819086997,401.7741647116884,369.8126861375311,330.8379878379363,428.7422031086767,277.19619433471945,371.3969398879254,475.6559369027824,476.33200455338556,388.50896587637664,357.75488549577346,371.39987221614757,431.64089290673553,443.76405650159387,368.2506312839173,480.460829768312,444.6617415965263,370.4024123808801,403.38822324020947,470.9975966161156,449.45524870706214,391.1159500648022,448.36504269272217,451.83814870737655,368.84119628391505,431.4129308949103,428.23972663676807,404.7325757177729,390.2976182988019,491.39307802721515,480.4045374203017,432.8718666577188,462.71507922556,361.18211703972975,484.41174970514606,404.62504518268406,451.1516518450493,447.2287890280938,444.67972235489185,422.30108953634976
6,35,181.51441878338963,429.67388920756576,457.41991802874435,302.85559799728486,421.24645265192606,451.6923537184896,465.216993743903,472.2979277400564,289.4869622477078,370.19130298195404,336.94470056440315,411.5329393492601,435.63053212067155,454.34143011525555,414.8223653119731,484.1009762339129,486.6588397782695,382.5602139695302,464.10969913167537,445.17054362325695,329.0883662631307,445.1212841514171,373.13122851398384,499.4837057940848,467.51070360863304,467.17692821289654,469.90285790677467,440.54239633565453,475.72303636256254,345.6560581841949,406.6967771668967,352.3417072275335,403.00337304392514,483.21452986711125,437.8627549514134,438.6510574391179,274.78855367826,485.3133822025616,465.1596302728582,472.5257979546765,469.074651338662,371.140715630984,471.8126626999334,61.75027685704651,481.1264754917061,398.7081103825617,434.375202935332,327.10129148478165,319.5625543191868,472.81773317041467,484.0103638520502,428.1156181140838,360.0353377981305,419.57819460169964,450.4187806731788,458.47827326214514,483.7537736946192,483.9965328936817,478.0914480974228,391.107496337838,308.2467997505207,266.7773240954273,454.4352890376126,389.0342116583279,426.2345050126867,438.3107239065258,381.15044984064366,310.8367745706553,406.09600217903494,404.51935872340755,364.60997569186424,470.11691008348083,436.9167019779112,470.1523159072358,420.90340272906707,484.33817668239504,168.06538409753713,484.8461549436661,336.9957992154869,387.70953979829113,417.2138798578107,432.28231633491157,420.23879911205444,432.48264607723166,439.0306503352901,402.14293762023965,257.98169125154413,376.388449671829,395.9282001328432,465.11471356252764,455.14956352476804,344.7152788933313,382.52829541073527,419.4319408651247,478.63966884368193,237.63940100573367,476.9956311447239,482.9242587343196,422.08290945986164,258.26159805678265,333.8659392943138,320.2581014390622,449.915948523547,458.9869757538317,407.80476954208996,380.6546436278985,352.7601453236895,433.5192005097892,337.3616113554747,361.46933629248616,465.6852041579456,426.6271761265375,404.8612698943025,375.49416309576804,478.31780267096883,279.80007659312463,399.92332011500866,472.5722631190913,341.1930655326817,394.7091066489714,152.93940708326784,428.8856163404461,450.9382080942838,449.7295047018192,377.7754186169259,416.1573199177331,249.37202376821,334.4865107200414,429.98081962995633,484.4657469999198,403.2307487385879,430.22451161491927,225.29902980249537,376.280949069441,474.569996316524,198.58145076713973,446.505101995546,466.321380205053,405.89579739706915,383.5948221502253,369.81970468190843,492.3797209189242,479.7341428560032,479.65482360267526,230.24069804663569,441.20544405858357,447.590637938198,433.3601042284166,248.2557334656975,484.23243062207786,453.37665046375633,479.3910746615821,477.3834100896288,271.2586637620612,457.5872710511446,419.73112079240207,330.79650397800856,399.610004837167,428.2117221539891,450.25645507926504,334.59739819086997,401.7741647116884,369.8126861375311,330.8379878379363,428.7422031086767,277.19619433471945,371.3969398879254,475.6559369027824,476.33200455338556,388.50896587637664,357.75488549577346,371.39987221614757,431.64089290673553,443.76405650159387,368.2506312839173,480.460829768312,444.6617415965263,370.4024123808801,403.38822324020947,470.9975966161156,449.45524870706214,391.1159500648022,448.36504269272217,451.83814870737655,368.84119628391505,431.4129308949103,428.23972663676807,404.7325757177729,390.2976182988019,491.39307802721515,480.4045374203017,432.8718666577188,462.71507922556,361.18211703972975,484.41174970514606,404.62504518268406,451.1516518450493,447.2287890280938,444.67972235489185,422.30108953634976
6,36,181.51441878338963,429.67388920756576,457.41991802874435,302.85559799728486,421.24645265192606,451.6923537184896,465.216993743903,472.2979277400564,289.4869622477078,370.19130298195404,336.94470056440315,411.5329393492601,435.63053212067155,454.34143011525555,414.8223653119731,484.1009762339129,486.6588397782695,382.5602139695302,464.10969913167537,445.17054362325695,329.0883662631307,445.1212841514171,373.13122851398384,499.4837057940848,467.51070360863304,467.17692821289654,469.90285790677467,440.54239633565453,475.72303636256254,345.6560581841949,406.6967771668967,352.3417072275335,403.00337304392514,483.21452986711125,437.8627549514134,438.6510574391179,274.78855367826,485.3133822025616,465.1596302728582,472.5257979546765,469.074651338662,371.140715630984,471.8126626999334,61.75027685704651,481.1264754917061,398.7081103825617,434.375202935332,327.10129148478165,319.5625543191868,472.81773317041467,484.0103638520502,428.1156181140838,360.0353377981305,419.57819460169964,450.4187806731788,458.47827326214514,483.7537736946192,483.9965328936817,478.0914480974228,391.107496337838,308.2467997505207,266.7773240954273,454.4352890376126,389.0342116583279,426.2345050126867,438.3107239065258,381.15044984064366,310.8367745706553,406.09600217903494,404.51935872340755,364.60997569186424,470.11691008348083,436.9167019779112,470.1523159072358,420.90340272906707,484.33817668239504,168.06538409753713,484.8461549436661,336.9957992154869,387.70953979829113,417.2138798578107,432.28231633491157,420.23879911205444,432.48264607723166,439.0306503352901,402.14293762023965,257.98169125154413,376.388449671829,395.9282001328432,465.11471356252764,455.14956352476804,344.7152788933313,382.52829541073527,419.4319408651247,478.63966884368193,237.63940100573367,476.9956311447239,482.9242587343196,422.08290945986164,258.26159805678265,333.8659392943138,320.2581014390622,449.915948523547,458.9869757538317,407.80476954208996,380.6546436278985,352.7601453236895,433.5192005097892,337.3616113554747,361.46933629248616,465.6852041579456,426.6271761265375,404.8612698943025,375.49416309576804,478.31780267096883,279.80007659312463,399.92332011500866,472.5722631190913,341.1930655326817,394.7091066489714,152.93940708326784,428.8856163404461,450.9382080942838,449.7295047018192,377.7754186169259,416.1573199177331,249.37202376821,334.4865107200414,429.98081962995633,484.4657469999198,403.2307487385879,430.22451161491927,225.29902980249537,376.280949069441,474.569996316524,198.58145076713973,446.505101995546,466.321380205053,405.89579739706915,383.5948221502253,369.81970468190843,492.3797209189242,479.7341428560032,479.65482360267526,230.24069804663569,441.20544405858357,447.590637938198,433.3601042284166,248.2557334656975,484.23243062207786,453.37665046375633,479.3910746615821,477.3834100896288,271.2586637620612,457.5872710511446,419.73112079240207,330.79650397800856,399.610004837167,428.2117221539891,450.25645507926504,334.59739819086997,401.7741647116884,369.8126861375311,330.8379878379363,428.7422031086767,277.19619433471945,371.3969398879254,475.6559369027824,476.33200455338556,388.50896587637664,357.75488549577346,371.39987221614757,431.64089290673553,443.76405650159387,368.2506312839173,480.460829768312,444.6617415965263,370.4024123808801,403.38822324020947,470.9975966161156,449.45524870706214,391.1159500648022,448.36504269272217,451.83814870737655,368.84119628391505,431.4129308949103,428.23972663676807,404.7325757177729,390.2976182988019,491.39307802721515,480.4045374203017,432.8718666577188,462.71507922556,361.18211703972975,484.41174970514606,404.62504518268406,451.1516518450493,447.2287890280938,444.67972235489185,422.30108953634976
6,37,181.51441878338963,429.67388920756576,457.41991802874435,302.85559799728486,421.24645265192606,451.6923537184896,465.216993743903,472.2979277400564,289.4869622477078,370.19130298195404,336.94470056440315,411.5329393492601,435.63053212067155,454.34143011525555,414.8223653119731,484.1009762339129,486.6588397782695,382.5602139695302,464.10969913167537,445.17054362325695,329.0883662631307,445.1212841514171,373.13122851398384,499.4837057940848,467.51070360863304,467.17692821289654,469.90285790677467,440.54239633565453,475.72303636256254,345.6560581841949,406.6967771668967,352.3417072275335,403.00337304392514,483.21452986711125,437.8627549514134,438.6510574391179,274.78855367826,485.3133822025616,465.1596302728582,472.5257979546765,469.074651338662,371.140715630984,471.8126626999334,61.75027685704651,481.1264754917061,398.7081103825617,434.375202935332,327.10129148478165,319.5625543191868,472.81773317041467,484.0103638520502,428.1156181140838,360.0353377981305,419.57819460169964,450.4187806731788,458.47827326214514,483.7537736946192,483.9965328936817,478.0914480974228,391.107496337838,308.2467997505207,266.7773240954273,454.4352890376126,389.0342116583279,426.2345050126867,438.3107239065258,381.15044984064366,310.8367745706553,406.09600217903494,404.51935872340755,364.60997569186424,470.11691008348083,436.9167019779112,470.1523159072358,420.90340272906707,484.33817668239504,168.06538409753713,484.8461549436661,336.9957992154869,387.70953979829113,417.2138798578107,432.28231633491157,420.23879911205444,432.48264607723166,439.0306503352901,402.14293762023965,257.98169125154413,376.388449671829,395.9282001328432,465.11471356252764,455.14956352476804,344.7152788933313,382.52829541073527,419.4319408651247,478.63966884368193,237.63940100573367,476.9956311447239,482.9242587343196,422.08290945986164,258.26159805678265,333.8659392943138,320.2581014390622,449.915948523547,458.9869757538317,407.80476954208996,380.6546436278985,352.7601453236895,433.5192005097892,337.3616113554747,361.46933629248616,465.6852041579456,426.6271761265375,404.8612698943025,375.49416309576804,478.31780267096883,279.80007659312463,399.92332011500866,472.5722631190913,341.1930655326817,394.7091066489714,152.93940708326784,428.8856163404461,450.9382080942838,449.7295047018192,377.7754186169259,416.1573199177331,249.37202376821,334.4865107200414,429.98081962995633,484.4657469999198,403.2307487385879,430.22451161491927,225.29902980249537,376.280949069441,474.569996316524,198.58145076713973,446.505101995546,466.321380205053,405.89579739706915,383.5948221502253,369.81970468190843,492.3797209189242,479.7341428560032,479.65482360267526,230.24069804663569,441.20544405858357,447.590637938198,433.3601042284166,248.2557334656975,484.23243062207786,453.37665046375633,479.3910746615821,477.3834100896288,271.2586637620612,457.5872710511446,419.73112079240207,330.79650397800856,399.610004837167,428.2117221539891,450.25645507926504,334.59739819086997,401.7741647116884,369.8126861375311,330.8379878379363,428.7422031086767,277.19619433471945,371.3969398879254,475.6559369027824,476.33200455338556,388.50896587637664,357.75488549577346,371.39987221614757,431.64089290673553,443.76405650159387,368.2506312839173,480.460829768312,444.6617415965263,370.4024123808801,403.38822324020947,470.9975966161156,449.45524870706214,391.1159500648022,448.36504269272217,451.83814870737655,368.84119628391505,431.4129308949103,428.23972663676807,404.7325757177729,390.2976182988019,491.39307802721515,480.4045374203017,432.8718666577188,462.71507922556,361.18211703972975,484.41174970514606,404.62504518268406,451.1516518450493,447.2287890280938,444.67972235489185,422.30108953634976
6,38,181.51441878338963,429.67388920756576,457.41991802874435,302.85559799728486,421.24645265192606,451.6923537184896,465.216993743903,472.2979277400564,289.4869622477078,370.19130298195404,336.94470056440315,411.5329393492601,435.63053212067155,454.34143011525555,414.8223653119731,484.1009762339129,486.6588397782695,382.5602139695302,464.10969913167537,445.17054362325695,329.0883662631307,445.1212841514171,373.13122851398384,499.4837057940848,467.51070360863304,467.17692821289654,469.90285790677467,440.54239633565453,475.72303636256254,345.6560581841949,406.6967771668967,352.3417072275335,403.00337304392514,483.21452986711125,437.8627549514134,438.6510574391179,274.78855367826,485.3133822025616,465.1596302728582,472.5257979546765,469.074651338662,371.140715630984,471.8126626999334,61.75027685704651,481.1264754917061,398.7081103825617,434.375202935332,327.10129148478165,319.5625543191868,472.81773317041467,484.0103638520502,428.1156181140838,360.0353377981305,419.57819460169964,450.4187806731788,458.47827326214514,483.7537736946192,483.9965328936817,478.0914480974228,391.107496337838,308.2467997505207,266.7773240954273,454.4352890376126,389.0342116583279,426.2345050126867,438.3107239065258,381.15044984064366,310.8367745706553,406.09600217903494,404.51935872340755,364.60997569186424,470.11691008348083,436.9167019779112,470.1523159072358,420.90340272906707,484.33817668239504,168.06538409753713,484.8461549436661,336.9957992154869,387.70953979829113,417.2138798578107,432.28231633491157,420.23879911205444,432.48264607723166,439.0306503352901,402.14293762023965,257.98169125154413,376.388449671829,395.9282001328432,465.11471356252764,455.14956352476804,344.7152788933313,382.52829541073527,419.4319408651247,478.63966884368193,237.63940100573367,476.9956311447239,482.9242587343196,422.08290945986164,258.26159805678265,333.8659392943138,320.2581014390622,449.915948523547,458.9869757538317,407.80476954208996,380.6546436278985,352.7601453236895,433.5192005097892,337.3616113554747,361.46933629248616,465.6852041579456,426.6271761265375,404.8612698943025,375.49416309576804,478.31780267096883,279.80007659312463,399.92332011500866,472.5722631190913,341.1930655326817,394.7091066489714,152.93940708326784,428.8856163404461,450.9382080942838,449.7295047018192,377.7754186169259,416.1573199177331,249.37202376821,334.4865107200414,429.98081962995633,484.4657469999198,403.2307487385879,430.22451161491927,225.29902980249537,376.280949069441,474.569996316524,198.58145076713973,446.505101995546,466.321380205053,405.89579739706915,383.5948221502253,369.81970468190843,492.3797209189242,479.7341428560032,479.65482360267526,230.24069804663569,441.20544405858357,447.590637938198,433.3601042284166,248.2557334656975,484.23243062207786,453.37665046375633,479.3910746615821,477.3834100896288,271.2586637620612,457.5872710511446,419.73112079240207,330.79650397800856,399.610004837167,428.2117221539891,450.25645507926504,334.59739819086997,401.7741647116884,369.8126861375311,330.8379878379363,428.7422031086767,277.19619433471945,371.3969398879254,475.6559369027824,476.33200455338556,388.50896587637664,357.75488549577346,371.39987221614757,431.64089290673553,443.76405650159387,368.2506312839173,480.460829768312,444.6617415965263,370.4024123808801,403.38822324020947,470.9975966161156,449.45524870706214,391.1159500648022,448.36504269272217,451.83814870737655,368.84119628391505,431.4129308949103,428.23972663676807,404.7325757177729,390.2976182988019,491.39307802721515,480.4045374203017,432.8718666577188,462.71507922556,361.18211703972975,484.41174970514606,404.62504518268406,451.1516518450493,447.2287890280938,444.67972235489185,422.30108953634976
6,39,181.51441878338963,429.67388920756576,457.41991802874435,302.85559799728486,421.24645265192606,451.6923537184896,465.216993743903,472.2979277400564,289.4869622477078,370.19130298195404,336.94470056440315,411.5329393492601,435.63053212067155,454.34143011525555,414.8223653119731,484.1009762339129,486.6588397782695,382.5602139695302,464.10969913167537,445.17054362325695,329.0883662631307,445.1212841514171,373.13122851398384,499.4837057940848,467.51070360863304,467.17692821289654,469.90285790677467,440.54239633565453,475.72303636256254,345.6560581841949,406.6967771668967,352.3417072275335,403.00337304392514,483.21452986711125,437.8627549514134,438.6510574391179,274.78855367826,485.3133822025616,465.1596302728582,472.5257979546765,469.074651338662,371.140715630984,471.8126626999334,61.75027685704651,481.1264754917061,398.7081103825617,434.375202935332,327.10129148478165,319.5625543191868,472.81773317041467,484.0103638520502,428.1156181140838,360.0353377981305,419.57819460169964,450.4187806731788,458.47827326214514,483.7537736946192,483.9965328936817,478.0914480974228,391.107496337838,308.2467997505207,266.7773240954273,454.4352890376126,389.0342116583279,426.2345050126867,438.3107239065258,381.15044984064366,310.8367745706553,406.09600217903494,404.51935872340755,364.60997569186424,470.11691008348083,436.9167019779112,470.1523159072358,420.90340272906707,484.33817668239504,168.06538409753713,484.8461549436661,336.9957992154869,387.70953979829113,417.2138798578107,432.28231633491157,420.23879911205444,432.48264607723166,439.0306503352901,402.14293762023965,257.98169125154413,376.388449671829,395.9282001328432,465.11471356252764,455.14956352476804,344.7152788933313,382.52829541073527,419.4319408651247,478.63966884368193,237.63940100573367,476.9956311447239,482.9242587343196,422.08290945986164,258.26159805678265,333.8659392943138,320.2581014390622,449.915948523547,458.9869757538317,407.80476954208996,380.6546436278985,352.7601453236895,433.5192005097892,337.3616113554747,361.46933629248616,465.6852041579456,426.6271761265375,404.8612698943025,375.49416309576804,478.31780267096883,279.80007659312463,399.92332011500866,472.5722631190913,341.1930655326817,394.7091066489714,152.93940708326784,428.8856163404461,450.9382080942838,449.7295047018192,377.7754186169259,416.1573199177331,249.37202376821,334.4865107200414,429.98081962995633,484.4657469999198,403.2307487385879,430.22451161491927,225.29902980249537,376.280949069441,474.569996316524,198.58145076713973,446.505101995546,466.321380205053,405.89579739706915,383.5948221502253,369.81970468190843,492.3797209189242,479.7341428560032,479.65482360267526,230.24069804663569,441.20544405858357,447.590637938198,433.3601042284166,248.2557334656975,484.23243062207786,453.37665046375633,479.3910746615821,477.3834100896288,271.2586637620612,457.5872710511446,419.73112079240207,330.79650397800856,399.610004837167,428.2117221539891,450.25645507926504,334.59739819086997,401.7741647116884,369.8126861375311,330.8379878379363,428.7422031086767,277.19619433471945,371.3969398879254,475.6559369027824,476.33200455338556,388.50896587637664,357.75488549577346,371.39987221614757,431.64089290673553,443.76405650159387,368.2506312839173,480.460829768312,444.6617415965263,370.4024123808801,403.38822324020947,470.9975966161156,449.45524870706214,391.1159500648022,448.36504269272217,451.83814870737655,368.84119628391505,431.4129308949103,428.23972663676807,404.7325757177729,390.2976182988019,491.39307802721515,480.4045374203017,432.8718666577188,462.71507922556,361.18211703972975,484.41174970514606,404.62504518268406,451.1516518450493,447.2287890280938,444.67972235489185,422.30108953634976
7,0,477.3834100896288,482.8321152697477,446.606641234888,467.40478261360136,419.04256901421326,279.99934226087214,369.8196707203482,394.41007963522014,374.95268961437233,257.98169125154413,470.9975966161156,357.75488549577346,472.82070680224456,458.30239188548546,333.76093096911876,390.12147583122885,483.7571185715089,422.07368915386456,427.3866436072727,286.7899230106988,310.662335597745,485.5259160601116,455.05204482983794,449.05762667418276,426.9287339608814,387.6734269554243,343.0421309619583,266.7773240954273,481.1264754917061,478.1699121225565,431.46106145772166,460.69943748975714,438.3107239065258,376.6180120051737,371.39987221614757,484.23243062207786,475.6525720126528,472.5722631190913,438.6510574391179,449.53391069846566,428.23972663676807,368.78812488935165,427.0681472503907,302.85559799728486,448.10567239333204,416.1573199177331,327.621047256855,431.4907331026554,436.9167019779112,451.1516518450493,411.5980919908447,361.18211703972975,448.88390968399995,464.10969913167537,384.7359862404088,61.526232252510624,476.9956311447239,476.3506243215418,472.8363495097653,399.610004837167,428.8704955639598,331.2299589544509,361.34339418663404,472.81773317041467,452.92879287768176,345.6560581841949,443.86874208033163,467.17692821289654,181.30088424413125,450.652653794994,466.9695150064383,437.8111592997461,443.90756951618465,447.9128981196117,478.31780267096883,409.12937037545476,452.2433035555061,475.2782281470772,229.91799028229926,427.73148331047287,428.00003791206194,224.88645230773173,370.19130298195404,330.54148060563415,351.99107120234817,399.4433809061803,337.1485518200771,450.3377144613776,444.67972235489185,404.0781674544732,249.37202376821,478.0914480974228,484.37401802700606,432.48264607723166,360.0353377981305,431.4129308949103,415.73284161818884,390.2976182988019,421.80157742174055,369.95734927841886,441.2440977809547,371.05279271235537,368.2506312839173,465.6852041579456,369.21788750707884,430.3652651095547,403.2307487385879,458.47827326214514,480.4045374203017,334.59739819086997,381.6398540081417,380.6546436278985,418.88029632584033,434.375202935332,465.216993743903,486.0833758080282,426.67002705620155,406.74602530056194,483.81969572552066,487.01658553389257,440.20814262361387,457.5242891399533,470.1523159072358,421.24645265192606,446.17450537626127,483.7537736946192,480.73444702456567,256.8691528934223,336.5293070876221,420.90340272906707,433.4821475386092,374.07549137915163,341.54927281378747,492.3797209189242,491.8488910540018,319.5625543191868,484.0103638520502,432.8718666577188,471.1924004104827,449.3625925526957,198.58145076713973,401.9387205786419,404.1630784935976,467.0966995473217,373.13122851398384,406.6967771668967,403.38822324020947,271.2586637620612,468.798389098634,368.84119628391505,479.3523055655593,168.2959907178689,432.28231633491157,479.96305289986236,398.7081103825617,454.34143011525555,470.11691008348083,429.67388920756576,327.2123334515952,402.1538754991247,395.4957918902491,308.49474759109785,364.34843591938915,422.08290945986164,403.00337304392514,475.6559369027824,420.53357488500393,334.4865107200414,438.6134453576837,495.78544586816525,414.8223653119731,247.66140357239925,335.6450995205764,484.33817668239504,483.6918408518566,454.4352890376126,352.3417072275335,237.63940100573367,465.11471356252764,479.48374916003615,458.9869757538317,320.2581014390622,404.64132926249766,382.5602139695302,404.7325757177729,445.17054362325695,450.95848417014,435.63053212067155,483.21452986711125,152.9592667253327,277.19619433471945,381.15044984064366,391.1159500648022,469.074651338662,388.50896587637664,406.09600217903494,446.505101995546,376.388449671829,389.0342116583279,274.78855367826
7,1,477.3834100896288,482.9242587343196,446.30180861850636,465.1596302728582,419.57819460169964,279.80007659312463,370.4024123808801,395.9282001328432,376.280949069441,257.98169125154413,470.9975966161156,357.75488549577346,472.5257979546765,457.41991802874435,333.8659392943138,390.12147583122885,483.40677090425373,422.07368915386456,426.76434303713023,286.7899230106988,310.8367745706553,484.41174970514606,455.14956352476804,449.45524870706214,426.6271761265375,387.70953979829113,343.0421309619583,266.7773240954273,481.1264754917061,479.3910746615821,431.9006388102614,460.69943748975714,438.3107239065258,376.6180120051737,371.39987221614757,484.23243062207786,476.33200455338556,473.0396574640326,438.6510574391179,449.30396150599955,427.9293724539271,368.78812488935165,428.8159611924157,302.85559799728486,447.590637938198,416.1573199177331,327.10129148478165,431.4907331026554,436.9167019779112,450.2774174601278,411.5329393492601,361.18211703972975,448.88390968399995,464.10969913167537,383.5948221502253,61.526232252510624,476.9956311447239,476.3506243215418,472.2979277400564,399.610004837167,430.0480676201229,330.79650397800856,361.46933629248616,472.81773317041467,453.37665046375633,345.6560581841949,443.76405650159387,467.17692821289654,181.4087049248021,449.915948523547,466.321380205053,439.0306503352901,444.6617415965263,448.36504269272217,478.31780267096883,407.80476954208996,451.6923537184896,474.569996316524,230.24069804663569,427.73148331047287,426.0528490012698,225.29902980249537,370.19130298195404,330.54148060563415,352.6177826948738,399.5012198734811,337.3616113554747,451.11137883558723,444.67972235489185,404.8612698943025,249.37202376821,478.0914480974228,484.37401802700606,432.48264607723166,360.0353377981305,431.4129308949103,415.73284161818884,390.2976182988019,419.4319408651247,369.81970468190843,441.20544405858357,371.05279271235537,368.2506312839173,465.6852041579456,369.21788750707884,429.98081962995633,403.2307487385879,458.47827326214514,480.4045374203017,334.59739819086997,383.19053930022676,380.6546436278985,418.88029632584033,434.078287145957,465.216993743903,484.8461549436661,426.67002705620155,406.74602530056194,484.1009762339129,486.6588397782695,440.20814262361387,457.5872710511446,470.1523159072358,421.24645265192606,445.1212841514171,483.7537736946192,480.460829768312,256.8691528934223,336.9957992154869,421.4182572214672,433.5192005097892,374.08478012676505,341.54927281378747,492.3797209189242,491.39307802721515,319.5625543191868,483.24734570631495,432.8718666577188,470.6877053441992,449.3625925526957,198.58145076713973,401.7741647116884,404.62504518268406,467.0966995473217,373.13122851398384,406.6967771668967,403.38822324020947,271.0624866654241,469.90285790677467,368.84119628391505,479.11101200663904,168.06538409753713,432.28231633491157,478.63966884368193,398.7081103825617,454.34143011525555,470.11691008348083,429.67388920756576,329.0883662631307,402.1538754991247,394.7091066489714,308.2467997505207,364.60997569186424,421.09245122123764,401.51244320248827,475.6559369027824,419.73112079240207,334.954188298997,437.8627549514134,495.78544586816525,414.8223653119731,247.66140357239925,335.6450995205764,484.33817668239504,484.4657469999198,454.4352890376126,351.7035188709086,237.63940100573367,465.11471356252764,479.7341428560032,458.9869757538317,320.2581014390622,405.89579739706915,380.8227036578165,404.7325757177729,445.17054362325695,450.95848417014,435.63053212067155,482.9291900892127,152.19814022705253,277.19619433471945,381.15044984064366,391.6820469656878,469.074651338662,388.50896587637664,406.09600217903494,446.505101995546,376.388449671829,389.0342116583279,274.78855367826
7,2,477.3834100896288,482.9242587343196,446.30180861850636,465.1596302728582,419.57819460169964,279.80007659312463,370.4024123808801,395.9282001328432,376.280949069441,258.575551103391,470.9975966161156,357.75488549577346,472.21110813640746,457.41991802874435,333.8659392943138,391.107496337838,485.3133822025616,422.07368915386456,426.77939374608155,286.7899230106988,310.8367745706553,485.2084796117536,455.14956352476804,449.45524870706214,426.7165972885741,387.70953979829113,344.7152788933313,266.7773240954273,481.1264754917061,479.3910746615821,433.3601042284166,460.69943748975714,438.3107239065258,376.6180120051737,371.39987221614757,484.23243062207786,476.33200455338556,472.5722631190913,438.6510574391179,449.7295047018192,428.23972663676807,369.8126861375311,428.7422031086767,302.85559799728486,447.590637938198,416.1573199177331,327.10129148478165,431.4907331026554,436.9167019779112,451.1516518450493,411.5329393492601,361.42686348958955,449.88545601565426,464.10969913167537,383.5948221502253,61.526232252510624,476.9956311447239,476.3506243215418,472.8363495097653,399.610004837167,430.0480676201229,330.79650397800856,361.46933629248616,472.81773317041467,453.37665046375633,345.6560581841949,443.76405650159387,467.17692821289654,181.51441878338963,449.915948523547,466.321380205053,437.8111592997461,444.6617415965263,448.36504269272217,478.31780267096883,407.80476954208996,451.6923537184896,474.569996316524,230.24069804663569,427.73148331047287,426.0528490012698,225.29902980249537,370.19130298195404,330.54148060563415,352.6177826948738,399.5012198734811,337.3616113554747,451.11137883558723,444.67972235489185,404.8612698943025,249.37202376821,478.0914480974228,484.37401802700606,432.48264607723166,360.0353377981305,431.4129308949103,415.73284161818884,390.2976182988019,419.4319408651247,369.81970468190843,441.20544405858357,371.05279271235537,368.2506312839173,465.6852041579456,369.21788750707884,431.2014235095146,403.2307487385879,458.47827326214514,480.4045374203017,334.59739819086997,383.19053930022676,380.6546436278985,418.88029632584033,434.375202935332,465.216993743903,484.8461549436661,426.2345050126867,406.74602530056194,484.1009762339129,486.6588397782695,440.54239633565453,457.5872710511446,470.1523159072358,421.24645265192606,445.1212841514171,483.7537736946192,480.73444702456567,256.8691528934223,336.9957992154869,420.1614233422977,433.59205142774806,375.49416309576804,341.1930655326817,492.3797209189242,491.39307802721515,319.5625543191868,484.0103638520502,432.8718666577188,470.6877053441992,449.3625925526957,198.58145076713973,401.7741647116884,404.62504518268406,467.0966995473217,373.13122851398384,406.6967771668967,403.38822324020947,271.0624866654241,469.90285790677467,368.84119628391505,479.11101200663904,168.06538409753713,432.28231633491157,478.63966884368193,399.24289623025146,454.34143011525555,470.11691008348083,429.67388920756576,329.0883662631307,402.14293762023965,395.4957918902491,308.49474759109785,364.60997569186424,422.5000557964448,403.00337304392514,475.6559369027824,419.73112079240207,334.4865107200414,437.8627549514134,495.78544586816525,414.8223653119731,247.66140357239925,335.6450995205764,484.33817668239504,484.4657469999198,454.4352890376126,351.7035188709086,237.63940100573367,465.11471356252764,479.7341428560032,458.9869757538317,320.2581014390622,404.64132926249766,380.8227036578165,404.7325757177729,445.17054362325695,450.95848417014,435.63053212067155,482.9291900892127,152.19814022705253,277.19619433471945,381.15044984064366,391.1159500648022,469.074651338662,388.50896587637664,406.09600217903494,446.505101995546,376.388449671829,389.0342116583279,274.78855367826
7,3,477.3834100896288,482.9242587343196,447.2287890280938,465.1596302728582,419.57819460169964,279.80007659312463,370.4024123808801,395.9282001328432,376.280949069441,258.575551103391,470.9975966161156,357.75488549577346,472.5257979546765,457.41991802874435,333.8659392943138,391.107496337838,485.3133822025616,422.07368915386456,426.77939374608155,286.7899230106988,310.8367745706553,485.2084796117536,455.14956352476804,449.45524870706214,426.6271761265375,387.8277801891682,344.7152788933313,266.7773240954273,481.1264754917061,479.3910746615821,433.3601042284166,460.69943748975714,438.3107239065258,376.6180120051737,371.39987221614757,485.40682412874514,476.33200455338556,472.5722631190913,438.6510574391179,449.7295047018192,428.23972663676807,369.8126861375311,428.7422031086767,302.85559799728486,447.590637938198,416.1573199177331,327.10129148478165,431.4907331026554,436.9167019779112,450.2774174601278,411.5329393492601,361.42686348958955,449.88545601565426,464.10969913167537,383.5948221502253,61.75027685704651,476.9956311447239,476.3506243215418,472.8363495097653,399.610004837167,430.0480676201229,330.79650397800856,361.46933629248616,472.81773317041467,453.37665046375633,345.6560581841949,443.76405650159387,467.17692821289654,181.51441878338963,449.915948523547,466.321380205053,437.8111592997461,444.6617415965263,448.36504269272217,478.31780267096883,407.80476954208996,451.6923537184896,474.569996316524,230.24069804663569,427.73148331047287,426.0528490012698,225.29902980249537,370.19130298195404,330.8379878379363,352.7601453236895,399.6512887440392,337.3616113554747,451.11137883558723,444.67972235489185,404.8612698943025,249.37202376821,478.0914480974228,483.9965328936817,432.48264607723166,360.0353377981305,431.4129308949103,417.2138798578107,390.2976182988019,419.4319408651247,369.81970468190843,441.20544405858357,371.05279271235537,368.2506312839173,465.6852041579456,369.21788750707884,431.2014235095146,403.2307487385879,458.47827326214514,480.4045374203017,334.59739819086997,383.19053930022676,380.6546436278985,418.88029632584033,434.375202935332,465.216993743903,484.8461549436661,426.2345050126867,406.74602530056194,484.1009762339129,486.6588397782695,440.54239633565453,457.5872710511446,470.1523159072358,421.24645265192606,445.1212841514171,483.7537736946192,480.73444702456567,256.8691528934223,336.9957992154869,420.90340272906707,433.5192005097892,375.49416309576804,341.1930655326817,492.3797209189242,491.39307802721515,319.5625543191868,484.0103638520502,432.8718666577188,471.8126626999334,449.3625925526957,198.58145076713973,401.7741647116884,404.62504518268406,467.0966995473217,373.13122851398384,406.6967771668967,403.38822324020947,271.2586637620612,469.90285790677467,368.84119628391505,479.11101200663904,168.06538409753713,432.28231633491157,478.63966884368193,398.7081103825617,454.34143011525555,470.11691008348083,429.67388920756576,329.0883662631307,402.14293762023965,396.99380356190284,308.49474759109785,364.60997569186424,421.09245122123764,403.00337304392514,475.6559369027824,419.73112079240207,334.4865107200414,438.6134453576837,499.4837057940848,414.8223653119731,247.66140357239925,335.6450995205764,484.33817668239504,484.4657469999198,454.4352890376126,351.7035188709086,237.63940100573367,465.11471356252764,479.7341428560032,458.9869757538317,320.2581014390622,405.89579739706915,380.8227036578165,404.7325757177729,445.17054362325695,450.95848417014,435.63053212067155,483.21452986711125,152.19814022705253,277.19619433471945,381.15044984064366,391.1159500648022,469.074651338662,388.50896587637664,406.09600217903494,446.505101995546,376.388449671829,389.0342116583279,274.78855367826
7,4,478.4488328568696,482.8321152697477,447.2287890280938,465.1596302728582,419.57819460169964,279.80007659312463,370.4024123808801,395.9282001328432,376.280949069441,258.575551103391,470.9975966161156,357.75488549577346,472.5257979546765,457.41991802874435,333.8659392943138,391.107496337838,485.3133822025616,422.07368915386456,428.2117221539891,286.7899230106988,310.8367745706553,485.2084796117536,455.14956352476804,449.45524870706214,426.6271761265375,387.70953979829113,344.7152788933313,266.7773240954273,482.44672809499036,479.3910746615821,433.3601042284166,462.71507922556,438.3107239065258,376.6180120051737,371.39987221614757,485.40682412874514,476.33200455338556,472.5722631190913,438.6510574391179,449.7295047018192,428.23972663676807,369.8126861375311,428.7422031086767,302.85559799728486,447.590637938198,416.1573199177331,327.10129148478165,431.4907331026554,436.9167019779112,450.2774174601278,411.5329393492601,361.42686348958955,449.88545601565426,464.10969913167537,383.5948221502253,61.75027685704651,476.9956311447239,476.3506243215418,472.8363495097653,399.610004837167,430.0480676201229,330.79650397800856,361.46933629248616,472.81773317041467,453.37665046375633,345.6560581841949,443.76405650159387,467.17692821289654,181.51441878338963,449.915948523547,466.321380205053,437.8111592997461,444.6617415965263,448.36504269272217,478.31780267096883,407.80476954208996,451.6923537184896,474.569996316524,230.24069804663569,427.73148331047287,426.0528490012698,225.29902980249537,370.19130298195404,330.8379878379363,352.7601453236895,399.6512887440392,337.3616113554747,451.11137883558723,444.67972235489185,404.8612698943025,249.37202376821,478.0914480974228,483.9965328936817,432.48264607723166,360.0353377981305,431.4129308949103,417.2138798578107,390.8233844484055,419.4319408651247,369.81970468190843,441.20544405858357,371.3969398879254,368.2506312839173,465.6852041579456,369.21788750707884,431.2014235095146,404.7250605720123,458.47827326214514,480.4045374203017,334.59739819086997,383.19053930022676,380.6546436278985,418.88029632584033,434.078287145957,465.216993743903,484.8461549436661,426.2345050126867,406.74602530056194,484.1009762339129,486.6588397782695,440.54239633565453,457.5872710511446,470.1523159072358,421.24645265192606,445.1212841514171,483.7537736946192,480.73444702456567,256.8691528934223,336.9957992154869,420.90340272906707,433.5192005097892,375.49416309576804,341.1930655326817,492.3797209189242,491.39307802721515,319.5625543191868,484.0103638520502,432.8718666577188,471.8126626999334,449.3625925526957,198.58145076713973,401.7741647116884,404.62504518268406,467.0966995473217,373.13122851398384,406.6967771668967,403.38822324020947,271.2586637620612,469.90285790677467,368.84119628391505,479.11101200663904,168.873301480482,432.28231633491157,478.63966884368193,399.24289623025146,454.34143011525555,470.11691008348083,429.67388920756576,329.0883662631307,402.14293762023965,396.99380356190284,308.49474759109785,364.60997569186424,421.09245122123764,403.00337304392514,475.6559369027824,419.73112079240207,334.4865107200414,438.6134453576837,499.4837057940848,414.8223653119731,247.66140357239925,335.6450995205764,484.33817668239504,484.4657469999198,454.4352890376126,351.7035188709086,237.63940100573367,465.11471356252764,479.7341428560032,458.9869757538317,320.2581014390622,405.89579739706915,380.8227036578165,404.7325757177729,445.17054362325695,451.83814870737655,435.63053212067155,483.21452986711125,152.19814022705253,277.19619433471945,381.15044984064366,391.1159500648022,469.074651338662,388.50896587637664,406.09600217903494,446.505101995546,375.63552297613575,389.0342116583279,274.78855367826
7,5,478.4488328568696,482.8321152697477,447.2287890280938,465.1596302728582,419.57819460169964,279.80007659312463,370.4024123808801,395.9282001328432,376.280949069441,258.575551103391,470.9975966161156,357.75488549577346,472.5257979546765,457.41991802874435,333.8659392943138,391.107496337838,485.81461738597596,422.07368915386456,428.2117221539891,286.7899230106988,310.8367745706553,485.2084796117536,455.14956352476804,449.45524870706214,426.6271761265375,387.70953979829113,344.7152788933313,266.7773240954273,482.44672809499036,479.3910746615821,433.3601042284166,462.71507922556,438.3107239065258,376.6180120051737,371.39987221614757,485.40682412874514,476.33200455338556,472.5722631190913,438.6510574391179,449.7295047018192,428.23972663676807,369.8126861375311,428.7422031086767,302.85559799728486,447.590637938198,416.1573199177331,327.10129148478165,431.4907331026554,436.9167019779112,450.2774174601278,411.5329393492601,361.42686348958955,449.88545601565426,464.10969913167537,383.5948221502253,61.75027685704651,476.9956311447239,476.3506243215418,472.8363495097653,399.610004837167,430.0480676201229,330.79650397800856,361.46933629248616,472.81773317041467,453.37665046375633,345.6560581841949,443.76405650159387,467.17692821289654,181.51441878338963,449.915948523547,466.321380205053,439.0306503352901,444.6617415965263,448.36504269272217,478.31780267096883,407.80476954208996,451.6923537184896,474.569996316524,230.24069804663569,427.73148331047287,426.0528490012698,225.29902980249537,370.19130298195404,330.8379878379363,352.7601453236895,399.6512887440392,337.3616113554747,451.11137883558723,444.67972235489185,404.8612698943025,249.37202376821,478.0914480974228,483.9965328936817,432.48264607723166,360.0353377981305,431.4129308949103,417.2138798578107,390.8233844484055,419.4319408651247,369.81970468190843,441.20544405858357,371.3969398879254,368.2506312839173,465.6852041579456,369.21788750707884,431.2014235095146,404.7250605720123,458.47827326214514,480.4045374203017,334.59739819086997,383.19053930022676,380.6546436278985,418.88029632584033,434.375202935332,465.216993743903,484.8461549436661,426.2345050126867,406.74602530056194,484.1009762339129,486.6588397782695,440.54239633565453,457.5872710511446,470.1523159072358,421.24645265192606,445.1212841514171,483.7537736946192,480.460829768312,256.8691528934223,336.9957992154869,420.90340272906707,433.5192005097892,375.49416309576804,341.1930655326817,492.3797209189242,491.39307802721515,319.5625543191868,483.24734570631495,432.8718666577188,471.8126626999334,449.3625925526957,198.58145076713973,401.8316985171921,404.62504518268406,467.0966995473217,373.13122851398384,406.6967771668967,403.38822324020947,271.2586637620612,469.90285790677467,368.84119628391505,479.11101200663904,168.873301480482,432.28231633491157,478.63966884368193,398.7081103825617,454.34143011525555,470.11691008348083,429.67388920756576,329.0883662631307,402.14293762023965,396.99380356190284,308.49474759109785,364.60997569186424,422.08290945986164,403.00337304392514,475.6559369027824,419.73112079240207,334.4865107200414,438.6134453576837,499.4837057940848,414.8223653119731,247.66140357239925,335.6450995205764,484.33817668239504,484.4657469999198,454.4352890376126,351.7035188709086,237.63940100573367,465.11471356252764,479.7341428560032,458.9869757538317,320.2581014390622,405.89579739706915,380.8227036578165,404.7325757177729,445.17054362325695,451.83814870737655,435.63053212067155,483.21452986711125,152.19814022705253,277.19619433471945,381.15044984064366,391.1159500648022,469.074651338662,388.50896587637664,406.09600217903494,446.505101995546,376.388449671829,389.0342116583279,274.78855367826
7,6,478.4488328568696,482.8321152697477,447.2287890280938,465.1596302728582,419.57819460169964,279.80007659312463,370.4024123808801,395.9282001328432,376.280949069441,258.575551103391,470.9975966161156,357.75488549577346,472.5257979546765,457.41991802874435,333.8659392943138,391.107496337838,485.81461738597596,422.07368915386456,428.2117221539891,286.7899230106988,310.8367745706553,485.2084796117536,455.14956352476804,449.45524870706214,426.6271761265375,387.95435675961147,344.7152788933313,266.7773240954273,482.44672809499036,479.3910746615821,433.3601042284166,462.71507922556,438.3107239065258,376.6180120051737,371.39987221614757,485.40682412874514,476.33200455338556,472.5722631190913,438.6510574391179,449.7295047018192,428.23972663676807,369.8126861375311,428.7422031086767,302.85559799728486,447.590637938198,416.1573199177331,327.10129148478165,431.4907331026554,436.9167019779112,450.2774174601278,411.5329393492601,361.42686348958955,449.88545601565426,464.10969913167537,383.5948221502253,61.75027685704651,476.9956311447239,476.3506243215418,472.8363495097653,399.610004837167,430.0480676201229,330.79650397800856,361.46933629248616,472.81773317041467,453.37665046375633,345.6560581841949,443.76405650159387,467.17692821289654,181.43930909079947,449.915948523547,466.321380205053,439.0306503352901,444.6617415965263,448.36504269272217,478.31780267096883,407.80476954208996,451.6923537184896,474.569996316524,230.24069804663569,427.73148331047287,426.0528490012698,225.29902980249537,370.19130298195404,330.8379878379363,352.7601453236895,399.6512887440392,337.3616113554747,451.11137883558723,444.67972235489185,404.8612698943025,249.37202376821,478.0914480974228,483.9965328936817,432.48264607723166,360.0353377981305,431.4129308949103,417.2138798578107,390.8233844484055,419.4319408651247,369.81970468190843,441.20544405858357,371.3969398879254,368.2506312839173,465.6852041579456,369.21788750707884,431.2014235095146,404.7250605720123,458.47827326214514,480.4045374203017,334.59739819086997,383.19053930022676,380.6546436278985,418.88029632584033,434.375202935332,465.216993743903,484.8461549436661,426.2345050126867,406.74602530056194,484.1009762339129,486.6588397782695,440.54239633565453,457.5872710511446,470.1523159072358,421.24645265192606,445.1212841514171,483.7537736946192,480.460829768312,256.8691528934223,336.9957992154869,420.90340272906707,433.5192005097892,375.49416309576804,341.1930655326817,492.3797209189242,491.39307802721515,319.5625543191868,484.0103638520502,432.8718666577188,471.8126626999334,449.3625925526957,198.58145076713973,401.8316985171921,404.62504518268406,467.0966995473217,373.13122851398384,406.6967771668967,403.38822324020947,271.2586637620612,469.90285790677467,368.84119628391505,479.11101200663904,168.873301480482,432.28231633491157,478.63966884368193,399.5148977606685,454.34143011525555,470.11691008348083,429.67388920756576,329.0883662631307,402.14293762023965,396.99380356190284,308.49474759109785,364.60997569186424,422.08290945986164,403.00337304392514,475.6559369027824,419.73112079240207,334.4865107200414,438.6134453576837,499.4837057940848,414.8223653119731,247.66140357239925,335.6450995205764,484.33817668239504,484.4657469999198,454.4352890376126,351.7035188709086,237.63940100573367,465.11471356252764,479.7341428560032,458.9869757538317,320.2581014390622,405.89579739706915,380.8227036578165,404.7325757177729,445.17054362325695,451.83814870737655,435.63053212067155,483.21452986711125,152.19814022705253,277.19619433471945,381.15044984064366,391.1159500648022,469.074651338662,388.50896587637664,406.09600217903494,446.505101995546,376.388449671829,389.0342116583279,274.78855367826
7,7,478.4488328568696,482.8321152697477,447.2287890280938,465.1596302728582,419.57819460169964,279.80007659312463,370.4024123808801,395.9282001328432,376.280949069441,258.575551103391,470.9975966161156,357.75488549577346,472.5257979546765,457.41991802874435,333.8659392943138,391.107496337838,485.81461738597596,422.07368915386456,428.2117221539891,286.7899230106988,310.8367745706553,485.2084796117536,455.14956352476804,449.45524870706214,426.6271761265375,387.95435675961147,344.7152788933313,266.7773240954273,482.44672809499036,479.3910746615821,433.3601042284166,462.71507922556,438.3107239065258,376.6180120051737,371.39987221614757,485.40682412874514,476.33200455338556,472.5722631190913,438.6510574391179,449.7295047018192,428.23972663676807,369.8126861375311,428.7422031086767,302.85559799728486,447.590637938198,416.1573199177331,327.10129148478165,431.4907331026554,436.9167019779112,450.2774174601278,411.5329393492601,361.42686348958955,449.88545601565426,464.10969913167537,383.5948221502253,61.75027685704651,476.9956311447239,476.3506243215418,472.8363495097653,399.610004837167,430.0480676201229,330.79650397800856,361.46933629248616,472.81773317041467,453.37665046375633,345.6560581841949,443.76405650159387,467.17692821289654,181.43930909079947,449.915948523547,466.321380205053,439.0306503352901,444.6617415965263,448.36504269272217,478.31780267096883,407.80476954208996,451.6923537184896,474.569996316524,230.24069804663569,427.73148331047287,426.0528490012698,225.29902980249537,370.19130298195404,330.8379878379363,352.7601453236895,399.6512887440392,337.3616113554747,451.11137883558723,444.67972235489185,404.8612698943025,249.37202376821,478.0914480974228,483.9965328936817,432.48264607723166,360.0353377981305,431.4129308949103,417.2138798578107,390.8233844484055,419.4319408651247,369.81970468190843,441.20544405858357,371.3969398879254,368.2506312839173,465.6852041579456,369.21788750707884,431.2014235095146,404.7250605720123,458.47827326214514,480.4045374203017,334.59739819086997,383.19053930022676,380.6546436278985,418.88029632584033,434.375202935332,465.216993743903,484.8461549436661,426.2345050126867,406.74602530056194,484.1009762339129,486.6588397782695,440.54239633565453,457.5872710511446,470.1523159072358,421.24645265192606,445.1212841514171,483.7537736946192,480.460829768312,256.8691528934223,336.9957992154869,420.90340272906707,433.5192005097892,375.49416309576804,341.1930655326817,492.3797209189242,491.39307802721515,319.5625543191868,484.0103638520502,432.8718666577188,471.8126626999334,449.3625925526957,198.58145076713973,401.8316985171921,404.62504518268406,467.0966995473217,373.13122851398384,406.6967771668967,403.38822324020947,271.2586637620612,469.90285790677467,368.84119628391505,479.11101200663904,168.873301480482,432.28231633491157,478.63966884368193,399.5148977606685,454.34143011525555,470.11691008348083,429.67388920756576,329.0883662631307,402.14293762023965,396.99380356190284,308.49474759109785,364.60997569186424,422.08290945986164,403.00337304392514,475.6559369027824,419.73112079240207,334.4865107200414,438.6134453576837,499.4837057940848,414.8223653119731,247.66140357239925,335.6450995205764,484.33817668239504,484.4657469999198,454.4352890376126,351.7035188709086,237.63940100573367,465.11471356252764,479.7341428560032,458.9869757538317,320.2581014390622,405.89579739706915,380.8227036578165,404.7325757177729,445.17054362325695,451.83814870737655,435.63053212067155,483.21452986711125,152.19814022705253,277.19619433471945,381.15044984064366,391.1159500648022,469.074651338662,388.50896587637664,406.09600217903494,446.505101995546,376.388449671829,389.0342116583279,274.78855367826
7,8,478.4488328568696,482.8321152697477,447.2287890280938,465.1596302728582,419.57819460169964,279.80007659312463,370.4024123808801,395.9282001328432,376.280949069441,258.575551103391,470.9975966161156,357.75488549577346,472.5257979546765,457.41991802874435,333.8659392943138,391.107496337838,485.81461738597596,422.07368915386456,428.2117221539891,286.7899230106988,310.8367745706553,485.2084796117536,455.14956352476804,449.45524870706214,426.6271761265375,387.95435675961147,344.7152788933313,266.7773240954273,482.44672809499036,479.3910746615821,433.3601042284166,462.71507922556,438.3107239065258,376.6180120051737,371.39987221614757,485.40682412874514,476.33200455338556,472.5722631190913,438.6510574391179,449.7295047018192,428.23972663676807,369.8126861375311,428.7422031086767,302.85559799728486,447.590637938198,416.1573199177331,327.10129148478165,431.4907331026554,436.9167019779112,450.2774174601278,411.5329393492601,361.42686348958955,449.88545601565426,464.10969913167537,383.5948221502253,61.75027685704651,476.9956311447239,476.3506243215418,472.8363495097653,399.610004837167,430.0480676201229,330.79650397800856,361.46933629248616,472.81773317041467,453.37665046375633,345.6560581841949,443.76405650159387,467.17692821289654,181.43930909079947,449.915948523547,466.321380205053,439.0306503352901,444.6617415965263,448.36504269272217,478.31780267096883,407.80476954208996,451.6923537184896,474.569996316524,230.24069804663569,427.73148331047287,426.0528490012698,225.29902980249537,370.19130298195404,330.8379878379363,352.7601453236895,399.6512887440392,337.3616113554747,451.11137883558723,444.67972235489185,404.8612698943025,249.37202376821,478.0914480974228,483.9965328936817,432.48264607723166,360.0353377981305,431.4129308949103,417.2138798578107,390.8233844484055,419.4319408651247,369.81970468190843,441.20544405858357,371.3969398879254,368.2506312839173,465.6852041579456,369.21788750707884,431.2014235095146,404.7250605720123,458.47827326214514,480.4045374203017,334.59739819086997,383.19053930022676,380.6546436278985,418.88029632584033,434.375202935332,465.216993743903,484.8461549436661,426.2345050126867,406.74602530056194,484.1009762339129,486.6588397782695,440.54239633565453,457.5872710511446,470.1523159072358,421.24645265192606,445.1212841514171,483.7537736946192,480.460829768312,256.8691528934223,336.9957992154869,420.90340272906707,433.5192005097892,375.49416309576804,341.1930655326817,492.3797209189242,491.39307802721515,319.5625543191868,484.0103638520502,432.8718666577188,471.8126626999334,449.3625925526957,198.58145076713973,401.8316985171921,404.62504518268406,467.0966995473217,373.13122851398384,406.6967771668967,403.38822324020947,271.2586637620612,469.90285790677467,368.84119628391505,479.11101200663904,168.873301480482,432.28231633491157,478.63966884368193,399.5148977606685,454.34143011525555,470.11691008348083,429.67388920756576,329.0883662631307,402.14293762023965,396.99380356190284,308.49474759109785,364.60997569186424,422.08290945986164,403.00337304392514,475.6559369027824,419.73112079240207,334.4865107200414,438.6134453576837,499.4837057940848,414.8223653119731,247.66140357239925,335.6450995205764,484.33817668239504,484.4657469999198,454.4352890376126,351.7035188709086,237.63940100573367,465.11471356252764,479.7341428560032,458.9869757538317,320.2581014390622,405.89579739706915,380.8227036578165,404.7325757177729,445.17054362325695,451.83814870737655,435.63053212067155,483.21452986711125,152.19814022705253,277.19619433471945,381.15044984064366,391.1159500648022,469.074651338662,388.50896587637664,406.09600217903494,446.505101995546,376.388449671829,389.0342116583279,274.78855367826
7,9,478.4488328568696,482.8321152697477,447.2287890280938,465.1596302728582,419.57819460169964,279.80007659312463,370.4024123808801,395.9282001328432,376.280949069441,258.575551103391,470.9975966161156,357.75488549577346,472.5257979546765,457.41991802874435,333.8659392943138,391.107496337838,485.81461738597596,422.07368915386456,428.2117221539891,286.7899230106988,310.8367745706553,485.2084796117536,455.14956352476804,449.45524870706214,426.6271761265375,387.95435675961147,344.7152788933313,266.7773240954273,482.44672809499036,479.3910746615821,433.3601042284166,462.71507922556,438.3107239065258,376.6180120051737,371.39987221614757,485.40682412874514,476.33200455338556,472.5722631190913,438.6510574391179,449.7295047018192,428.23972663676807,369.8126861375311,428.7422031086767,302.85559799728486,447.590637938198,416.1573199177331,327.10129148478165,431.4907331026554,436.9167019779112,450.2774174601278,411.5329393492601,361.42686348958955,449.88545601565426,464.10969913167537,383.5948221502253,61.75027685704651,476.9956311447239,476.3506243215418,472.8363495097653,399.610004837167,430.0480676201229,330.79650397800856,361.46933629248616,472.81773317041467,453.37665046375633,345.6560581841949,443.76405650159387,467.17692821289654,181.43930909079947,449.915948523547,466.321380205053,439.0306503352901,444.6617415965263,448.36504269272217,478.31780267096883,407.80476954208996,451.6923537184896,474.569996316524,230.24069804663569,427.73148331047287,426.0528490012698,225.29902980249537,370.19130298195404,330.8379878379363,352.7601453236895,399.6512887440392,337.3616113554747,451.11137883558723,444.67972235489185,404.8612698943025,249.37202376821,478.0914480974228,483.9965328936817,432.48264607723166,360.0353377981305,431.4129308949103,417.2138798578107,390.8233844484055,419.4319408651247,369.81970468190843,441.20544405858357,371.3969398879254,368.2506312839173,465.6852041579456,369.21788750707884,431.2014235095146,404.7250605720123,458.47827326214514,480.4045374203017,334.59739819086997,383.19053930022676,380.6546436278985,418.88029632584033,434.375202935332,465.216993743903,484.8461549436661,426.2345050126867,406.74602530056194,484.1009762339129,486.6588397782695,440.54239633565453,457.5872710511446,470.1523159072358,421.24645265192606,445.1212841514171,483.7537736946192,480.460829768312,256.8691528934223,336.9957992154869,420.90340272906707,433.5192005097892,375.49416309576804,341.1930655326817,492.3797209189242,491.39307802721515,319.5625543191868,484.0103638520502,432.8718666577188,471.8126626999334,449.3625925526957,198.58145076713973,401.8316985171921,404.62504518268406,467.0966995473217,373.13122851398384,406.6967771668967,403.38822324020947,271.2586637620612,469.90285790677467,368.84119628391505,479.11101200663904,168.873301480482,432.28231633491157,478.63966884368193,399.5148977606685,454.34143011525555,470.11691008348083,429.67388920756576,329.0883662631307,402.14293762023965,396.99380356190284,308.49474759109785,364.60997569186424,422.08290945986164,403.00337304392514,475.6559369027824,419.73112079240207,334.4865107200414,438.6134453576837,499.4837057940848,414.8223653119731,247.66140357239925,335.6450995205764,484.33817668239504,484.4657469999198,454.4352890376126,351.7035188709086,237.63940100573367,465.11471356252764,479.7341428560032,458.9869757538317,320.2581014390622,405.89579739706915,380.8227036578165,404.7325757177729,445.17054362325695,451.83814870737655,435.63053212067155,483.21452986711125,152.19814022705253,277.19619433471945,381.15044984064366,391.1159500648022,469.074651338662,388.50896587637664,406.09600217903494,446.505101995546,376.388449671829,389.0342116583279,274.78855367826
7,10,478.4488328568696,482.8321152697477,447.2287890280938,465.1596302728582,419.57819460169964,279.80007659312463,370.4024123808801,395.9282001328432,376.280949069441,258.575551103391,470.9975966161156,357.75488549577346,472.5257979546765,457.41991802874435,333.8659392943138,391.107496337838,485.81461738597596,422.07368915386456,428.2117221539891,286.7899230106988,310.8367745706553,485.2084796117536,455.14956352476804,449.45524870706214,426.6271761265375,387.95435675961147,344.7152788933313,266.7773240954273,482.44672809499036,479.3910746615821,433.3601042284166,462.71507922556,438.3107239065258,376.6180120051737,371.39987221614757,485.40682412874514,476.33200455338556,472.5722631190913,438.6510574391179,449.7295047018192,428.23972663676807,369.8126861375311,428.7422031086767,302.85559799728486,447.590637938198,416.1573199177331,327.10129148478165,431.4907331026554,436.9167019779112,450.2774174601278,411.5329393492601,361.42686348958955,449.88545601565426,464.10969913167537,383.5948221502253,61.75027685704651,476.9956311447239,476.3506243215418,472.8363495097653,399.610004837167,430.0480676201229,330.79650397800856,361.46933629248616,472.81773317041467,453.37665046375633,345.6560581841949,443.76405650159387,467.17692821289654,181.43930909079947,449.915948523547,466.321380205053,439.0306503352901,444.6617415965263,448.36504269272217,478.31780267096883,407.80476954208996,451.6923537184896,474.569996316524,230.24069804663569,427.73148331047287,426.0528490012698,225.29902980249537,370.19130298195404,330.8379878379363,352.7601453236895,399.6512887440392,337.3616113554747,451.11137883558723,444.67972235489185,404.8612698943025,249.37202376821,478.0914480974228,483.9965328936817,432.48264607723166,360.0353377981305,431.4129308949103,417.2138798578107,390.8233844484055,419.4319408651247,369.81970468190843,441.20544405858357,371.3969398879254,368.2506312839173,465.6852041579456,369.21788750707884,431.2014235095146,404.7250605720123,458.47827326214514,480.4045374203017,334.59739819086997,383.19053930022676,380.6546436278985,418.88029632584033,434.375202935332,465.216993743903,484.8461549436661,426.2345050126867,406.74602530056194,484.1009762339129,486.6588397782695,440.54239633565453,457.5872710511446,470.1523159072358,421.24645265192606,445.1212841514171,483.7537736946192,480.460829768312,256.8691528934223,336.9957992154869,420.90340272906707,433.5192005097892,375.49416309576804,341.1930655326817,492.3797209189242,491.39307802721515,319.5625543191868,484.0103638520502,432.8718666577188,471.8126626999334,449.3625925526957,198.58145076713973,401.8316985171921,404.62504518268406,467.0966995473217,373.13122851398384,406.6967771668967,403.38822324020947,271.2586637620612,469.90285790677467,368.84119628391505,479.11101200663904,168.873301480482,432.28231633491157,478.63966884368193,399.5148977606685,454.34143011525555,470.11691008348083,429.67388920756576,329.0883662631307,402.14293762023965,396.99380356190284,308.49474759109785,364.60997569186424,422.08290945986164,403.00337304392514,475.6559369027824,419.73112079240207,334.4865107200414,438.6134453576837,499.4837057940848,414.8223653119731,247.66140357239925,335.6450995205764,484.33817668239504,484.4657469999198,454.4352890376126,351.7035188709086,237.63940100573367,465.11471356252764,479.7341428560032,458.9869757538317,320.2581014390622,405.89579739706915,380.8227036578165,404.7325757177729,445.17054362325695,451.83814870737655,435.63053212067155,483.21452986711125,152.19814022705253,277.19619433471945,381.15044984064366,391.1159500648022,469.074651338662,388.50896587637664,406.09600217903494,446.505101995546,376.388449671829,389.0342116583279,274.78855367826
7,11,478.4488328568696,482.8321152697477,447.2287890280938,465.1596302728582,419.57819460169964,279.80007659312463,370.4024123808801,395.9282001328432,376.280949069441,258.575551103391,470.9975966161156,357.75488549577346,472.5257979546765,457.41991802874435,333.8659392943138,391.107496337838,485.81461738597596,422.07368915386456,428.2117221539891,286.7899230106988,310.8367745706553,485.2084796117536,455.14956352476804,449.45524870706214,426.6271761265375,387.95435675961147,344.7152788933313,266.7773240954273,482.44672809499036,479.3910746615821,433.3601042284166,462.71507922556,438.3107239065258,376.6180120051737,371.39987221614757,485.40682412874514,476.33200455338556,472.5722631190913,438.6510574391179,449.7295047018192,428.23972663676807,369.8126861375311,428.7422031086767,302.85559799728486,447.590637938198,416.1573199177331,327.10129148478165,431.4907331026554,436.9167019779112,450.2774174601278,411.5329393492601,361.42686348958955,449.88545601565426,464.10969913167537,383.5948221502253,61.75027685704651,476.9956311447239,476.3506243215418,472.8363495097653,399.610004837167,430.0480676201229,330.79650397800856,361.46933629248616,472.81773317041467,453.37665046375633,345.6560581841949,443.76405650159387,467.17692821289654,181.43930909079947,449.915948523547,466.321380205053,439.0306503352901,444.6617415965263,448.36504269272217,478.31780267096883,407.80476954208996,451.6923537184896,474.569996316524,230.24069804663569,427.73148331047287,426.0528490012698,225.29902980249537,370.19130298195404,330.8379878379363,352.7601453236895,399.6512887440392,337.3616113554747,451.11137883558723,444.67972235489185,404.8612698943025,249.37202376821,478.0914480974228,483.9965328936817,432.48264607723166,360.0353377981305,431.4129308949103,417.2138798578107,390.8233844484055,419.4319408651247,369.81970468190843,441.20544405858357,371.3969398879254,368.2506312839173,465.6852041579456,369.21788750707884,431.2014235095146,404.7250605720123,458.47827326214514,480.4045374203017,334.59739819086997,383.19053930022676,380.6546436278985,418.88029632584033,434.375202935332,465.216993743903,484.8461549436661,426.2345050126867,406.74602530056194,484.1009762339129,486.6588397782695,440.54239633565453,457.5872710511446,470.1523159072358,421.24645265192606,445.1212841514171,483.7537736946192,480.460829768312,256.8691528934223,336.9957992154869,420.90340272906707,433.5192005097892,375.49416309576804,341.1930655326817,492.3797209189242,491.39307802721515,319.5625543191868,484.0103638520502,432.8718666577188,471.8126626999334,449.3625925526957,198.58145076713973,401.8316985171921,404.62504518268406,467.0966995473217,373.13122851398384,406.6967771668967,403.38822324020947,271.2586637620612,469.90285790677467,368.84119628391505,479.11101200663904,168.873301480482,432.28231633491157,478.63966884368193,399.5148977606685,454.34143011525555,470.11691008348083,429.67388920756576,329.0883662631307,402.14293762023965,396.99380356190284,308.49474759109785,364.60997569186424,422.08290945986164,403.00337304392514,475.6559369027824,419.73112079240207,334.4865107200414,438.6134453576837,499.4837057940848,414.8223653119731,247.66140357239925,335.6450995205764,484.33817668239504,484.4657469999198,454.4352890376126,351.7035188709086,237.63940100573367,465.11471356252764,479.7341428560032,458.9869757538317,320.2581014390622,405.89579739706915,380.8227036578165,404.7325757177729,445.17054362325695,451.83814870737655,435.63053212067155,483.21452986711125,152.19814022705253,277.19619433471945,381.15044984064366,391.1159500648022,469.074651338662,388.50896587637664,406.09600217903494,446.505101995546,376.388449671829,389.0342116583279,274.78855367826
7,12,478.4488328568696,482.8321152697477,447.2287890280938,465.1596302728582,419.57819460169964,279.80007659312463,370.4024123808801,395.9282001328432,376.280949069441,258.575551103391,470.9975966161156,357.75488549577346,472.5257979546765,457.41991802874435,333.8659392943138,391.107496337838,485.81461738597596,422.07368915386456,428.2117221539891,286.7899230106988,310.8367745706553,485.2084796117536,455.14956352476804,449.45524870706214,426.6271761265375,387.95435675961147,344.7152788933313,266.7773240954273,482.44672809499036,479.3910746615821,433.3601042284166,462.71507922556,438.3107239065258,376.6180120051737,371.39987221614757,485.40682412874514,476.33200455338556,472.5722631190913,438.6510574391179,449.7295047018192,428.23972663676807,369.8126861375311,428.7422031086767,302.85559799728486,447.590637938198,416.1573199177331,327.10129148478165,431.4907331026554,436.9167019779112,450.2774174601278,411.5329393492601,361.42686348958955,449.88545601565426,464.10969913167537,383.5948221502253,61.75027685704651,476.9956311447239,476.3506243215418,472.8363495097653,399.610004837167,430.0480676201229,330.79650397800856,361.46933629248616,472.81773317041467,453.37665046375633,345.6560581841949,443.76405650159387,467.17692821289654,181.43930909079947,449.915948523547,466.321380205053,439.0306503352901,444.6617415965263,448.36504269272217,478.31780267096883,407.80476954208996,451.6923537184896,474.569996316524,230.24069804663569,427.73148331047287,426.0528490012698,225.29902980249537,370.19130298195404,330.8379878379363,352.7601453236895,399.6512887440392,337.3616113554747,451.11137883558723,444.67972235489185,404.8612698943025,249.37202376821,478.0914480974228,483.9965328936817,432.48264607723166,360.0353377981305,431.4129308949103,417.2138798578107,390.8233844484055,419.4319408651247,369.81970468190843,441.20544405858357,371.3969398879254,368.2506312839173,465.6852041579456,369.21788750707884,431.2014235095146,404.7250605720123,458.47827326214514,480.4045374203017,334.59739819086997,383.19053930022676,380.6546436278985,418.88029632584033,434.375202935332,465.216993743903,484.8461549436661,426.2345050126867,406.74602530056194,484.1009762339129,486.6588397782695,440.54239633565453,457.5872710511446,470.1523159072358,421.24645265192606,445.1212841514171,483.7537736946192,480.460829768312,256.8691528934223,336.9957992154869,420.90340272906707,433.5192005097892,375.49416309576804,341.1930655326817,492.3797209189242,491.39307802721515,319.5625543191868,484.0103638520502,432.8718666577188,471.8126626999334,449.3625925526957,198.58145076713973,401.8316985171921,404.62504518268406,467.0966995473217,373.13122851398384,406.6967771668967,403.38822324020947,271.2586637620612,469.90285790677467,368.84119628391505,479.11101200663904,168.873301480482,432.28231633491157,478.63966884368193,399.5148977606685,454.34143011525555,470.11691008348083,429.67388920756576,329.0883662631307,402.14293762023965,396.99380356190284,308.49474759109785,364.60997569186424,422.08290945986164,403.00337304392514,475.6559369027824,419.73112079240207,334.4865107200414,438.6134453576837,499.4837057940848,414.8223653119731,247.66140357239925,335.6450995205764,484.33817668239504,484.4657469999198,454.4352890376126,351.7035188709086,237.63940100573367,465.11471356252764,479.7341428560032,458.9869757538317,320.2581014390622,405.89579739706915,380.8227036578165,404.7325757177729,445.17054362325695,451.83814870737655,435.63053212067155,483.21452986711125,152.19814022705253,277.19619433471945,381.15044984064366,391.1159500648022,469.074651338662,388.50896587637664,406.09600217903494,446.505101995546,376.388449671829,389.0342116583279,274.78855367826
7,13,478.4488328568696,482.8321152697477,447.2287890280938,465.1596302728582,419.57819460169964,279.80007659312463,370.4024123808801,395.9282001328432,376.280949069441,258.575551103391,470.9975966161156,357.75488549577346,472.5257979546765,457.41991802874435,333.8659392943138,391.107496337838,485.81461738597596,422.07368915386456,428.2117221539891,286.7899230106988,310.8367745706553,485.2084796117536,455.14956352476804,449.45524870706214,426.6271761265375,387.95435675961147,344.7152788933313,266.7773240954273,482.44672809499036,479.3910746615821,433.3601042284166,462.71507922556,438.3107239065258,376.6180120051737,371.39987221614757,485.40682412874514,476.33200455338556,472.5722631190913,438.6510574391179,449.7295047018192,428.23972663676807,369.8126861375311,428.7422031086767,302.85559799728486,447.590637938198,416.1573199177331,327.10129148478165,431.4907331026554,436.9167019779112,450.2774174601278,411.5329393492601,361.42686348958955,449.88545601565426,464.10969913167537,383.5948221502253,61.75027685704651,476.9956311447239,476.3506243215418,472.8363495097653,399.610004837167,430.0480676201229,330.79650397800856,361.46933629248616,472.81773317041467,453.37665046375633,345.6560581841949,443.76405650159387,467.17692821289654,181.43930909079947,449.915948523547,466.321380205053,439.0306503352901,444.6617415965263,448.36504269272217,478.31780267096883,407.80476954208996,451.6923537184896,474.569996316524,230.24069804663569,427.73148331047287,426.0528490012698,225.29902980249537,370.19130298195404,330.8379878379363,352.7601453236895,399.6512887440392,337.3616113554747,451.11137883558723,444.67972235489185,404.8612698943025,249.37202376821,478.0914480974228,483.9965328936817,432.48264607723166,360.0353377981305,431.4129308949103,417.2138798578107,390.8233844484055,419.4319408651247,369.81970468190843,441.20544405858357,371.3969398879254,368.2506312839173,465.6852041579456,369.21788750707884,431.2014235095146,404.7250605720123,458.47827326214514,480.4045374203017,334.59739819086997,383.19053930022676,380.6546436278985,418.88029632584033,434.375202935332,465.216993743903,484.8461549436661,426.2345050126867,406.74602530056194,484.1009762339129,486.6588397782695,440.54239633565453,457.5872710511446,470.1523159072358,421.24645265192606,445.1212841514171,483.7537736946192,480.460829768312,256.8691528934223,336.9957992154869,420.90340272906707,433.5192005097892,375.49416309576804,341.1930655326817,492.3797209189242,491.39307802721515,319.5625543191868,484.0103638520502,432.8718666577188,471.8126626999334,449.3625925526957,198.58145076713973,401.8316985171921,404.62504518268406,467.0966995473217,373.13122851398384,406.6967771668967,403.38822324020947,271.2586637620612,469.90285790677467,368.84119628391505,479.11101200663904,168.873301480482,432.28231633491157,478.63966884368193,399.5148977606685,454.34143011525555,470.11691008348083,429.67388920756576,329.0883662631307,402.14293762023965,396.99380356190284,308.49474759109785,364.60997569186424,422.08290945986164,403.00337304392514,475.6559369027824,419.73112079240207,334.4865107200414,438.6134453576837,499.4837057940848,414.8223653119731,247.66140357239925,335.6450995205764,484.33817668239504,484.4657469999198,454.4352890376126,351.7035188709086,237.63940100573367,465.11471356252764,479.7341428560032,458.9869757538317,320.2581014390622,405.89579739706915,380.8227036578165,404.7325757177729,445.17054362325695,451.83814870737655,435.63053212067155,483.21452986711125,152.19814022705253,277.19619433471945,381.15044984064366,391.1159500648022,469.074651338662,388.50896587637664,406.09600217903494,446.505101995546,376.388449671829,389.0342116583279,274.78855367826
7,14,478.4488328568696,482.8321152697477,447.2287890280938,465.1596302728582,419.57819460169964,279.80007659312463,370.4024123808801,395.9282001328432,376.280949069441,258.575551103391,470.9975966161156,357.75488549577346,472.5257979546765,457.41991802874435,333.8659392943138,391.107496337838,485.81461738597596,422.07368915386456,428.2117221539891,286.7899230106988,310.8367745706553,485.2084796117536,455.14956352476804,449.45524870706214,426.6271761265375,387.95435675961147,344.7152788933313,266.7773240954273,482.44672809499036,479.3910746615821,433.3601042284166,462.71507922556,438.3107239065258,376.6180120051737,371.39987221614757,485.40682412874514,476.33200455338556,472.5722631190913,438.6510574391179,449.7295047018192,428.23972663676807,369.8126861375311,428.7422031086767,302.85559799728486,447.590637938198,416.1573199177331,327.10129148478165,431.4907331026554,436.9167019779112,450.2774174601278,411.5329393492601,361.42686348958955,449.88545601565426,464.10969913167537,383.5948221502253,61.75027685704651,476.9956311447239,476.3506243215418,472.8363495097653,399.610004837167,430.0480676201229,330.79650397800856,361.46933629248616,472.81773317041467,453.37665046375633,345.6560581841949,443.76405650159387,467.17692821289654,181.43930909079947,449.915948523547,466.321380205053,439.0306503352901,444.6617415965263,448.36504269272217,478.31780267096883,407.80476954208996,451.6923537184896,474.569996316524,230.24069804663569,427.73148331047287,426.0528490012698,225.29902980249537,370.19130298195404,330.8379878379363,352.7601453236895,399.6512887440392,337.3616113554747,451.11137883558723,444.67972235489185,404.8612698943025,249.37202376821,478.0914480974228,483.9965328936817,432.48264607723166,360.0353377981305,431.4129308949103,417.2138798578107,390.8233844484055,419.4319408651247,369.81970468190843,441.20544405858357,371.3969398879254,368.2506312839173,465.6852041579456,369.21788750707884,431.2014235095146,404.7250605720123,458.47827326214514,480.4045374203017,334.59739819086997,383.19053930022676,380.6546436278985,418.88029632584033,434.375202935332,465.216993743903,484.8461549436661,426.2345050126867,406.74602530056194,484.1009762339129,486.6588397782695,440.54239633565453,457.5872710511446,470.1523159072358,421.24645265192606,445.1212841514171,483.7537736946192,480.460829768312,256.8691528934223,336.9957992154869,420.90340272906707,433.5192005097892,375.49416309576804,341.1930655326817,492.3797209189242,491.39307802721515,319.5625543191868,484.0103638520502,432.8718666577188,471.8126626999334,449.3625925526957,198.58145076713973,401.8316985171921,404.62504518268406,467.0966995473217,373.13122851398384,406.6967771668967,403.38822324020947,271.2586637620612,469.90285790677467,368.84119628391505,479.11101200663904,168.873301480482,432.28231633491157,478.63966884368193,399.5148977606685,454.34143011525555,470.11691008348083,429.67388920756576,329.0883662631307,402.14293762023965,396.99380356190284,308.49474759109785,364.60997569186424,422.08290945986164,403.00337304392514,475.6559369027824,419.73112079240207,334.4865107200414,438.6134453576837,499.4837057940848,414.8223653119731,247.66140357239925,335.6450995205764,484.33817668239504,484.4657469999198,454.4352890376126,351.7035188709086,237.63940100573367,465.11471356252764,479.7341428560032,458.9869757538317,320.2581014390622,405.89579739706915,380.8227036578165,404.7325757177729,445.17054362325695,451.83814870737655,435.63053212067155,483.21452986711125,152.19814022705253,277.19619433471945,381.15044984064366,391.1159500648022,469.074651338662,388.50896587637664,406.09600217903494,446.505101995546,376.388449671829,389.0342116583279,274.78855367826
7,15,478.4488328568696,482.8321152697477,447.2287890280938,465.1596302728582,419.57819460169964,279.80007659312463,370.4024123808801,395.9282001328432,376.280949069441,258.575551103391,470.9975966161156,357.75488549577346,472.5257979546765,457.41991802874435,333.8659392943138,391.107496337838,485.81461738597596,422.07368915386456,428.2117221539891,286.7899230106988,310.8367745706553,485.2084796117536,455.14956352476804,449.45524870706214,426.6271761265375,387.95435675961147,344.7152788933313,266.7773240954273,482.44672809499036,479.3910746615821,433.3601042284166,462.71507922556,438.3107239065258,376.6180120051737,371.39987221614757,485.40682412874514,476.33200455338556,472.5722631190913,438.6510574391179,449.7295047018192,428.23972663676807,369.8126861375311,428.7422031086767,302.85559799728486,447.590637938198,416.1573199177331,327.10129148478165,431.4907331026554,436.9167019779112,450.2774174601278,411.5329393492601,361.42686348958955,449.88545601565426,464.10969913167537,383.5948221502253,61.75027685704651,476.9956311447239,476.3506243215418,472.8363495097653,399.610004837167,430.0480676201229,330.79650397800856,361.46933629248616,472.81773317041467,453.37665046375633,345.6560581841949,443.76405650159387,467.17692821289654,181.43930909079947,449.915948523547,466.321380205053,439.0306503352901,444.6617415965263,448.36504269272217,478.31780267096883,407.80476954208996,451.6923537184896,474.569996316524,230.24069804663569,427.73148331047287,426.0528490012698,225.29902980249537,370.19130298195404,330.8379878379363,352.7601453236895,399.6512887440392,337.3616113554747,451.11137883558723,444.67972235489185,404.8612698943025,249.37202376821,478.0914480974228,483.9965328936817,432.48264607723166,360.0353377981305,431.4129308949103,417.2138798578107,390.8233844484055,419.4319408651247,369.81970468190843,441.20544405858357,371.3969398879254,368.2506312839173,465.6852041579456,369.21788750707884,431.2014235095146,404.7250605720123,458.47827326214514,480.4045374203017,334.59739819086997,383.19053930022676,380.6546436278985,418.88029632584033,434.375202935332,465.216993743903,484.8461549436661,426.2345050126867,406.74602530056194,484.1009762339129,486.6588397782695,440.54239633565453,457.5872710511446,470.1523159072358,421.24645265192606,445.1212841514171,483.7537736946192,480.460829768312,256.8691528934223,336.9957992154869,420.90340272906707,433.5192005097892,375.49416309576804,341.1930655326817,492.3797209189242,491.39307802721515,319.5625543191868,484.0103638520502,432.8718666577188,471.8126626999334,449.3625925526957,198.58145076713973,401.8316985171921,404.62504518268406,467.0966995473217,373.13122851398384,406.6967771668967,403.38822324020947,271.2586637620612,469.90285790677467,368.84119628391505,479.11101200663904,168.873301480482,432.28231633491157,478.63966884368193,399.5148977606685,454.34143011525555,470.11691008348083,429.67388920756576,329.0883662631307,402.14293762023965,396.99380356190284,308.49474759109785,364.60997569186424,422.08290945986164,403.00337304392514,475.6559369027824,419.73112079240207,334.4865107200414,438.6134453576837,499.4837057940848,414.8223653119731,247.66140357239925,335.6450995205764,484.33817668239504,484.4657469999198,454.4352890376126,351.7035188709086,237.63940100573367,465.11471356252764,479.7341428560032,458.9869757538317,320.2581014390622,405.89579739706915,380.8227036578165,404.7325757177729,445.17054362325695,451.83814870737655,435.63053212067155,483.21452986711125,152.19814022705253,277.19619433471945,381.15044984064366,391.1159500648022,469.074651338662,388.50896587637664,406.09600217903494,446.505101995546,376.388449671829,389.0342116583279,274.78855367826
7,16,478.4488328568696,482.8321152697477,447.2287890280938,465.1596302728582,419.57819460169964,279.80007659312463,370.4024123808801,395.9282001328432,376.280949069441,258.575551103391,470.9975966161156,357.75488549577346,472.5257979546765,457.41991802874435,333.8659392943138,391.107496337838,485.81461738597596,422.07368915386456,428.2117221539891,286.7899230106988,310.8367745706553,485.2084796117536,455.14956352476804,449.45524870706214,426.6271761265375,387.95435675961147,344.7152788933313,266.7773240954273,482.44672809499036,479.3910746615821,433.3601042284166,462.71507922556,438.3107239065258,376.6180120051737,371.39987221614757,485.40682412874514,476.33200455338556,472.5722631190913,438.6510574391179,449.7295047018192,428.23972663676807,369.8126861375311,428.7422031086767,302.85559799728486,447.590637938198,416.1573199177331,327.10129148478165,431.4907331026554,436.9167019779112,450.2774174601278,411.5329393492601,361.42686348958955,449.88545601565426,464.10969913167537,383.5948221502253,61.75027685704651,476.9956311447239,476.3506243215418,472.8363495097653,399.610004837167,430.0480676201229,330.79650397800856,361.46933629248616,472.81773317041467,453.37665046375633,345.6560581841949,443.76405650159387,467.17692821289654,181.43930909079947,449.915948523547,466.321380205053,439.0306503352901,444.6617415965263,448.36504269272217,478.31780267096883,407.80476954208996,451.6923537184896,474.569996316524,230.24069804663569,427.73148331047287,426.0528490012698,225.29902980249537,370.19130298195404,330.8379878379363,352.7601453236895,399.6512887440392,337.3616113554747,451.11137883558723,444.67972235489185,404.8612698943025,249.37202376821,478.0914480974228,483.9965328936817,432.48264607723166,360.0353377981305,431.4129308949103,417.2138798578107,390.8233844484055,419.4319408651247,369.81970468190843,441.20544405858357,371.3969398879254,368.2506312839173,465.6852041579456,369.21788750707884,431.2014235095146,404.7250605720123,458.47827326214514,480.4045374203017,334.59739819086997,383.19053930022676,380.6546436278985,418.88029632584033,434.375202935332,465.216993743903,484.8461549436661,426.2345050126867,406.74602530056194,484.1009762339129,486.6588397782695,440.54239633565453,457.5872710511446,470.1523159072358,421.24645265192606,445.1212841514171,483.7537736946192,480.460829768312,256.8691528934223,336.9957992154869,420.90340272906707,433.5192005097892,375.49416309576804,341.1930655326817,492.3797209189242,491.39307802721515,319.5625543191868,484.0103638520502,432.8718666577188,471.8126626999334,449.3625925526957,198.58145076713973,401.8316985171921,404.62504518268406,467.0966995473217,373.13122851398384,406.6967771668967,403.38822324020947,271.2586637620612,469.90285790677467,368.84119628391505,479.11101200663904,168.873301480482,432.28231633491157,478.63966884368193,399.5148977606685,454.34143011525555,470.11691008348083,429.67388920756576,329.0883662631307,402.14293762023965,396.99380356190284,308.49474759109785,364.60997569186424,422.08290945986164,403.00337304392514,475.6559369027824,419.73112079240207,334.4865107200414,438.6134453576837,499.4837057940848,414.8223653119731,247.66140357239925,335.6450995205764,484.33817668239504,484.4657469999198,454.4352890376126,351.7035188709086,237.63940100573367,465.11471356252764,479.7341428560032,458.9869757538317,320.2581014390622,405.89579739706915,380.8227036578165,404.7325757177729,445.17054362325695,451.83814870737655,435.63053212067155,483.21452986711125,152.19814022705253,277.19619433471945,381.15044984064366,391.1159500648022,469.074651338662,388.50896587637664,406.09600217903494,446.505101995546,376.388449671829,389.0342116583279,274.78855367826
7,17,478.4488328568696,482.8321152697477,447.2287890280938,465.1596302728582,419.57819460169964,279.80007659312463,370.4024123808801,395.9282001328432,376.280949069441,258.575551103391,470.9975966161156,357.75488549577346,472.5257979546765,457.41991802874435,333.8659392943138,391.107496337838,485.81461738597596,422.07368915386456,428.2117221539891,286.7899230106988,310.8367745706553,485.2084796117536,455.14956352476804,449.45524870706214,426.6271761265375,387.95435675961147,344.7152788933313,266.7773240954273,482.44672809499036,479.3910746615821,433.3601042284166,462.71507922556,438.3107239065258,376.6180120051737,371.39987221614757,485.40682412874514,476.33200455338556,472.5722631190913,438.6510574391179,449.7295047018192,428.23972663676807,369.8126861375311,428.7422031086767,302.85559799728486,447.590637938198,416.1573199177331,327.10129148478165,431.4907331026554,436.9167019779112,450.2774174601278,411.5329393492601,361.42686348958955,449.88545601565426,464.10969913167537,383.5948221502253,61.75027685704651,476.9956311447239,476.3506243215418,472.8363495097653,399.610004837167,430.0480676201229,330.79650397800856,361.46933629248616,472.81773317041467,453.37665046375633,345.6560581841949,443.76405650159387,467.17692821289654,181.43930909079947,449.915948523547,466.321380205053,439.0306503352901,444.6617415965263,448.36504269272217,478.31780267096883,407.80476954208996,451.6923537184896,474.569996316524,230.24069804663569,427.73148331047287,426.0528490012698,225.29902980249537,370.19130298195404,330.8379878379363,352.7601453236895,399.6512887440392,337.3616113554747,451.11137883558723,444.67972235489185,404.8612698943025,249.37202376821,478.0914480974228,483.9965328936817,432.48264607723166,360.0353377981305,431.4129308949103,417.2138798578107,390.8233844484055,419.4319408651247,369.81970468190843,441.20544405858357,371.3969398879254,368.2506312839173,465.6852041579456,369.21788750707884,431.2014235095146,404.7250605720123,458.47827326214514,480.4045374203017,334.59739819086997,383.19053930022676,380.6546436278985,418.88029632584033,434.375202935332,465.216993743903,484.8461549436661,426.2345050126867,406.74602530056194,484.1009762339129,486.6588397782695,440.54239633565453,457.5872710511446,470.1523159072358,421.24645265192606,445.1212841514171,483.7537736946192,480.460829768312,256.8691528934223,336.9957992154869,420.90340272906707,433.5192005097892,375.49416309576804,341.1930655326817,492.3797209189242,491.39307802721515,319.5625543191868,484.0103638520502,432.8718666577188,471.8126626999334,449.3625925526957,198.58145076713973,401.8316985171921,404.62504518268406,467.0966995473217,373.13122851398384,406.6967771668967,403.38822324020947,271.2586637620612,469.90285790677467,368.84119628391505,479.11101200663904,168.873301480482,432.28231633491157,478.63966884368193,399.5148977606685,454.34143011525555,470.11691008348083,429.67388920756576,329.0883662631307,402.14293762023965,396.99380356190284,308.49474759109785,364.60997569186424,422.08290945986164,403.00337304392514,475.6559369027824,419.73112079240207,334.4865107200414,438.6134453576837,499.4837057940848,414.8223653119731,247.66140357239925,335.6450995205764,484.33817668239504,484.4657469999198,454.4352890376126,351.7035188709086,237.63940100573367,465.11471356252764,479.7341428560032,458.9869757538317,320.2581014390622,405.89579739706915,380.8227036578165,404.7325757177729,445.17054362325695,451.83814870737655,435.63053212067155,483.21452986711125,152.19814022705253,277.19619433471945,381.15044984064366,391.1159500648022,469.074651338662,388.50896587637664,406.09600217903494,446.505101995546,376.388449671829,389.0342116583279,274.78855367826
7,18,478.4488328568696,482.8321152697477,447.2287890280938,465.1596302728582,419.57819460169964,279.80007659312463,370.4024123808801,395.9282001328432,376.280949069441,258.575551103391,470.9975966161156,357.75488549577346,472.5257979546765,457.41991802874435,333.8659392943138,391.107496337838,485.81461738597596,422.07368915386456,428.2117221539891,286.7899230106988,310.8367745706553,485.2084796117536,455.14956352476804,449.45524870706214,426.6271761265375,387.95435675961147,344.7152788933313,266.7773240954273,482.44672809499036,479.3910746615821,433.3601042284166,462.71507922556,438.3107239065258,376.6180120051737,371.39987221614757,485.40682412874514,476.33200455338556,472.5722631190913,438.6510574391179,449.7295047018192,428.23972663676807,369.8126861375311,428.7422031086767,302.85559799728486,447.590637938198,416.1573199177331,327.10129148478165,431.4907331026554,436.9167019779112,450.2774174601278,411.5329393492601,361.42686348958955,449.88545601565426,464.10969913167537,383.5948221502253,61.75027685704651,476.9956311447239,476.3506243215418,472.8363495097653,399.610004837167,430.0480676201229,330.79650397800856,361.46933629248616,472.81773317041467,453.37665046375633,345.6560581841949,443.76405650159387,467.17692821289654,181.43930909079947,449.915948523547,466.321380205053,439.0306503352901,444.6617415965263,448.36504269272217,478.31780267096883,407.80476954208996,451.6923537184896,474.569996316524,230.24069804663569,427.73148331047287,426.0528490012698,225.29902980249537,370.19130298195404,330.8379878379363,352.7601453236895,399.6512887440392,337.3616113554747,451.11137883558723,444.67972235489185,404.8612698943025,249.37202376821,478.0914480974228,483.9965328936817,432.48264607723166,360.0353377981305,431.4129308949103,417.2138798578107,390.8233844484055,419.4319408651247,369.81970468190843,441.20544405858357,371.3969398879254,368.2506312839173,465.6852041579456,369.21788750707884,431.2014235095146,404.7250605720123,458.47827326214514,480.4045374203017,334.59739819086997,383.19053930022676,380.6546436278985,418.88029632584033,434.375202935332,465.216993743903,484.8461549436661,426.2345050126867,406.74602530056194,484.1009762339129,486.6588397782695,440.54239633565453,457.5872710511446,470.1523159072358,421.24645265192606,445.1212841514171,483.7537736946192,480.460829768312,256.8691528934223,336.9957992154869,420.90340272906707,433.5192005097892,375.49416309576804,341.1930655326817,492.3797209189242,491.39307802721515,319.5625543191868,484.0103638520502,432.8718666577188,471.8126626999334,449.3625925526957,198.58145076713973,401.8316985171921,404.62504518268406,467.0966995473217,373.13122851398384,406.6967771668967,403.38822324020947,271.2586637620612,469.90285790677467,368.84119628391505,479.11101200663904,168.873301480482,432.28231633491157,478.63966884368193,399.5148977606685,454.34143011525555,470.11691008348083,429.67388920756576,329.0883662631307,402.14293762023965,396.99380356190284,308.49474759109785,364.60997569186424,422.08290945986164,403.00337304392514,475.6559369027824,419.73112079240207,334.4865107200414,438.6134453576837,499.4837057940848,414.8223653119731,247.66140357239925,335.6450995205764,484.33817668239504,484.4657469999198,454.4352890376126,351.7035188709086,237.63940100573367,465.11471356252764,479.7341428560032,458.9869757538317,320.2581014390622,405.89579739706915,380.8227036578165,404.7325757177729,445.17054362325695,451.83814870737655,435.63053212067155,483.21452986711125,152.19814022705253,277.19619433471945,381.15044984064366,391.1159500648022,469.074651338662,388.50896587637664,406.09600217903494,446.505101995546,376.388449671829,389.0342116583279,274.78855367826
7,19,478.4488328568696,482.8321152697477,447.2287890280938,465.1596302728582,419.57819460169964,279.80007659312463,370.4024123808801,395.9282001328432,376.280949069441,258.575551103391,470.9975966161156,357.75488549577346,472.5257979546765,457.41991802874435,333.8659392943138,391.107496337838,485.81461738597596,422.07368915386456,428.2117221539891,286.7899230106988,310.8367745706553,485.2084796117536,455.14956352476804,449.45524870706214,426.6271761265375,387.95435675961147,344.7152788933313,266.7773240954273,482.44672809499036,479.3910746615821,433.3601042284166,462.71507922556,438.3107239065258,376.6180120051737,371.39987221614757,485.40682412874514,476.33200455338556,472.5722631190913,438.6510574391179,449.7295047018192,428.23972663676807,369.8126861375311,428.7422031086767,302.85559799728486,447.590637938198,416.1573199177331,327.10129148478165,431.4907331026554,436.9167019779112,450.2774174601278,411.5329393492601,361.42686348958955,449.88545601565426,464.10969913167537,383.5948221502253,61.75027685704651,476.9956311447239,476.3506243215418,472.8363495097653,399.610004837167,430.0480676201229,330.79650397800856,361.46933629248616,472.81773317041467,453.37665046375633,345.6560581841949,443.76405650159387,467.17692821289654,181.43930909079947,449.915948523547,466.321380205053,439.0306503352901,444.6617415965263,448.36504269272217,478.31780267096883,407.80476954208996,451.6923537184896,474.569996316524,230.24069804663569,427.73148331047287,426.0528490012698,225.29902980249537,370.19130298195404,330.8379878379363,352.7601453236895,399.6512887440392,337.3616113554747,451.11137883558723,444.67972235489185,404.8612698943025,249.37202376821,478.0914480974228,483.9965328936817,432.48264607723166,360.0353377981305,431.4129308949103,417.2138798578107,390.8233844484055,419.4319408651247,369.81970468190843,441.20544405858357,371.3969398879254,368.2506312839173,465.6852041579456,369.21788750707884,431.2014235095146,404.7250605720123,458.47827326214514,480.4045374203017,334.59739819086997,383.19053930022676,380.6546436278985,418.88029632584033,434.375202935332,465.216993743903,484.8461549436661,426.2345050126867,406.74602530056194,484.1009762339129,486.6588397782695,440.54239633565453,457.5872710511446,470.1523159072358,421.24645265192606,445.1212841514171,483.7537736946192,480.460829768312,256.8691528934223,336.9957992154869,420.90340272906707,433.5192005097892,375.49416309576804,341.1930655326817,492.3797209189242,491.39307802721515,319.5625543191868,484.0103638520502,432.8718666577188,471.8126626999334,449.3625925526957,198.58145076713973,401.8316985171921,404.62504518268406,467.0966995473217,373.13122851398384,406.6967771668967,403.38822324020947,271.2586637620612,469.90285790677467,368.84119628391505,479.11101200663904,168.873301480482,432.28231633491157,478.63966884368193,399.5148977606685,454.34143011525555,470.11691008348083,429.67388920756576,329.0883662631307,402.14293762023965,396.99380356190284,308.49474759109785,364.60997569186424,422.08290945986164,403.00337304392514,475.6559369027824,419.73112079240207,334.4865107200414,438.6134453576837,499.4837057940848,414.8223653119731,247.66140357239925,335.6450995205764,484.33817668239504,484.4657469999198,454.4352890376126,351.7035188709086,237.63940100573367,465.11471356252764,479.7341428560032,458.9869757538317,320.2581014390622,405.89579739706915,380.8227036578165,404.7325757177729,445.17054362325695,451.83814870737655,435.63053212067155,483.21452986711125,152.19814022705253,277.19619433471945,381.15044984064366,391.1159500648022,469.074651338662,388.50896587637664,406.09600217903494,446.505101995546,376.388449671829,389.0342116583279,274.78855367826
7,20,478.4488328568696,482.8321152697477,447.2287890280938,465.1596302728582,419.57819460169964,279.80007659312463,370.4024123808801,395.9282001328432,376.280949069441,258.575551103391,470.9975966161156,357.75488549577346,472.5257979546765,457.41991802874435,333.8659392943138,391.107496337838,485.81461738597596,422.07368915386456,428.2117221539891,286.7899230106988,310.8367745706553,485.2084796117536,455.14956352476804,449.45524870706214,426.6271761265375,387.95435675961147,344.7152788933313,266.7773240954273,482.44672809499036,479.3910746615821,433.3601042284166,462.71507922556,438.3107239065258,376.6180120051737,371.39987221614757,485.40682412874514,476.33200455338556,472.5722631190913,438.6510574391179,449.7295047018192,428.23972663676807,369.8126861375311,428.7422031086767,302.85559799728486,447.590637938198,416.1573199177331,327.10129148478165,431.4907331026554,436.9167019779112,450.2774174601278,411.5329393492601,361.42686348958955,449.88545601565426,464.10969913167537,383.5948221502253,61.75027685704651,476.9956311447239,476.3506243215418,472.8363495097653,399.610004837167,430.0480676201229,330.79650397800856,361.46933629248616,472.81773317041467,453.37665046375633,345.6560581841949,443.76405650159387,467.17692821289654,181.43930909079947,449.915948523547,466.321380205053,439.0306503352901,444.6617415965263,448.36504269272217,478.31780267096883,407.80476954208996,451.6923537184896,474.569996316524,230.24069804663569,427.73148331047287,426.0528490012698,225.29902980249537,370.19130298195404,330.8379878379363,352.7601453236895,399.6512887440392,337.3616113554747,451.11137883558723,444.67972235489185,404.8612698943025,249.37202376821,478.0914480974228,483.9965328936817,432.48264607723166,360.0353377981305,431.4129308949103,417.2138798578107,390.8233844484055,419.4319408651247,369.81970468190843,441.20544405858357,371.3969398879254,368.2506312839173,465.6852041579456,369.21788750707884,431.2014235095146,404.7250605720123,458.47827326214514,480.4045374203017,334.59739819086997,383.19053930022676,380.6546436278985,418.88029632584033,434.375202935332,465.216993743903,484.8461549436661,426.2345050126867,406.74602530056194,484.1009762339129,486.6588397782695,440.54239633565453,457.5872710511446,470.1523159072358,421.24645265192606,445.1212841514171,483.7537736946192,480.460829768312,256.8691528934223,336.9957992154869,420.90340272906707,433.5192005097892,375.49416309576804,341.1930655326817,492.3797209189242,491.39307802721515,319.5625543191868,484.0103638520502,432.8718666577188,471.8126626999334,449.3625925526957,198.58145076713973,401.8316985171921,404.62504518268406,467.0966995473217,373.13122851398384,406.6967771668967,403.38822324020947,271.2586637620612,469.90285790677467,368.84119628391505,479.11101200663904,168.873301480482,432.28231633491157,478.63966884368193,399.5148977606685,454.34143011525555,470.11691008348083,429.67388920756576,329.0883662631307,402.14293762023965,396.99380356190284,308.49474759109785,364.60997569186424,422.08290945986164,403.00337304392514,475.6559369027824,419.73112079240207,334.4865107200414,438.6134453576837,499.4837057940848,414.8223653119731,247.66140357239925,335.6450995205764,484.33817668239504,484.4657469999198,454.4352890376126,351.7035188709086,237.63940100573367,465.11471356252764,479.7341428560032,458.9869757538317,320.2581014390622,405.89579739706915,380.8227036578165,404.7325757177729,445.17054362325695,451.83814870737655,435.63053212067155,483.21452986711125,152.19814022705253,277.19619433471945,381.15044984064366,391.1159500648022,469.074651338662,388.50896587637664,406.09600217903494,446.505101995546,376.388449671829,389.0342116583279,274.78855367826
7,21,478.4488328568696,482.8321152697477,447.2287890280938,465.1596302728582,419.57819460169964,279.80007659312463,370.4024123808801,395.9282001328432,376.280949069441,258.575551103391,470.9975966161156,357.75488549577346,472.5257979546765,457.41991802874435,333.8659392943138,391.107496337838,485.81461738597596,422.07368915386456,428.2117221539891,286.7899230106988,310.8367745706553,485.2084796117536,455.14956352476804,449.45524870706214,426.6271761265375,387.95435675961147,344.7152788933313,266.7773240954273,482.44672809499036,479.3910746615821,433.3601042284166,462.71507922556,438.3107239065258,376.6180120051737,371.39987221614757,485.40682412874514,476.33200455338556,472.5722631190913,438.6510574391179,449.7295047018192,428.23972663676807,369.8126861375311,428.7422031086767,302.85559799728486,447.590637938198,416.1573199177331,327.10129148478165,431.4907331026554,436.9167019779112,450.2774174601278,411.5329393492601,361.42686348958955,449.88545601565426,464.10969913167537,383.5948221502253,61.75027685704651,476.9956311447239,476.3506243215418,472.8363495097653,399.610004837167,430.0480676201229,330.79650397800856,361.46933629248616,472.81773317041467,453.37665046375633,345.6560581841949,443.76405650159387,467.17692821289654,181.43930909079947,449.915948523547,466.321380205053,439.0306503352901,444.6617415965263,448.36504269272217,478.31780267096883,407.80476954208996,451.6923537184896,474.569996316524,230.24069804663569,427.73148331047287,426.0528490012698,225.29902980249537,370.19130298195404,330.8379878379363,352.7601453236895,399.6512887440392,337.3616113554747,451.11137883558723,444.67972235489185,404.8612698943025,249.37202376821,478.0914480974228,483.9965328936817,432.48264607723166,360.0353377981305,431.4129308949103,417.2138798578107,390.8233844484055,419.4319408651247,369.81970468190843,441.20544405858357,371.3969398879254,368.2506312839173,465.6852041579456,369.21788750707884,431.2014235095146,404.7250605720123,458.47827326214514,480.4045374203017,334.59739819086997,383.19053930022676,380.6546436278985,418.88029632584033,434.375202935332,465.216993743903,484.8461549436661,426.2345050126867,406.74602530056194,484.1009762339129,486.6588397782695,440.54239633565453,457.5872710511446,470.1523159072358,421.24645265192606,445.1212841514171,483.7537736946192,480.460829768312,256.8691528934223,336.9957992154869,420.90340272906707,433.5192005097892,375.49416309576804,341.1930655326817,492.3797209189242,491.39307802721515,319.5625543191868,484.0103638520502,432.8718666577188,471.8126626999334,449.3625925526957,198.58145076713973,401.8316985171921,404.62504518268406,467.0966995473217,373.13122851398384,406.6967771668967,403.38822324020947,271.2586637620612,469.90285790677467,368.84119628391505,479.11101200663904,168.873301480482,432.28231633491157,478.63966884368193,399.5148977606685,454.34143011525555,470.11691008348083,429.67388920756576,329.0883662631307,402.14293762023965,396.99380356190284,308.49474759109785,364.60997569186424,422.08290945986164,403.00337304392514,475.6559369027824,419.73112079240207,334.4865107200414,438.6134453576837,499.4837057940848,414.8223653119731,247.66140357239925,335.6450995205764,484.33817668239504,484.4657469999198,454.4352890376126,351.7035188709086,237.63940100573367,465.11471356252764,479.7341428560032,458.9869757538317,320.2581014390622,405.89579739706915,380.8227036578165,404.7325757177729,445.17054362325695,451.83814870737655,435.63053212067155,483.21452986711125,152.19814022705253,277.19619433471945,381.15044984064366,391.1159500648022,469.074651338662,388.50896587637664,406.09600217903494,446.505101995546,376.388449671829,389.0342116583279,274.78855367826
7,22,478.4488328568696,482.8321152697477,447.2287890280938,465.1596302728582,419.57819460169964,279.80007659312463,370.4024123808801,395.9282001328432,376.280949069441,258.575551103391,470.9975966161156,357.75488549577346,472.5257979546765,457.41991802874435,333.8659392943138,391.107496337838,485.81461738597596,422.07368915386456,428.2117221539891,286.7899230106988,310.8367745706553,485.2084796117536,455.14956352476804,449.45524870706214,426.6271761265375,387.95435675961147,344.7152788933313,266.7773240954273,482.44672809499036,479.3910746615821,433.3601042284166,462.71507922556,438.3107239065258,376.6180120051737,371.39987221614757,485.40682412874514,476.33200455338556,472.5722631190913,438.6510574391179,449.7295047018192,428.23972663676807,369.8126861375311,428.7422031086767,302.85559799728486,447.590637938198,416.1573199177331,327.10129148478165,431.4907331026554,436.9167019779112,450.2774174601278,411.5329393492601,361.42686348958955,449.88545601565426,464.10969913167537,383.5948221502253,61.75027685704651,476.9956311447239,476.3506243215418,472.8363495097653,399.610004837167,430.0480676201229,330.79650397800856,361.46933629248616,472.81773317041467,453.37665046375633,345.6560581841949,443.76405650159387,467.17692821289654,181.43930909079947,449.915948523547,466.321380205053,439.0306503352901,444.6617415965263,448.36504269272217,478.31780267096883,407.80476954208996,451.6923537184896,474.569996316524,230.24069804663569,427.73148331047287,426.0528490012698,225.29902980249537,370.19130298195404,330.8379878379363,352.7601453236895,399.6512887440392,337.3616113554747,451.11137883558723,444.67972235489185,404.8612698943025,249.37202376821,478.0914480974228,483.9965328936817,432.48264607723166,360.0353377981305,431.4129308949103,417.2138798578107,390.8233844484055,419.4319408651247,369.81970468190843,441.20544405858357,371.3969398879254,368.2506312839173,465.6852041579456,369.21788750707884,431.2014235095146,404.7250605720123,458.47827326214514,480.4045374203017,334.59739819086997,383.19053930022676,380.6546436278985,418.88029632584033,434.375202935332,465.216993743903,484.8461549436661,426.2345050126867,406.74602530056194,484.1009762339129,486.6588397782695,440.54239633565453,457.5872710511446,470.1523159072358,421.24645265192606,445.1212841514171,483.7537736946192,480.460829768312,256.8691528934223,336.9957992154869,420.90340272906707,433.5192005097892,375.49416309576804,341.1930655326817,492.3797209189242,491.39307802721515,319.5625543191868,484.0103638520502,432.8718666577188,471.8126626999334,449.3625925526957,198.58145076713973,401.8316985171921,404.62504518268406,467.0966995473217,373.13122851398384,406.6967771668967,403.38822324020947,271.2586637620612,469.90285790677467,368.84119628391505,479.11101200663904,168.873301480482,432.28231633491157,478.63966884368193,399.5148977606685,454.34143011525555,470.11691008348083,429.67388920756576,329.0883662631307,402.14293762023965,396.99380356190284,308.49474759109785,364.60997569186424,422.08290945986164,403.00337304392514,475.6559369027824,419.73112079240207,334.4865107200414,438.6134453576837,499.4837057940848,414.8223653119731,247.66140357239925,335.6450995205764,484.33817668239504,484.4657469999198,454.4352890376126,351.7035188709086,237.63940100573367,465.11471356252764,479.7341428560032,458.9869757538317,320.2581014390622,405.89579739706915,380.8227036578165,404.7325757177729,445.17054362325695,451.83814870737655,435.63053212067155,483.21452986711125,152.19814022705253,277.19619433471945,381.15044984064366,391.1159500648022,469.074651338662,388.50896587637664,406.09600217903494,446.505101995546,376.388449671829,389.0342116583279,274.78855367826
7,23,478.4488328568696,482.8321152697477,447.2287890280938,465.1596302728582,419.57819460169964,279.80007659312463,370.4024123808801,395.9282001328432,376.280949069441,258.575551103391,470.9975966161156,357.75488549577346,472.5257979546765,457.41991802874435,333.8659392943138,391.107496337838,485.81461738597596,422.07368915386456,428.2117221539891,286.7899230106988,310.8367745706553,485.2084796117536,455.14956352476804,449.45524870706214,426.6271761265375,387.95435675961147,344.7152788933313,266.7773240954273,482.44672809499036,479.3910746615821,433.3601042284166,462.71507922556,438.3107239065258,376.6180120051737,371.39987221614757,485.40682412874514,476.33200455338556,472.5722631190913,438.6510574391179,449.7295047018192,428.23972663676807,369.8126861375311,428.7422031086767,302.85559799728486,447.590637938198,416.1573199177331,327.10129148478165,431.4907331026554,436.9167019779112,450.2774174601278,411.5329393492601,361.42686348958955,449.88545601565426,464.10969913167537,383.5948221502253,61.75027685704651,476.9956311447239,476.3506243215418,472.8363495097653,399.610004837167,430.0480676201229,330.79650397800856,361.46933629248616,472.81773317041467,453.37665046375633,345.6560581841949,443.76405650159387,467.17692821289654,181.43930909079947,449.915948523547,466.321380205053,439.0306503352901,444.6617415965263,448.36504269272217,478.31780267096883,407.80476954208996,451.6923537184896,474.569996316524,230.24069804663569,427.73148331047287,426.0528490012698,225.29902980249537,370.19130298195404,330.8379878379363,352.7601453236895,399.6512887440392,337.3616113554747,451.11137883558723,444.67972235489185,404.8612698943025,249.37202376821,478.0914480974228,483.9965328936817,432.48264607723166,360.0353377981305,431.4129308949103,417.2138798578107,390.8233844484055,419.4319408651247,369.81970468190843,441.20544405858357,371.3969398879254,368.2506312839173,465.6852041579456,369.21788750707884,431.2014235095146,404.7250605720123,458.47827326214514,480.4045374203017,334.59739819086997,383.19053930022676,380.6546436278985,418.88029632584033,434.375202935332,465.216993743903,484.8461549436661,426.2345050126867,406.74602530056194,484.1009762339129,486.6588397782695,440.54239633565453,457.5872710511446,470.1523159072358,421.24645265192606,445.1212841514171,483.7537736946192,480.460829768312,256.8691528934223,336.9957992154869,420.90340272906707,433.5192005097892,375.49416309576804,341.1930655326817,492.3797209189242,491.39307802721515,319.5625543191868,484.0103638520502,432.8718666577188,471.8126626999334,449.3625925526957,198.58145076713973,401.8316985171921,404.62504518268406,467.0966995473217,373.13122851398384,406.6967771668967,403.38822324020947,271.2586637620612,469.90285790677467,368.84119628391505,479.11101200663904,168.873301480482,432.28231633491157,478.63966884368193,399.5148977606685,454.34143011525555,470.11691008348083,429.67388920756576,329.0883662631307,402.14293762023965,396.99380356190284,308.49474759109785,364.60997569186424,422.08290945986164,403.00337304392514,475.6559369027824,419.73112079240207,334.4865107200414,438.6134453576837,499.4837057940848,414.8223653119731,247.66140357239925,335.6450995205764,484.33817668239504,484.4657469999198,454.4352890376126,351.7035188709086,237.63940100573367,465.11471356252764,479.7341428560032,458.9869757538317,320.2581014390622,405.89579739706915,380.8227036578165,404.7325757177729,445.17054362325695,451.83814870737655,435.63053212067155,483.21452986711125,152.19814022705253,277.19619433471945,381.15044984064366,391.1159500648022,469.074651338662,388.50896587637664,406.09600217903494,446.505101995546,376.388449671829,389.0342116583279,274.78855367826
7,24,478.4488328568696,482.8321152697477,447.2287890280938,465.1596302728582,419.57819460169964,279.80007659312463,370.4024123808801,395.9282001328432,376.280949069441,258.575551103391,470.9975966161156,357.75488549577346,472.5257979546765,457.41991802874435,333.8659392943138,391.107496337838,485.81461738597596,422.07368915386456,428.2117221539891,286.7899230106988,310.8367745706553,485.2084796117536,455.14956352476804,449.45524870706214,426.6271761265375,387.95435675961147,344.7152788933313,266.7773240954273,482.44672809499036,479.3910746615821,433.3601042284166,462.71507922556,438.3107239065258,376.6180120051737,371.39987221614757,485.40682412874514,476.33200455338556,472.5722631190913,438.6510574391179,449.7295047018192,428.23972663676807,369.8126861375311,428.7422031086767,302.85559799728486,447.590637938198,416.1573199177331,327.10129148478165,431.4907331026554,436.9167019779112,450.2774174601278,411.5329393492601,361.42686348958955,449.88545601565426,464.10969913167537,383.5948221502253,61.75027685704651,476.9956311447239,476.3506243215418,472.8363495097653,399.610004837167,430.0480676201229,330.79650397800856,361.46933629248616,472.81773317041467,453.37665046375633,345.6560581841949,443.76405650159387,467.17692821289654,181.43930909079947,449.915948523547,466.321380205053,439.0306503352901,444.6617415965263,448.36504269272217,478.31780267096883,407.80476954208996,451.6923537184896,474.569996316524,230.24069804663569,427.73148331047287,426.0528490012698,225.29902980249537,370.19130298195404,330.8379878379363,352.7601453236895,399.6512887440392,337.3616113554747,451.11137883558723,444.67972235489185,404.8612698943025,249.37202376821,478.0914480974228,483.9965328936817,432.48264607723166,360.0353377981305,431.4129308949103,417.2138798578107,390.8233844484055,419.4319408651247,369.81970468190843,441.20544405858357,371.3969398879254,368.2506312839173,465.6852041579456,369.21788750707884,431.2014235095146,404.7250605720123,458.47827326214514,480.4045374203017,334.59739819086997,383.19053930022676,380.6546436278985,418.88029632584033,434.375202935332,465.216993743903,484.8461549436661,426.2345050126867,406.74602530056194,484.1009762339129,486.6588397782695,440.54239633565453,457.5872710511446,470.1523159072358,421.24645265192606,445.1212841514171,483.7537736946192,480.460829768312,256.8691528934223,336.9957992154869,420.90340272906707,433.5192005097892,375.49416309576804,341.1930655326817,492.3797209189242,491.39307802721515,319.5625543191868,484.0103638520502,432.8718666577188,471.8126626999334,449.3625925526957,198.58145076713973,401.8316985171921,404.62504518268406,467.0966995473217,373.13122851398384,406.6967771668967,403.38822324020947,271.2586637620612,469.90285790677467,368.84119628391505,479.11101200663904,168.873301480482,432.28231633491157,478.63966884368193,399.5148977606685,454.34143011525555,470.11691008348083,429.67388920756576,329.0883662631307,402.14293762023965,396.99380356190284,308.49474759109785,364.60997569186424,422.08290945986164,403.00337304392514,475.6559369027824,419.73112079240207,334.4865107200414,438.6134453576837,499.4837057940848,414.8223653119731,247.66140357239925,335.6450995205764,484.33817668239504,484.4657469999198,454.4352890376126,351.7035188709086,237.63940100573367,465.11471356252764,479.7341428560032,458.9869757538317,320.2581014390622,405.89579739706915,380.8227036578165,404.7325757177729,445.17054362325695,451.83814870737655,435.63053212067155,483.21452986711125,152.19814022705253,277.19619433471945,381.15044984064366,391.1159500648022,469.074651338662,388.50896587637664,406.09600217903494,446.505101995546,376.388449671829,389.0342116583279,274.78855367826
7,25,478.4488328568696,482.8321152697477,447.2287890280938,465.1596302728582,419.57819460169964,279.80007659312463,370.4024123808801,395.9282001328432,376.280949069441,258.575551103391,470.9975966161156,357.75488549577346,472.5257979546765,457.41991802874435,333.8659392943138,391.107496337838,485.81461738597596,422.07368915386456,428.2117221539891,286.7899230106988,310.8367745706553,485.2084796117536,455.14956352476804,449.45524870706214,426.6271761265375,387.95435675961147,344.7152788933313,266.7773240954273,482.44672809499036,479.3910746615821,433.3601042284166,462.71507922556,438.3107239065258,376.6180120051737,371.39987221614757,485.40682412874514,476.33200455338556,472.5722631190913,438.6510574391179,449.7295047018192,428.23972663676807,369.8126861375311,428.7422031086767,302.85559799728486,447.590637938198,416.1573199177331,327.10129148478165,431.4907331026554,436.9167019779112,450.2774174601278,411.5329393492601,361.42686348958955,449.88545601565426,464.10969913167537,383.5948221502253,61.75027685704651,476.9956311447239,476.3506243215418,472.8363495097653,399.610004837167,430.0480676201229,330.79650397800856,361.46933629248616,472.81773317041467,453.37665046375633,345.6560581841949,443.76405650159387,467.17692821289654,181.43930909079947,449.915948523547,466.321380205053,439.0306503352901,444.6617415965263,448.36504269272217,478.31780267096883,407.80476954208996,451.6923537184896,474.569996316524,230.24069804663569,427.73148331047287,426.0528490012698,225.29902980249537,370.19130298195404,330.8379878379363,352.7601453236895,399.6512887440392,337.3616113554747,451.11137883558723,444.67972235489185,404.8612698943025,249.37202376821,478.0914480974228,483.9965328936817,432.48264607723166,360.0353377981305,431.4129308949103,417.2138798578107,390.8233844484055,419.4319408651247,369.81970468190843,441.20544405858357,371.3969398879254,368.2506312839173,465.6852041579456,369.21788750707884,431.2014235095146,404.7250605720123,458.47827326214514,480.4045374203017,334.59739819086997,383.19053930022676,380.6546436278985,418.88029632584033,434.375202935332,465.216993743903,484.8461549436661,426.2345050126867,406.74602530056194,484.1009762339129,486.6588397782695,440.54239633565453,457.5872710511446,470.1523159072358,421.24645265192606,445.1212841514171,483.7537736946192,480.460829768312,256.8691528934223,336.9957992154869,420.90340272906707,433.5192005097892,375.49416309576804,341.1930655326817,492.3797209189242,491.39307802721515,319.5625543191868,484.0103638520502,432.8718666577188,471.8126626999334,449.3625925526957,198.58145076713973,401.8316985171921,404.62504518268406,467.0966995473217,373.13122851398384,406.6967771668967,403.38822324020947,271.2586637620612,469.90285790677467,368.84119628391505,479.11101200663904,168.873301480482,432.28231633491157,478.63966884368193,399.5148977606685,454.34143011525555,470.11691008348083,429.67388920756576,329.0883662631307,402.14293762023965,396.99380356190284,308.49474759109785,364.60997569186424,422.08290945986164,403.00337304392514,475.6559369027824,419.73112079240207,334.4865107200414,438.6134453576837,499.4837057940848,414.8223653119731,247.66140357239925,335.6450995205764,484.33817668239504,484.4657469999198,454.4352890376126,351.7035188709086,237.63940100573367,465.11471356252764,479.7341428560032,458.9869757538317,320.2581014390622,405.89579739706915,380.8227036578165,404.7325757177729,445.17054362325695,451.83814870737655,435.63053212067155,483.21452986711125,152.19814022705253,277.19619433471945,381.15044984064366,391.1159500648022,469.074651338662,388.50896587637664,406.09600217903494,446.505101995546,376.388449671829,389.0342116583279,274.78855367826
7,26,478.4488328568696,482.8321152697477,447.2287890280938,465.1596302728582,419.57819460169964,279.80007659312463,370.4024123808801,395.9282001328432,376.280949069441,258.575551103391,470.9975966161156,357.75488549577346,472.5257979546765,457.41991802874435,333.8659392943138,391.107496337838,485.81461738597596,422.07368915386456,428.2117221539891,286.7899230106988,310.8367745706553,485.2084796117536,455.14956352476804,449.45524870706214,426.6271761265375,387.95435675961147,344.7152788933313,266.7773240954273,482.44672809499036,479.3910746615821,433.3601042284166,462.71507922556,438.3107239065258,376.6180120051737,371.39987221614757,485.40682412874514,476.33200455338556,472.5722631190913,438.6510574391179,449.7295047018192,428.23972663676807,369.8126861375311,428.7422031086767,302.85559799728486,447.590637938198,416.1573199177331,327.10129148478165,431.4907331026554,436.9167019779112,450.2774174601278,411.5329393492601,361.42686348958955,449.88545601565426,464.10969913167537,383.5948221502253,61.75027685704651,476.9956311447239,476.3506243215418,472.8363495097653,399.610004837167,430.0480676201229,330.79650397800856,361.46933629248616,472.81773317041467,453.37665046375633,345.6560581841949,443.76405650159387,467.17692821289654,181.43930909079947,449.915948523547,466.321380205053,439.0306503352901,444.6617415965263,448.36504269272217,478.31780267096883,407.80476954208996,451.6923537184896,474.569996316524,230.24069804663569,427.73148331047287,426.0528490012698,225.29902980249537,370.19130298195404,330.8379878379363,352.7601453236895,399.6512887440392,337.3616113554747,451.11137883558723,444.67972235489185,404.8612698943025,249.37202376821,478.0914480974228,483.9965328936817,432.48264607723166,360.0353377981305,431.4129308949103,417.2138798578107,390.8233844484055,419.4319408651247,369.81970468190843,441.20544405858357,371.3969398879254,368.2506312839173,465.6852041579456,369.21788750707884,431.2014235095146,404.7250605720123,458.47827326214514,480.4045374203017,334.59739819086997,383.19053930022676,380.6546436278985,418.88029632584033,434.375202935332,465.216993743903,484.8461549436661,426.2345050126867,406.74602530056194,484.1009762339129,486.6588397782695,440.54239633565453,457.5872710511446,470.1523159072358,421.24645265192606,445.1212841514171,483.7537736946192,480.460829768312,256.8691528934223,336.9957992154869,420.90340272906707,433.5192005097892,375.49416309576804,341.1930655326817,492.3797209189242,491.39307802721515,319.5625543191868,484.0103638520502,432.8718666577188,471.8126626999334,449.3625925526957,198.58145076713973,401.8316985171921,404.62504518268406,467.0966995473217,373.13122851398384,406.6967771668967,403.38822324020947,271.2586637620612,469.90285790677467,368.84119628391505,479.11101200663904,168.873301480482,432.28231633491157,478.63966884368193,399.5148977606685,454.34143011525555,470.11691008348083,429.67388920756576,329.0883662631307,402.14293762023965,396.99380356190284,308.49474759109785,364.60997569186424,422.08290945986164,403.00337304392514,475.6559369027824,419.73112079240207,334.4865107200414,438.6134453576837,499.4837057940848,414.8223653119731,247.66140357239925,335.6450995205764,484.33817668239504,484.4657469999198,454.4352890376126,351.7035188709086,237.63940100573367,465.11471356252764,479.7341428560032,458.9869757538317,320.2581014390622,405.89579739706915,380.8227036578165,404.7325757177729,445.17054362325695,451.83814870737655,435.63053212067155,483.21452986711125,152.19814022705253,277.19619433471945,381.15044984064366,391.1159500648022,469.074651338662,388.50896587637664,406.09600217903494,446.505101995546,376.388449671829,389.0342116583279,274.78855367826
7,27,478.4488328568696,482.8321152697477,447.2287890280938,465.1596302728582,419.57819460169964,279.80007659312463,370.4024123808801,395.9282001328432,376.280949069441,258.575551103391,470.9975966161156,357.75488549577346,472.5257979546765,457.41991802874435,333.8659392943138,391.107496337838,485.81461738597596,422.07368915386456,428.2117221539891,286.7899230106988,310.8367745706553,485.2084796117536,455.14956352476804,449.45524870706214,426.6271761265375,387.95435675961147,344.7152788933313,266.7773240954273,482.44672809499036,479.3910746615821,433.3601042284166,462.71507922556,438.3107239065258,376.6180120051737,371.39987221614757,485.40682412874514,476.33200455338556,472.5722631190913,438.6510574391179,449.7295047018192,428.23972663676807,369.8126861375311,428.7422031086767,302.85559799728486,447.590637938198,416.1573199177331,327.10129148478165,431.4907331026554,436.9167019779112,450.2774174601278,411.5329393492601,361.42686348958955,449.88545601565426,464.10969913167537,383.5948221502253,61.75027685704651,476.9956311447239,476.3506243215418,472.8363495097653,399.610004837167,430.0480676201229,330.79650397800856,361.46933629248616,472.81773317041467,453.37665046375633,345.6560581841949,443.76405650159387,467.17692821289654,181.43930909079947,449.915948523547,466.321380205053,439.0306503352901,444.6617415965263,448.36504269272217,478.31780267096883,407.80476954208996,451.6923537184896,474.569996316524,230.24069804663569,427.73148331047287,426.0528490012698,225.29902980249537,370.19130298195404,330.8379878379363,352.7601453236895,399.6512887440392,337.3616113554747,451.11137883558723,444.67972235489185,404.8612698943025,249.37202376821,478.0914480974228,483.9965328936817,432.48264607723166,360.0353377981305,431.4129308949103,417.2138798578107,390.8233844484055,419.4319408651247,369.81970468190843,441.20544405858357,371.3969398879254,368.2506312839173,465.6852041579456,369.21788750707884,431.2014235095146,404.7250605720123,458.47827326214514,480.4045374203017,334.59739819086997,383.19053930022676,380.6546436278985,418.88029632584033,434.375202935332,465.216993743903,484.8461549436661,426.2345050126867,406.74602530056194,484.1009762339129,486.6588397782695,440.54239633565453,457.5872710511446,470.1523159072358,421.24645265192606,445.1212841514171,483.7537736946192,480.460829768312,256.8691528934223,336.9957992154869,420.90340272906707,433.5192005097892,375.49416309576804,341.1930655326817,492.3797209189242,491.39307802721515,319.5625543191868,484.0103638520502,432.8718666577188,471.8126626999334,449.3625925526957,198.58145076713973,401.8316985171921,404.62504518268406,467.0966995473217,373.13122851398384,406.6967771668967,403.38822324020947,271.2586637620612,469.90285790677467,368.84119628391505,479.11101200663904,168.873301480482,432.28231633491157,478.63966884368193,399.5148977606685,454.34143011525555,470.11691008348083,429.67388920756576,329.0883662631307,402.14293762023965,396.99380356190284,308.49474759109785,364.60997569186424,422.08290945986164,403.00337304392514,475.6559369027824,419.73112079240207,334.4865107200414,438.6134453576837,499.4837057940848,414.8223653119731,247.66140357239925,335.6450995205764,484.33817668239504,484.4657469999198,454.4352890376126,351.7035188709086,237.63940100573367,465.11471356252764,479.7341428560032,458.9869757538317,320.2581014390622,405.89579739706915,380.8227036578165,404.7325757177729,445.17054362325695,451.83814870737655,435.63053212067155,483.21452986711125,152.19814022705253,277.19619433471945,381.15044984064366,391.1159500648022,469.074651338662,388.50896587637664,406.09600217903494,446.505101995546,376.388449671829,389.0342116583279,274.78855367826
7,28,478.4488328568696,482.8321152697477,447.2287890280938,465.1596302728582,419.57819460169964,279.80007659312463,370.4024123808801,395.9282001328432,376.280949069441,258.575551103391,470.9975966161156,357.75488549577346,472.5257979546765,457.41991802874435,333.8659392943138,391.107496337838,485.81461738597596,422.07368915386456,428.2117221539891,286.7899230106988,310.8367745706553,485.2084796117536,455.14956352476804,449.45524870706214,426.6271761265375,387.95435675961147,344.7152788933313,266.7773240954273,482.44672809499036,479.3910746615821,433.3601042284166,462.71507922556,438.3107239065258,376.6180120051737,371.39987221614757,485.40682412874514,476.33200455338556,472.5722631190913,438.6510574391179,449.7295047018192,428.23972663676807,369.8126861375311,428.7422031086767,302.85559799728486,447.590637938198,416.1573199177331,327.10129148478165,431.4907331026554,436.9167019779112,450.2774174601278,411.5329393492601,361.42686348958955,449.88545601565426,464.10969913167537,383.5948221502253,61.75027685704651,476.9956311447239,476.3506243215418,472.8363495097653,399.610004837167,430.0480676201229,330.79650397800856,361.46933629248616,472.81773317041467,453.37665046375633,345.6560581841949,443.76405650159387,467.17692821289654,181.43930909079947,449.915948523547,466.321380205053,439.0306503352901,444.6617415965263,448.36504269272217,478.31780267096883,407.80476954208996,451.6923537184896,474.569996316524,230.24069804663569,427.73148331047287,426.0528490012698,225.29902980249537,370.19130298195404,330.8379878379363,352.7601453236895,399.6512887440392,337.3616113554747,451.11137883558723,444.67972235489185,404.8612698943025,249.37202376821,478.0914480974228,483.9965328936817,432.48264607723166,360.0353377981305,431.4129308949103,417.2138798578107,390.8233844484055,419.4319408651247,369.81970468190843,441.20544405858357,371.3969398879254,368.2506312839173,465.6852041579456,369.21788750707884,431.2014235095146,404.7250605720123,458.47827326214514,480.4045374203017,334.59739819086997,383.19053930022676,380.6546436278985,418.88029632584033,434.375202935332,465.216993743903,484.8461549436661,426.2345050126867,406.74602530056194,484.1009762339129,486.6588397782695,440.54239633565453,457.5872710511446,470.1523159072358,421.24645265192606,445.1212841514171,483.7537736946192,480.460829768312,256.8691528934223,336.9957992154869,420.90340272906707,433.5192005097892,375.49416309576804,341.1930655326817,492.3797209189242,491.39307802721515,319.5625543191868,484.0103638520502,432.8718666577188,471.8126626999334,449.3625925526957,198.58145076713973,401.8316985171921,404.62504518268406,467.0966995473217,373.13122851398384,406.6967771668967,403.38822324020947,271.2586637620612,469.90285790677467,368.84119628391505,479.11101200663904,168.873301480482,432.28231633491157,478.63966884368193,399.5148977606685,454.34143011525555,470.11691008348083,429.67388920756576,329.0883662631307,402.14293762023965,396.99380356190284,308.49474759109785,364.60997569186424,422.08290945986164,403.00337304392514,475.6559369027824,419.73112079240207,334.4865107200414,438.6134453576837,499.4837057940848,414.8223653119731,247.66140357239925,335.6450995205764,484.33817668239504,484.4657469999198,454.4352890376126,351.7035188709086,237.63940100573367,465.11471356252764,479.7341428560032,458.9869757538317,320.2581014390622,405.89579739706915,380.8227036578165,404.7325757177729,445.17054362325695,451.83814870737655,435.63053212067155,483.21452986711125,152.19814022705253,277.19619433471945,381.15044984064366,391.1159500648022,469.074651338662,388.50896587637664,406.09600217903494,446.505101995546,376.388449671829,389.0342116583279,274.78855367826
7,29,478.4488328568696,482.8321152697477,447.2287890280938,465.1596302728582,419.57819460169964,279.80007659312463,370.4024123808801,395.9282001328432,376.280949069441,258.575551103391,470.9975966161156,357.75488549577346,472.5257979546765,457.41991802874435,333.8659392943138,391.107496337838,485.81461738597596,422.07368915386456,428.2117221539891,286.7899230106988,310.8367745706553,485.2084796117536,455.14956352476804,449.45524870706214,426.6271761265375,387.95435675961147,344.7152788933313,266.7773240954273,482.44672809499036,479.3910746615821,433.3601042284166,462.71507922556,438.3107239065258,376.6180120051737,371.39987221614757,485.40682412874514,476.33200455338556,472.5722631190913,438.6510574391179,449.7295047018192,428.23972663676807,369.8126861375311,428.7422031086767,302.85559799728486,447.590637938198,416.1573199177331,327.10129148478165,431.4907331026554,436.9167019779112,450.2774174601278,411.5329393492601,361.42686348958955,449.88545601565426,464.10969913167537,383.5948221502253,61.75027685704651,476.9956311447239,476.3506243215418,472.8363495097653,399.610004837167,430.0480676201229,330.79650397800856,361.46933629248616,472.81773317041467,453.37665046375633,345.6560581841949,443.76405650159387,467.17692821289654,181.43930909079947,449.915948523547,466.321380205053,439.0306503352901,444.6617415965263,448.36504269272217,478.31780267096883,407.80476954208996,451.6923537184896,474.569996316524,230.24069804663569,427.73148331047287,426.0528490012698,225.29902980249537,370.19130298195404,330.8379878379363,352.7601453236895,399.6512887440392,337.3616113554747,451.11137883558723,444.67972235489185,404.8612698943025,249.37202376821,478.0914480974228,483.9965328936817,432.48264607723166,360.0353377981305,431.4129308949103,417.2138798578107,390.8233844484055,419.4319408651247,369.81970468190843,441.20544405858357,371.3969398879254,368.2506312839173,465.6852041579456,369.21788750707884,431.2014235095146,404.7250605720123,458.47827326214514,480.4045374203017,334.59739819086997,383.19053930022676,380.6546436278985,418.88029632584033,434.375202935332,465.216993743903,484.8461549436661,426.2345050126867,406.74602530056194,484.1009762339129,486.6588397782695,440.54239633565453,457.5872710511446,470.1523159072358,421.24645265192606,445.1212841514171,483.7537736946192,480.460829768312,256.8691528934223,336.9957992154869,420.90340272906707,433.5192005097892,375.49416309576804,341.1930655326817,492.3797209189242,491.39307802721515,319.5625543191868,484.0103638520502,432.8718666577188,471.8126626999334,449.3625925526957,198.58145076713973,401.8316985171921,404.62504518268406,467.0966995473217,373.13122851398384,406.6967771668967,403.38822324020947,271.2586637620612,469.90285790677467,368.84119628391505,479.11101200663904,168.873301480482,432.28231633491157,478.63966884368193,399.5148977606685,454.34143011525555,470.11691008348083,429.67388920756576,329.0883662631307,402.14293762023965,396.99380356190284,308.49474759109785,364.60997569186424,422.08290945986164,403.00337304392514,475.6559369027824,419.73112079240207,334.4865107200414,438.6134453576837,499.4837057940848,414.8223653119731,247.66140357239925,335.6450995205764,484.33817668239504,484.4657469999198,454.4352890376126,351.7035188709086,237.63940100573367,465.11471356252764,479.7341428560032,458.9869757538317,320.2581014390622,405.89579739706915,380.8227036578165,404.7325757177729,445.17054362325695,451.83814870737655,435.63053212067155,483.21452986711125,152.19814022705253,277.19619433471945,381.15044984064366,391.1159500648022,469.074651338662,388.50896587637664,406.09600217903494,446.505101995546,376.388449671829,389.0342116583279,274.78855367826
7,30,478.4488328568696,482.8321152697477,447.2287890280938,465.1596302728582,419.57819460169964,279.80007659312463,370.4024123808801,395.9282001328432,376.280949069441,258.575551103391,470.9975966161156,357.75488549577346,472.5257979546765,457.41991802874435,333.8659392943138,391.107496337838,485.81461738597596,422.07368915386456,428.2117221539891,286.7899230106988,310.8367745706553,485.2084796117536,455.14956352476804,449.45524870706214,426.6271761265375,387.95435675961147,344.7152788933313,266.7773240954273,482.44672809499036,479.3910746615821,433.3601042284166,462.71507922556,438.3107239065258,376.6180120051737,371.39987221614757,485.40682412874514,476.33200455338556,472.5722631190913,438.6510574391179,449.7295047018192,428.23972663676807,369.8126861375311,428.7422031086767,302.85559799728486,447.590637938198,416.1573199177331,327.10129148478165,431.4907331026554,436.9167019779112,450.2774174601278,411.5329393492601,361.42686348958955,449.88545601565426,464.10969913167537,383.5948221502253,61.75027685704651,476.9956311447239,476.3506243215418,472.8363495097653,399.610004837167,430.0480676201229,330.79650397800856,361.46933629248616,472.81773317041467,453.37665046375633,345.6560581841949,443.76405650159387,467.17692821289654,181.43930909079947,449.915948523547,466.321380205053,439.0306503352901,444.6617415965263,448.36504269272217,478.31780267096883,407.80476954208996,451.6923537184896,474.569996316524,230.24069804663569,427.73148331047287,426.0528490012698,225.29902980249537,370.19130298195404,330.8379878379363,352.7601453236895,399.6512887440392,337.3616113554747,451.11137883558723,444.67972235489185,404.8612698943025,249.37202376821,478.0914480974228,483.9965328936817,432.48264607723166,360.0353377981305,431.4129308949103,417.2138798578107,390.8233844484055,419.4319408651247,369.81970468190843,441.20544405858357,371.3969398879254,368.2506312839173,465.6852041579456,369.21788750707884,431.2014235095146,404.7250605720123,458.47827326214514,480.4045374203017,334.59739819086997,383.19053930022676,380.6546436278985,418.88029632584033,434.375202935332,465.216993743903,484.8461549436661,426.2345050126867,406.74602530056194,484.1009762339129,486.6588397782695,440.54239633565453,457.5872710511446,470.1523159072358,421.24645265192606,445.1212841514171,483.7537736946192,480.460829768312,256.8691528934223,336.9957992154869,420.90340272906707,433.5192005097892,375.49416309576804,341.1930655326817,492.3797209189242,491.39307802721515,319.5625543191868,484.0103638520502,432.8718666577188,471.8126626999334,449.3625925526957,198.58145076713973,401.8316985171921,404.62504518268406,467.0966995473217,373.13122851398384,406.6967771668967,403.38822324020947,271.2586637620612,469.90285790677467,368.84119628391505,479.11101200663904,168.873301480482,432.28231633491157,478.63966884368193,399.5148977606685,454.34143011525555,470.11691008348083,429.67388920756576,329.0883662631307,402.14293762023965,396.99380356190284,308.49474759109785,364.60997569186424,422.08290945986164,403.00337304392514,475.6559369027824,419.73112079240207,334.4865107200414,438.6134453576837,499.4837057940848,414.8223653119731,247.66140357239925,335.6450995205764,484.33817668239504,484.4657469999198,454.4352890376126,351.7035188709086,237.63940100573367,465.11471356252764,479.7341428560032,458.9869757538317,320.2581014390622,405.89579739706915,380.8227036578165,404.7325757177729,445.17054362325695,451.83814870737655,435.63053212067155,483.21452986711125,152.19814022705253,277.19619433471945,381.15044984064366,391.1159500648022,469.074651338662,388.50896587637664,406.09600217903494,446.505101995546,376.388449671829,389.0342116583279,274.78855367826
7,31,478.4488328568696,482.8321152697477,447.2287890280938,465.1596302728582,419.57819460169964,279.80007659312463,370.4024123808801,395.9282001328432,376.280949069441,258.575551103391,470.9975966161156,357.75488549577346,472.5257979546765,457.41991802874435,333.8659392943138,391.107496337838,485.81461738597596,422.07368915386456,428.2117221539891,286.7899230106988,310.8367745706553,485.2084796117536,455.14956352476804,449.45524870706214,426.6271761265375,387.95435675961147,344.7152788933313,266.7773240954273,482.44672809499036,479.3910746615821,433.3601042284166,462.71507922556,438.3107239065258,376.6180120051737,371.39987221614757,485.40682412874514,476.33200455338556,472.5722631190913,438.6510574391179,449.7295047018192,428.23972663676807,369.8126861375311,428.7422031086767,302.85559799728486,447.590637938198,416.1573199177331,327.10129148478165,431.4907331026554,436.9167019779112,450.2774174601278,411.5329393492601,361.42686348958955,449.88545601565426,464.10969913167537,383.5948221502253,61.75027685704651,476.9956311447239,476.3506243215418,472.8363495097653,399.610004837167,430.0480676201229,330.79650397800856,361.46933629248616,472.81773317041467,453.37665046375633,345.6560581841949,443.76405650159387,467.17692821289654,181.43930909079947,449.915948523547,466.321380205053,439.0306503352901,444.6617415965263,448.36504269272217,478.31780267096883,407.80476954208996,451.6923537184896,474.569996316524,230.24069804663569,427.73148331047287,426.0528490012698,225.29902980249537,370.19130298195404,330.8379878379363,352.7601453236895,399.6512887440392,337.3616113554747,451.11137883558723,444.67972235489185,404.8612698943025,249.37202376821,478.0914480974228,483.9965328936817,432.48264607723166,360.0353377981305,431.4129308949103,417.2138798578107,390.8233844484055,419.4319408651247,369.81970468190843,441.20544405858357,371.3969398879254,368.2506312839173,465.6852041579456,369.21788750707884,431.2014235095146,404.7250605720123,458.47827326214514,480.4045374203017,334.59739819086997,383.19053930022676,380.6546436278985,418.88029632584033,434.375202935332,465.216993743903,484.8461549436661,426.2345050126867,406.74602530056194,484.1009762339129,486.6588397782695,440.54239633565453,457.5872710511446,470.1523159072358,421.24645265192606,445.1212841514171,483.7537736946192,480.460829768312,256.8691528934223,336.9957992154869,420.90340272906707,433.5192005097892,375.49416309576804,341.1930655326817,492.3797209189242,491.39307802721515,319.5625543191868,484.0103638520502,432.8718666577188,471.8126626999334,449.3625925526957,198.58145076713973,401.8316985171921,404.62504518268406,467.0966995473217,373.13122851398384,406.6967771668967,403.38822324020947,271.2586637620612,469.90285790677467,368.84119628391505,479.11101200663904,168.873301480482,432.28231633491157,478.63966884368193,399.5148977606685,454.34143011525555,470.11691008348083,429.67388920756576,329.0883662631307,402.14293762023965,396.99380356190284,308.49474759109785,364.60997569186424,422.08290945986164,403.00337304392514,475.6559369027824,419.73112079240207,334.4865107200414,438.6134453576837,499.4837057940848,414.8223653119731,247.66140357239925,335.6450995205764,484.33817668239504,484.4657469999198,454.4352890376126,351.7035188709086,237.63940100573367,465.11471356252764,479.7341428560032,458.9869757538317,320.2581014390622,405.89579739706915,380.8227036578165,404.7325757177729,445.17054362325695,451.83814870737655,435.63053212067155,483.21452986711125,152.19814022705253,277.19619433471945,381.15044984064366,391.1159500648022,469.074651338662,388.50896587637664,406.09600217903494,446.505101995546,376.388449671829,389.0342116583279,274.78855367826
7,32,478.4488328568696,482.8321152697477,447.2287890280938,465.1596302728582,419.57819460169964,279.80007659312463,370.4024123808801,395.9282001328432,376.280949069441,258.575551103391,470.9975966161156,357.75488549577346,472.5257979546765,457.41991802874435,333.8659392943138,391.107496337838,485.81461738597596,422.07368915386456,428.2117221539891,286.7899230106988,310.8367745706553,485.2084796117536,455.14956352476804,449.45524870706214,426.6271761265375,387.95435675961147,344.7152788933313,266.7773240954273,482.44672809499036,479.3910746615821,433.3601042284166,462.71507922556,438.3107239065258,376.6180120051737,371.39987221614757,485.40682412874514,476.33200455338556,472.5722631190913,438.6510574391179,449.7295047018192,428.23972663676807,369.8126861375311,428.7422031086767,302.85559799728486,447.590637938198,416.1573199177331,327.10129148478165,431.4907331026554,436.9167019779112,450.2774174601278,411.5329393492601,361.42686348958955,449.88545601565426,464.10969913167537,383.5948221502253,61.75027685704651,476.9956311447239,476.3506243215418,472.8363495097653,399.610004837167,430.0480676201229,330.79650397800856,361.46933629248616,472.81773317041467,453.37665046375633,345.6560581841949,443.76405650159387,467.17692821289654,181.43930909079947,449.915948523547,466.321380205053,439.0306503352901,444.6617415965263,448.36504269272217,478.31780267096883,407.80476954208996,451.6923537184896,474.569996316524,230.24069804663569,427.73148331047287,426.0528490012698,225.29902980249537,370.19130298195404,330.8379878379363,352.7601453236895,399.6512887440392,337.3616113554747,451.11137883558723,444.67972235489185,404.8612698943025,249.37202376821,478.0914480974228,483.9965328936817,432.48264607723166,360.0353377981305,431.4129308949103,417.2138798578107,390.8233844484055,419.4319408651247,369.81970468190843,441.20544405858357,371.3969398879254,368.2506312839173,465.6852041579456,369.21788750707884,431.2014235095146,404.7250605720123,458.47827326214514,480.4045374203017,334.59739819086997,383.19053930022676,380.6546436278985,418.88029632584033,434.375202935332,465.216993743903,484.8461549436661,426.2345050126867,406.74602530056194,484.1009762339129,486.6588397782695,440.54239633565453,457.5872710511446,470.1523159072358,421.24645265192606,445.1212841514171,483.7537736946192,480.460829768312,256.8691528934223,336.9957992154869,420.90340272906707,433.5192005097892,375.49416309576804,341.1930655326817,492.3797209189242,491.39307802721515,319.5625543191868,484.0103638520502,432.8718666577188,471.8126626999334,449.3625925526957,198.58145076713973,401.8316985171921,404.62504518268406,467.0966995473217,373.13122851398384,406.6967771668967,403.38822324020947,271.2586637620612,469.90285790677467,368.84119628391505,479.11101200663904,168.873301480482,432.28231633491157,478.63966884368193,399.5148977606685,454.34143011525555,470.11691008348083,429.67388920756576,329.0883662631307,402.14293762023965,396.99380356190284,308.49474759109785,364.60997569186424,422.08290945986164,403.00337304392514,475.6559369027824,419.73112079240207,334.4865107200414,438.6134453576837,499.4837057940848,414.8223653119731,247.66140357239925,335.6450995205764,484.33817668239504,484.4657469999198,454.4352890376126,351.7035188709086,237.63940100573367,465.11471356252764,479.7341428560032,458.9869757538317,320.2581014390622,405.89579739706915,380.8227036578165,404.7325757177729,445.17054362325695,451.83814870737655,435.63053212067155,483.21452986711125,152.19814022705253,277.19619433471945,381.15044984064366,391.1159500648022,469.074651338662,388.50896587637664,406.09600217903494,446.505101995546,376.388449671829,389.0342116583279,274.78855367826
7,33,478.4488328568696,482.8321152697477,447.2287890280938,465.1596302728582,419.57819460169964,279.80007659312463,370.4024123808801,395.9282001328432,376.280949069441,258.575551103391,470.9975966161156,357.75488549577346,472.5257979546765,457.41991802874435,333.8659392943138,391.107496337838,485.81461738597596,422.07368915386456,428.2117221539891,286.7899230106988,310.8367745706553,485.2084796117536,455.14956352476804,449.45524870706214,426.6271761265375,387.95435675961147,344.7152788933313,266.7773240954273,482.44672809499036,479.3910746615821,433.3601042284166,462.71507922556,438.3107239065258,376.6180120051737,371.39987221614757,485.40682412874514,476.33200455338556,472.5722631190913,438.6510574391179,449.7295047018192,428.23972663676807,369.8126861375311,428.7422031086767,302.85559799728486,447.590637938198,416.1573199177331,327.10129148478165,431.4907331026554,436.9167019779112,450.2774174601278,411.5329393492601,361.42686348958955,449.88545601565426,464.10969913167537,383.5948221502253,61.75027685704651,476.9956311447239,476.3506243215418,472.8363495097653,399.610004837167,430.0480676201229,330.79650397800856,361.46933629248616,472.81773317041467,453.37665046375633,345.6560581841949,443.76405650159387,467.17692821289654,181.43930909079947,449.915948523547,466.321380205053,439.0306503352901,444.6617415965263,448.36504269272217,478.31780267096883,407.80476954208996,451.6923537184896,474.569996316524,230.24069804663569,427.73148331047287,426.0528490012698,225.29902980249537,370.19130298195404,330.8379878379363,352.7601453236895,399.6512887440392,337.3616113554747,451.11137883558723,444.67972235489185,404.8612698943025,249.37202376821,478.0914480974228,483.9965328936817,432.48264607723166,360.0353377981305,431.4129308949103,417.2138798578107,390.8233844484055,419.4319408651247,369.81970468190843,441.20544405858357,371.3969398879254,368.2506312839173,465.6852041579456,369.21788750707884,431.2014235095146,404.7250605720123,458.47827326214514,480.4045374203017,334.59739819086997,383.19053930022676,380.6546436278985,418.88029632584033,434.375202935332,465.216993743903,484.8461549436661,426.2345050126867,406.74602530056194,484.1009762339129,486.6588397782695,440.54239633565453,457.5872710511446,470.1523159072358,421.24645265192606,445.1212841514171,483.7537736946192,480.460829768312,256.8691528934223,336.9957992154869,420.90340272906707,433.5192005097892,375.49416309576804,341.1930655326817,492.3797209189242,491.39307802721515,319.5625543191868,484.0103638520502,432.8718666577188,471.8126626999334,449.3625925526957,198.58145076713973,401.8316985171921,404.62504518268406,467.0966995473217,373.13122851398384,406.6967771668967,403.38822324020947,271.2586637620612,469.90285790677467,368.84119628391505,479.11101200663904,168.873301480482,432.28231633491157,478.63966884368193,399.5148977606685,454.34143011525555,470.11691008348083,429.67388920756576,329.0883662631307,402.14293762023965,396.99380356190284,308.49474759109785,364.60997569186424,422.08290945986164,403.00337304392514,475.6559369027824,419.73112079240207,334.4865107200414,438.6134453576837,499.4837057940848,414.8223653119731,247.66140357239925,335.6450995205764,484.33817668239504,484.4657469999198,454.4352890376126,351.7035188709086,237.63940100573367,465.11471356252764,479.7341428560032,458.9869757538317,320.2581014390622,405.89579739706915,380.8227036578165,404.7325757177729,445.17054362325695,451.83814870737655,435.63053212067155,483.21452986711125,152.19814022705253,277.19619433471945,381.15044984064366,391.1159500648022,469.074651338662,388.50896587637664,406.09600217903494,446.505101995546,376.388449671829,389.0342116583279,274.78855367826
7,34,478.4488328568696,482.8321152697477,447.2287890280938,465.1596302728582,419.57819460169964,279.80007659312463,370.4024123808801,395.9282001328432,376.280949069441,258.575551103391,470.9975966161156,357.75488549577346,472.5257979546765,457.41991802874435,333.8659392943138,391.107496337838,485.81461738597596,422.07368915386456,428.2117221539891,286.7899230106988,310.8367745706553,485.2084796117536,455.14956352476804,449.45524870706214,426.6271761265375,387.95435675961147,344.7152788933313,266.7773240954273,482.44672809499036,479.3910746615821,433.3601042284166,462.71507922556,438.3107239065258,376.6180120051737,371.39987221614757,485.40682412874514,476.33200455338556,472.5722631190913,438.6510574391179,449.7295047018192,428.23972663676807,369.8126861375311,428.7422031086767,302.85559799728486,447.590637938198,416.1573199177331,327.10129148478165,431.4907331026554,436.9167019779112,450.2774174601278,411.5329393492601,361.42686348958955,449.88545601565426,464.10969913167537,383.5948221502253,61.75027685704651,476.9956311447239,476.3506243215418,472.8363495097653,399.610004837167,430.0480676201229,330.79650397800856,361.46933629248616,472.81773317041467,453.37665046375633,345.6560581841949,443.76405650159387,467.17692821289654,181.43930909079947,449.915948523547,466.321380205053,439.0306503352901,444.6617415965263,448.36504269272217,478.31780267096883,407.80476954208996,451.6923537184896,474.569996316524,230.24069804663569,427.73148331047287,426.0528490012698,225.29902980249537,370.19130298195404,330.8379878379363,352.7601453236895,399.6512887440392,337.3616113554747,451.11137883558723,444.67972235489185,404.8612698943025,249.37202376821,478.0914480974228,483.9965328936817,432.48264607723166,360.0353377981305,431.4129308949103,417.2138798578107,390.8233844484055,419.4319408651247,369.81970468190843,441.20544405858357,371.3969398879254,368.2506312839173,465.6852041579456,369.21788750707884,431.2014235095146,404.7250605720123,458.47827326214514,480.4045374203017,334.59739819086997,383.19053930022676,380.6546436278985,418.88029632584033,434.375202935332,465.216993743903,484.8461549436661,426.2345050126867,406.74602530056194,484.1009762339129,486.6588397782695,440.54239633565453,457.5872710511446,470.1523159072358,421.24645265192606,445.1212841514171,483.7537736946192,480.460829768312,256.8691528934223,336.9957992154869,420.90340272906707,433.5192005097892,375.49416309576804,341.1930655326817,492.3797209189242,491.39307802721515,319.5625543191868,484.0103638520502,432.8718666577188,471.8126626999334,449.3625925526957,198.58145076713973,401.8316985171921,404.62504518268406,467.0966995473217,373.13122851398384,406.6967771668967,403.38822324020947,271.2586637620612,469.90285790677467,368.84119628391505,479.11101200663904,168.873301480482,432.28231633491157,478.63966884368193,399.5148977606685,454.34143011525555,470.11691008348083,429.67388920756576,329.0883662631307,402.14293762023965,396.99380356190284,308.49474759109785,364.60997569186424,422.08290945986164,403.00337304392514,475.6559369027824,419.73112079240207,334.4865107200414,438.6134453576837,499.4837057940848,414.8223653119731,247.66140357239925,335.6450995205764,484.33817668239504,484.4657469999198,454.4352890376126,351.7035188709086,237.63940100573367,465.11471356252764,479.7341428560032,458.9869757538317,320.2581014390622,405.89579739706915,380.8227036578165,404.7325757177729,445.17054362325695,451.83814870737655,435.63053212067155,483.21452986711125,152.19814022705253,277.19619433471945,381.15044984064366,391.1159500648022,469.074651338662,388.50896587637664,406.09600217903494,446.505101995546,376.388449671829,389.0342116583279,274.78855367826
7,35,478.4488328568696,482.8321152697477,447.2287890280938,465.1596302728582,419.57819460169964,279.80007659312463,370.4024123808801,395.9282001328432,376.280949069441,258.575551103391,470.9975966161156,357.75488549577346,472.5257979546765,457.41991802874435,333.8659392943138,391.107496337838,485.81461738597596,422.07368915386456,428.2117221539891,286.7899230106988,310.8367745706553,485.2084796117536,455.14956352476804,449.45524870706214,426.6271761265375,387.95435675961147,344.7152788933313,266.7773240954273,482.44672809499036,479.3910746615821,433.3601042284166,462.71507922556,438.3107239065258,376.6180120051737,371.39987221614757,485.40682412874514,476.33200455338556,472.5722631190913,438.6510574391179,449.7295047018192,428.23972663676807,369.8126861375311,428.7422031086767,302.85559799728486,447.590637938198,416.1573199177331,327.10129148478165,431.4907331026554,436.9167019779112,450.2774174601278,411.5329393492601,361.42686348958955,449.88545601565426,464.10969913167537,383.5948221502253,61.75027685704651,476.9956311447239,476.3506243215418,472.8363495097653,399.610004837167,430.0480676201229,330.79650397800856,361.46933629248616,472.81773317041467,453.37665046375633,345.6560581841949,443.76405650159387,467.17692821289654,181.43930909079947,449.915948523547,466.321380205053,439.0306503352901,444.6617415965263,448.36504269272217,478.31780267096883,407.80476954208996,451.6923537184896,474.569996316524,230.24069804663569,427.73148331047287,426.0528490012698,225.29902980249537,370.19130298195404,330.8379878379363,352.7601453236895,399.6512887440392,337.3616113554747,451.11137883558723,444.67972235489185,404.8612698943025,249.37202376821,478.0914480974228,483.9965328936817,432.48264607723166,360.0353377981305,431.4129308949103,417.2138798578107,390.8233844484055,419.4319408651247,369.81970468190843,441.20544405858357,371.3969398879254,368.2506312839173,465.6852041579456,369.21788750707884,431.2014235095146,404.7250605720123,458.47827326214514,480.4045374203017,334.59739819086997,383.19053930022676,380.6546436278985,418.88029632584033,434.375202935332,465.216993743903,484.8461549436661,426.2345050126867,406.74602530056194,484.1009762339129,486.6588397782695,440.54239633565453,457.5872710511446,470.1523159072358,421.24645265192606,445.1212841514171,483.7537736946192,480.460829768312,256.8691528934223,336.9957992154869,420.90340272906707,433.5192005097892,375.49416309576804,341.1930655326817,492.3797209189242,491.39307802721515,319.5625543191868,484.0103638520502,432.8718666577188,471.8126626999334,449.3625925526957,198.58145076713973,401.8316985171921,404.62504518268406,467.0966995473217,373.13122851398384,406.6967771668967,403.38822324020947,271.2586637620612,469.90285790677467,368.84119628391505,479.11101200663904,168.873301480482,432.28231633491157,478.63966884368193,399.5148977606685,454.34143011525555,470.11691008348083,429.67388920756576,329.0883662631307,402.14293762023965,396.99380356190284,308.49474759109785,364.60997569186424,422.08290945986164,403.00337304392514,475.6559369027824,419.73112079240207,334.4865107200414,438.6134453576837,499.4837057940848,414.8223653119731,247.66140357239925,335.6450995205764,484.33817668239504,484.4657469999198,454.4352890376126,351.7035188709086,237.63940100573367,465.11471356252764,479.7341428560032,458.9869757538317,320.2581014390622,405.89579739706915,380.8227036578165,404.7325757177729,445.17054362325695,451.83814870737655,435.63053212067155,483.21452986711125,152.19814022705253,277.19619433471945,381.15044984064366,391.1159500648022,469.074651338662,388.50896587637664,406.09600217903494,446.505101995546,376.388449671829,389.0342116583279,274.78855367826
7,36,478.4488328568696,482.8321152697477,447.2287890280938,465.1596302728582,419.57819460169964,279.80007659312463,370.4024123808801,395.9282001328432,376.280949069441,258.575551103391,470.9975966161156,357.75488549577346,472.5257979546765,457.41991802874435,333.8659392943138,391.107496337838,485.81461738597596,422.07368915386456,428.2117221539891,286.7899230106988,310.8367745706553,485.2084796117536,455.14956352476804,449.45524870706214,426.6271761265375,387.95435675961147,344.7152788933313,266.7773240954273,482.44672809499036,479.3910746615821,433.3601042284166,462.71507922556,438.3107239065258,376.6180120051737,371.39987221614757,485.40682412874514,476.33200455338556,472.5722631190913,438.6510574391179,449.7295047018192,428.23972663676807,369.8126861375311,428.7422031086767,302.85559799728486,447.590637938198,416.1573199177331,327.10129148478165,431.4907331026554,436.9167019779112,450.2774174601278,411.5329393492601,361.42686348958955,449.88545601565426,464.10969913167537,383.5948221502253,61.75027685704651,476.9956311447239,476.3506243215418,472.8363495097653,399.610004837167,430.0480676201229,330.79650397800856,361.46933629248616,472.81773317041467,453.37665046375633,345.6560581841949,443.76405650159387,467.17692821289654,181.43930909079947,449.915948523547,466.321380205053,439.0306503352901,444.6617415965263,448.36504269272217,478.31780267096883,407.80476954208996,451.6923537184896,474.569996316524,230.24069804663569,427.73148331047287,426.0528490012698,225.29902980249537,370.19130298195404,330.8379878379363,352.7601453236895,399.6512887440392,337.3616113554747,451.11137883558723,444.67972235489185,404.8612698943025,249.37202376821,478.0914480974228,483.9965328936817,432.48264607723166,360.0353377981305,431.4129308949103,417.2138798578107,390.8233844484055,419.4319408651247,369.81970468190843,441.20544405858357,371.3969398879254,368.2506312839173,465.6852041579456,369.21788750707884,431.2014235095146,404.7250605720123,458.47827326214514,480.4045374203017,334.59739819086997,383.19053930022676,380.6546436278985,418.88029632584033,434.375202935332,465.216993743903,484.8461549436661,426.2345050126867,406.74602530056194,484.1009762339129,486.6588397782695,440.54239633565453,457.5872710511446,470.1523159072358,421.24645265192606,445.1212841514171,483.7537736946192,480.460829768312,256.8691528934223,336.9957992154869,420.90340272906707,433.5192005097892,375.49416309576804,341.1930655326817,492.3797209189242,491.39307802721515,319.5625543191868,484.0103638520502,432.8718666577188,471.8126626999334,449.3625925526957,198.58145076713973,401.8316985171921,404.62504518268406,467.0966995473217,373.13122851398384,406.6967771668967,403.38822324020947,271.2586637620612,469.90285790677467,368.84119628391505,479.11101200663904,168.873301480482,432.28231633491157,478.63966884368193,399.5148977606685,454.34143011525555,470.11691008348083,429.67388920756576,329.0883662631307,402.14293762023965,396.99380356190284,308.49474759109785,364.60997569186424,422.08290945986164,403.00337304392514,475.6559369027824,419.73112079240207,334.4865107200414,438.6134453576837,499.4837057940848,414.8223653119731,247.66140357239925,335.6450995205764,484.33817668239504,484.4657469999198,454.4352890376126,351.7035188709086,237.63940100573367,465.11471356252764,479.7341428560032,458.9869757538317,320.2581014390622,405.89579739706915,380.8227036578165,404.7325757177729,445.17054362325695,451.83814870737655,435.63053212067155,483.21452986711125,152.19814022705253,277.19619433471945,381.15044984064366,391.1159500648022,469.074651338662,388.50896587637664,406.09600217903494,446.505101995546,376.388449671829,389.0342116583279,274.78855367826
7,37,478.4488328568696,482.8321152697477,447.2287890280938,465.1596302728582,419.57819460169964,279.80007659312463,370.4024123808801,395.9282001328432,376.280949069441,258.575551103391,470.9975966161156,357.75488549577346,472.5257979546765,457.41991802874435,333.8659392943138,391.107496337838,485.81461738597596,422.07368915386456,428.2117221539891,286.7899230106988,310.8367745706553,485.2084796117536,455.14956352476804,449.45524870706214,426.6271761265375,387.95435675961147,344.7152788933313,266.7773240954273,482.44672809499036,479.3910746615821,433.3601042284166,462.71507922556,438.3107239065258,376.6180120051737,371.39987221614757,485.40682412874514,476.33200455338556,472.5722631190913,438.6510574391179,449.7295047018192,428.23972663676807,369.8126861375311,428.7422031086767,302.85559799728486,447.590637938198,416.1573199177331,327.10129148478165,431.4907331026554,436.9167019779112,450.2774174601278,411.5329393492601,361.42686348958955,449.88545601565426,464.10969913167537,383.5948221502253,61.75027685704651,476.9956311447239,476.3506243215418,472.8363495097653,399.610004837167,430.0480676201229,330.79650397800856,361.46933629248616,472.81773317041467,453.37665046375633,345.6560581841949,443.76405650159387,467.17692821289654,181.43930909079947,449.915948523547,466.321380205053,439.0306503352901,444.6617415965263,448.36504269272217,478.31780267096883,407.80476954208996,451.6923537184896,474.569996316524,230.24069804663569,427.73148331047287,426.0528490012698,225.29902980249537,370.19130298195404,330.8379878379363,352.7601453236895,399.6512887440392,337.3616113554747,451.11137883558723,444.67972235489185,404.8612698943025,249.37202376821,478.0914480974228,483.9965328936817,432.48264607723166,360.0353377981305,431.4129308949103,417.2138798578107,390.8233844484055,419.4319408651247,369.81970468190843,441.20544405858357,371.3969398879254,368.2506312839173,465.6852041579456,369.21788750707884,431.2014235095146,404.7250605720123,458.47827326214514,480.4045374203017,334.59739819086997,383.19053930022676,380.6546436278985,418.88029632584033,434.375202935332,465.216993743903,484.8461549436661,426.2345050126867,406.74602530056194,484.1009762339129,486.6588397782695,440.54239633565453,457.5872710511446,470.1523159072358,421.24645265192606,445.1212841514171,483.7537736946192,480.460829768312,256.8691528934223,336.9957992154869,420.90340272906707,433.5192005097892,375.49416309576804,341.1930655326817,492.3797209189242,491.39307802721515,319.5625543191868,484.0103638520502,432.8718666577188,471.8126626999334,449.3625925526957,198.58145076713973,401.8316985171921,404.62504518268406,467.0966995473217,373.13122851398384,406.6967771668967,403.38822324020947,271.2586637620612,469.90285790677467,368.84119628391505,479.11101200663904,168.873301480482,432.28231633491157,478.63966884368193,399.5148977606685,454.34143011525555,470.11691008348083,429.67388920756576,329.0883662631307,402.14293762023965,396.99380356190284,308.49474759109785,364.60997569186424,422.08290945986164,403.00337304392514,475.6559369027824,419.73112079240207,334.4865107200414,438.6134453576837,499.4837057940848,414.8223653119731,247.66140357239925,335.6450995205764,484.33817668239504,484.4657469999198,454.4352890376126,351.7035188709086,237.63940100573367,465.11471356252764,479.7341428560032,458.9869757538317,320.2581014390622,405.89579739706915,380.8227036578165,404.7325757177729,445.17054362325695,451.83814870737655,435.63053212067155,483.21452986711125,152.19814022705253,277.19619433471945,381.15044984064366,391.1159500648022,469.074651338662,388.50896587637664,406.09600217903494,446.505101995546,376.388449671829,389.0342116583279,274.78855367826
7,38,478.4488328568696,482.8321152697477,447.2287890280938,465.1596302728582,419.57819460169964,279.80007659312463,370.4024123808801,395.9282001328432,376.280949069441,258.575551103391,470.9975966161156,357.75488549577346,472.5257979546765,457.41991802874435,333.8659392943138,391.107496337838,485.81461738597596,422.07368915386456,428.2117221539891,286.7899230106988,310.8367745706553,485.2084796117536,455.14956352476804,449.45524870706214,426.6271761265375,387.95435675961147,344.7152788933313,266.7773240954273,482.44672809499036,479.3910746615821,433.3601042284166,462.71507922556,438.3107239065258,376.6180120051737,371.39987221614757,485.40682412874514,476.33200455338556,472.5722631190913,438.6510574391179,449.7295047018192,428.23972663676807,369.8126861375311,428.7422031086767,302.85559799728486,447.590637938198,416.1573199177331,327.10129148478165,431.4907331026554,436.9167019779112,450.2774174601278,411.5329393492601,361.42686348958955,449.88545601565426,464.10969913167537,383.5948221502253,61.75027685704651,476.9956311447239,476.3506243215418,472.8363495097653,399.610004837167,430.0480676201229,330.79650397800856,361.46933629248616,472.81773317041467,453.37665046375633,345.6560581841949,443.76405650159387,467.17692821289654,181.43930909079947,449.915948523547,466.321380205053,439.0306503352901,444.6617415965263,448.36504269272217,478.31780267096883,407.80476954208996,451.6923537184896,474.569996316524,230.24069804663569,427.73148331047287,426.0528490012698,225.29902980249537,370.19130298195404,330.8379878379363,352.7601453236895,399.6512887440392,337.3616113554747,451.11137883558723,444.67972235489185,404.8612698943025,249.37202376821,478.0914480974228,483.9965328936817,432.48264607723166,360.0353377981305,431.4129308949103,417.2138798578107,390.8233844484055,419.4319408651247,369.81970468190843,441.20544405858357,371.3969398879254,368.2506312839173,465.6852041579456,369.21788750707884,431.2014235095146,404.7250605720123,458.47827326214514,480.4045374203017,334.59739819086997,383.19053930022676,380.6546436278985,418.88029632584033,434.375202935332,465.216993743903,484.8461549436661,426.2345050126867,406.74602530056194,484.1009762339129,486.6588397782695,440.54239633565453,457.5872710511446,470.1523159072358,421.24645265192606,445.1212841514171,483.7537736946192,480.460829768312,256.8691528934223,336.9957992154869,420.90340272906707,433.5192005097892,375.49416309576804,341.1930655326817,492.3797209189242,491.39307802721515,319.5625543191868,484.0103638520502,432.8718666577188,471.8126626999334,449.3625925526957,198.58145076713973,401.8316985171921,404.62504518268406,467.0966995473217,373.13122851398384,406.6967771668967,403.38822324020947,271.2586637620612,469.90285790677467,368.84119628391505,479.11101200663904,168.873301480482,432.28231633491157,478.63966884368193,399.5148977606685,454.34143011525555,470.11691008348083,429.67388920756576,329.0883662631307,402.14293762023965,396.99380356190284,308.49474759109785,364.60997569186424,422.08290945986164,403.00337304392514,475.6559369027824,419.73112079240207,334.4865107200414,438.6134453576837,499.4837057940848,414.8223653119731,247.66140357239925,335.6450995205764,484.33817668239504,484.4657469999198,454.4352890376126,351.7035188709086,237.63940100573367,465.11471356252764,479.7341428560032,458.9869757538317,320.2581014390622,405.89579739706915,380.8227036578165,404.7325757177729,445.17054362325695,451.83814870737655,435.63053212067155,483.21452986711125,152.19814022705253,277.19619433471945,381.15044984064366,391.1159500648022,469.074651338662,388.50896587637664,406.09600217903494,446.505101995546,376.388449671829,389.0342116583279,274.78855367826
7,39,478.4488328568696,482.8321152697477,447.2287890280938,465.1596302728582,419.57819460169964,279.80007659312463,370.4024123808801,395.9282001328432,376.280949069441,258.575551103391,470.9975966161156,357.75488549577346,472.5257979546765,457.41991802874435,333.8659392943138,391.107496337838,485.81461738597596,422.07368915386456,428.2117221539891,286.7899230106988,310.8367745706553,485.2084796117536,455.14956352476804,449.45524870706214,426.6271761265375,387.95435675961147,344.7152788933313,266.7773240954273,482.44672809499036,479.3910746615821,433.3601042284166,462.71507922556,438.3107239065258,376.6180120051737,371.39987221614757,485.40682412874514,476.33200455338556,472.5722631190913,438.6510574391179,449.7295047018192,428.23972663676807,369.8126861375311,428.7422031086767,302.85559799728486,447.590637938198,416.1573199177331,327.10129148478165,431.4907331026554,436.9167019779112,450.2774174601278,411.5329393492601,361.42686348958955,449.88545601565426,464.10969913167537,383.5948221502253,61.75027685704651,476.9956311447239,476.3506243215418,472.8363495097653,399.610004837167,430.0480676201229,330.79650397800856,361.46933629248616,472.81773317041467,453.37665046375633,345.6560581841949,443.76405650159387,467.17692821289654,181.43930909079947,449.915948523547,466.321380205053,439.0306503352901,444.6617415965263,448.36504269272217,478.31780267096883,407.80476954208996,451.6923537184896,474.569996316524,230.24069804663569,427.73148331047287,426.0528490012698,225.29902980249537,370.19130298195404,330.8379878379363,352.7601453236895,399.6512887440392,337.3616113554747,451.11137883558723,444.67972235489185,404.8612698943025,249.37202376821,478.0914480974228,483.9965328936817,432.48264607723166,360.0353377981305,431.4129308949103,417.2138798578107,390.8233844484055,419.4319408651247,369.81970468190843,441.20544405858357,371.3969398879254,368.2506312839173,465.6852041579456,369.21788750707884,431.2014235095146,404.7250605720123,458.47827326214514,480.4045374203017,334.59739819086997,383.19053930022676,380.6546436278985,418.88029632584033,434.375202935332,465.216993743903,484.8461549436661,426.2345050126867,406.74602530056194,484.1009762339129,486.6588397782695,440.54239633565453,457.5872710511446,470.1523159072358,421.24645265192606,445.1212841514171,483.7537736946192,480.460829768312,256.8691528934223,336.9957992154869,420.90340272906707,433.5192005097892,375.49416309576804,341.1930655326817,492.3797209189242,491.39307802721515,319.5625543191868,484.0103638520502,432.8718666577188,471.8126626999334,449.3625925526957,198.58145076713973,401.8316985171921,404.62504518268406,467.0966995473217,373.13122851398384,406.6967771668967,403.38822324020947,271.2586637620612,469.90285790677467,368.84119628391505,479.11101200663904,168.873301480482,432.28231633491157,478.63966884368193,399.5148977606685,454.34143011525555,470.11691008348083,429.67388920756576,329.0883662631307,402.14293762023965,396.99380356190284,308.49474759109785,364.60997569186424,422.08290945986164,403.00337304392514,475.6559369027824,419.73112079240207,334.4865107200414,438.6134453576837,499.4837057940848,414.8223653119731,247.66140357239925,335.6450995205764,484.33817668239504,484.4657469999198,454.4352890376126,351.7035188709086,237.63940100573367,465.11471356252764,479.7341428560032,458.9869757538317,320.2581014390622,405.89579739706915,380.8227036578165,404.7325757177729,445.17054362325695,451.83814870737655,435.63053212067155,483.21452986711125,152.19814022705253,277.19619433471945,381.15044984064366,391.1159500648022,469.074651338662,388.50896587637664,406.09600217903494,446.505101995546,376.388449671829,389.0342116583279,274.78855367826
8,0,198.58145076713973,429.67388920756576,345.6560581841949,237.63940100573367,369.95734927841886,438.6510574391179,422.07368915386456,451.83814870737655,479.9172377678455,483.81969572552066,484.77094184227735,381.15044984064366,384.7359862404088,476.9956311447239,406.0544088972266,335.6450995205764,479.11101200663904,422.08290945986164,465.6852041579456,439.22520809874555,452.92879287768176,366.3775248269128,470.9975966161156,428.8704955639598,307.81815558762696,427.73148331047287,257.98169125154413,492.3797209189242,376.6180120051737,334.2113303917084,271.0624866654241,432.8718666577188,464.10969913167537,472.81773317041467,459.83415767694,402.1538754991247,472.82070680224456,444.56904123359107,431.46106145772166,394.41007963522014,168.28741047019335,438.3493874425056,390.12147583122885,403.38822324020947,483.7571185715089,487.1769500339308,229.91799028229926,370.19130298195404,404.7325757177729,247.66140357239925,480.4045374203017,61.526232252510624,475.6525720126528,419.04256901421326,442.2761293080063,328.49930512840166,333.76093096911876,279.99934226087214,485.5259160601116,475.2782281470772,399.610004837167,437.8111592997461,481.1264754917061,415.73284161818884,467.0966995473217,426.9287339608814,414.8223653119731,409.12937037545476,465.11471356252764,152.19814022705253,478.6320703389099,427.0681472503907,337.02389645582235,373.13122851398384,466.9695150064383,371.39987221614757,452.2433035555061,495.78544586816525,471.7075701448667,420.90340272906707,382.52829541073527,438.3107239065258,395.4957918902491,483.24734570631495,320.5865961111046,480.73444702456567,361.34339418663404,472.8363495097653,357.75488549577346,404.0781674544732,351.99107120234817,380.97546044335695,477.3834100896288,451.1516518450493,420.36072602336816,406.09600217903494,436.9167019779112,368.84119628391505,181.30088424413125,444.67972235489185,491.39307802721515,478.9673849236778,483.21452986711125,375.66774866790826,374.95268961437233,412.2067623603014,432.28231633491157,447.590637938198,345.06588863144594,458.9869757538317,370.4024123808801,449.3625925526957,387.6734269554243,476.36551683677123,276.8919067077659,341.1930655326817,458.11303819180057,483.4275691338175,371.05279271235537,368.2506312839173,449.7295047018192,448.36504269272217,465.87573365988027,483.9965328936817,470.1523159072358,256.8691528934223,374.08478012676505,473.0396574640326,401.7741647116884,404.51935872340755,319.2429269331103,266.376083942933,433.58606551748073,334.59739819086997,399.92332011500866,249.37202376821,456.79998462815047,484.23243062207786,427.9293724539271,327.76380369311903,449.05762667418276,422.7477749525166,337.99882027029145,286.7899230106988,224.99713438067553,426.0528490012698,475.6559369027824,391.6820469656878,448.88390968399995,388.47865151666247,443.76405650159387,429.98081962995633,455.14956352476804,478.31780267096883,433.5192005097892,310.7693549383202,416.1573199177331,419.4319408651247,444.6617415965263,475.72303636256254,483.6918408518566,350.88364270530275,404.3563762651335,469.074651338662,454.4352890376126,418.88029632584033,330.8379878379363,437.8627549514134,460.69943748975714,450.32037612201873,368.78812488935165,361.18211703972975,388.50896587637664,390.2976182988019,431.4907331026554,302.85559799728486,360.0353377981305,439.8477444090613,406.6967771668967,471.1924004104827,465.216993743903,457.5872710511446,484.8461549436661,404.62504518268406,446.505101995546,468.798389098634,330.79650397800856,446.606641234888,425.3024095352224,274.78855367826,381.4913272106694,483.7537736946192,449.915948523547,467.17692821289654,434.078287145957,369.21788750707884,432.48264607723166,398.7081103825617,426.76434303713023,403.00337304392514
8,1,198.58145076713973,429.67388920756576,345.6560581841949,237.63940100573367,369.81970468190843,438.6510574391179,422.30108953634976,450.95848417014,479.7341428560032,484.1009762339129,484.33817668239504,381.15044984064366,383.5948221502253,476.9956311447239,405.89579739706915,335.6450995205764,479.65482360267526,422.08290945986164,465.6852041579456,440.20814262361387,453.37665046375633,364.60997569186424,470.9975966161156,430.0480676201229,308.2467997505207,427.73148331047287,257.98169125154413,492.3797209189242,376.6180120051737,334.954188298997,271.0624866654241,432.8718666577188,464.10969913167537,472.81773317041467,458.47827326214514,402.1538754991247,472.5257979546765,445.1212841514171,431.9006388102614,394.31846311751536,168.06538409753713,435.63053212067155,390.12147583122885,403.38822324020947,483.40677090425373,486.6588397782695,230.24069804663569,370.19130298195404,404.7325757177729,247.66140357239925,480.4045374203017,61.526232252510624,476.33200455338556,419.57819460169964,445.17054362325695,329.0883662631307,333.8659392943138,279.80007659312463,484.41174970514606,474.569996316524,399.610004837167,439.0306503352901,481.1264754917061,415.73284161818884,467.0966995473217,426.6271761265375,414.8223653119731,407.80476954208996,465.11471356252764,152.19814022705253,478.63966884368193,428.8159611924157,336.9957992154869,373.13122851398384,466.321380205053,371.39987221614757,451.6040492057316,495.78544586816525,470.11691008348083,421.4182572214672,382.52829541073527,438.3107239065258,394.7091066489714,483.24734570631495,320.2581014390622,480.460829768312,361.46933629248616,472.2979277400564,357.75488549577346,404.8612698943025,352.6177826948738,380.6546436278985,477.3834100896288,450.2774174601278,419.73112079240207,406.09600217903494,436.9167019779112,368.84119628391505,181.4087049248021,444.67972235489185,491.39307802721515,479.3910746615821,482.9291900892127,376.388449671829,376.280949069441,411.5329393492601,432.28231633491157,447.590637938198,343.0421309619583,458.9869757538317,370.4024123808801,449.3625925526957,387.70953979829113,476.36551683677123,277.19619433471945,341.1930655326817,457.41991802874435,482.8321152697477,371.05279271235537,368.2506312839173,449.30396150599955,448.36504269272217,465.1596302728582,483.9965328936817,470.1523159072358,256.8691528934223,374.08478012676505,472.5722631190913,401.7741647116884,404.51935872340755,319.5625543191868,266.376083942933,431.4129308949103,334.59739819086997,399.5012198734811,249.37202376821,456.79998462815047,484.23243062207786,427.9293724539271,327.10129148478165,449.45524870706214,421.24645265192606,337.3616113554747,286.7899230106988,225.29902980249537,426.0528490012698,475.6559369027824,391.6820469656878,448.88390968399995,389.0342116583279,443.76405650159387,429.98081962995633,455.14956352476804,478.31780267096883,433.5192005097892,310.8367745706553,416.1573199177331,419.4319408651247,444.6617415965263,475.72303636256254,484.4657469999198,351.7035188709086,403.2307487385879,469.074651338662,454.4352890376126,418.88029632584033,330.54148060563415,437.8627549514134,460.69943748975714,451.11137883558723,368.78812488935165,361.18211703972975,388.50896587637664,390.2976182988019,431.64089290673553,302.85559799728486,360.0353377981305,441.20544405858357,406.6967771668967,470.6877053441992,465.216993743903,457.5872710511446,484.8461549436661,404.62504518268406,446.505101995546,469.90285790677467,330.79650397800856,446.30180861850636,425.3024095352224,274.78855367826,380.8227036578165,483.7537736946192,449.915948523547,467.17692821289654,434.375202935332,369.21788750707884,432.48264607723166,398.7081103825617,426.76434303713023,403.00337304392514
8,2,198.58145076713973,429.67388920756576,345.6560581841949,237.63940100573367,369.81970468190843,439.69542705652276,422.30108953634976,451.83814870737655,479.7341428560032,484.1009762339129,484.33817668239504,381.15044984064366,383.5948221502253,476.9956311447239,405.89579739706915,336.57594952083946,479.65482360267526,422.81773392771623,465.6852041579456,440.20814262361387,453.37665046375633,364.60997569186424,470.9975966161156,430.0480676201229,308.2467997505207,428.1156181140838,257.98169125154413,492.3797209189242,376.6180120051737,334.954188298997,271.0624866654241,432.8718666577188,464.10969913167537,472.81773317041467,458.47827326214514,402.14293762023965,474.26978275702595,445.1212841514171,433.3601042284166,394.31846311751536,168.2959907178689,435.63053212067155,391.107496337838,403.38822324020947,485.3133822025616,486.6588397782695,230.24069804663569,370.19130298195404,404.7325757177729,247.66140357239925,480.4045374203017,61.526232252510624,476.33200455338556,419.57819460169964,445.17054362325695,329.0883662631307,333.8659392943138,279.99934226087214,484.41174970514606,474.569996316524,399.610004837167,439.0306503352901,481.1264754917061,415.73284161818884,467.0966995473217,426.6271761265375,414.8223653119731,407.80476954208996,465.11471356252764,152.19814022705253,478.63966884368193,428.8159611924157,336.9957992154869,373.13122851398384,466.321380205053,371.39987221614757,451.6040492057316,495.78544586816525,470.11691008348083,421.4182572214672,382.52829541073527,438.3107239065258,394.7091066489714,483.24734570631495,320.2581014390622,480.460829768312,361.46933629248616,472.2979277400564,357.75488549577346,404.8612698943025,352.7601453236895,380.6546436278985,477.3834100896288,451.1516518450493,420.96355867978417,406.09600217903494,436.9167019779112,368.84119628391505,181.51441878338963,444.67972235489185,491.39307802721515,479.3910746615821,483.21452986711125,376.41501066557976,374.95268961437233,411.5329393492601,432.28231633491157,447.590637938198,344.7152788933313,458.9869757538317,370.4024123808801,450.4187806731788,387.70953979829113,476.36551683677123,277.19619433471945,341.1930655326817,457.41991802874435,482.8321152697477,371.3969398879254,368.2506312839173,449.7295047018192,448.36504269272217,465.1596302728582,483.9965328936817,470.1523159072358,256.8691528934223,375.49416309576804,472.5722631190913,401.8316985171921,404.51935872340755,319.5625543191868,266.376083942933,431.4129308949103,334.59739819086997,399.6512887440392,249.37202376821,456.79998462815047,484.23243062207786,427.9293724539271,327.10129148478165,449.45524870706214,421.24645265192606,337.3616113554747,286.7899230106988,225.29902980249537,426.0528490012698,475.6559369027824,391.6820469656878,449.88545601565426,389.0342116583279,443.76405650159387,431.2014235095146,455.14956352476804,478.31780267096883,433.59205142774806,310.8367745706553,416.1573199177331,419.4319408651247,444.6617415965263,475.72303636256254,484.4657469999198,351.7035188709086,403.2307487385879,468.14460727010055,454.4352890376126,418.88029632584033,330.54148060563415,437.8627549514134,460.69943748975714,451.11137883558723,368.78812488935165,361.18211703972975,388.50896587637664,390.2976182988019,431.4907331026554,302.85559799728486,360.0353377981305,441.2440977809547,406.6967771668967,471.1924004104827,465.216993743903,457.5872710511446,484.8461549436661,404.62504518268406,446.505101995546,469.90285790677467,330.79650397800856,446.606641234888,426.2345050126867,274.78855367826,380.8227036578165,483.7537736946192,449.915948523547,467.17692821289654,434.375202935332,369.21788750707884,432.48264607723166,399.5148977606685,426.76434303713023,401.51244320248827
8,3,198.58145076713973,429.67388920756576,345.6560581841949,237.63940100573367,369.81970468190843,439.69542705652276,422.30108953634976,451.83814870737655,479.7341428560032,484.1009762339129,484.33817668239504,381.15044984064366,383.5948221502253,476.9956311447239,405.89579739706915,336.57594952083946,479.65482360267526,422.08290945986164,465.6852041579456,440.20814262361387,453.37665046375633,364.60997569186424,470.9975966161156,430.0480676201229,308.2467997505207,428.1156181140838,258.575551103391,492.3797209189242,377.7754186169259,334.954188298997,271.2586637620612,432.8718666577188,464.10969913167537,472.81773317041467,458.47827326214514,402.1538754991247,474.26978275702595,445.1212841514171,433.3601042284166,394.31846311751536,168.2959907178689,435.63053212067155,391.107496337838,403.38822324020947,485.3133822025616,486.6588397782695,230.24069804663569,370.19130298195404,404.7325757177729,247.66140357239925,480.4045374203017,61.526232252510624,476.33200455338556,419.57819460169964,445.17054362325695,329.0883662631307,333.8659392943138,279.80007659312463,484.41174970514606,474.569996316524,399.610004837167,439.0306503352901,482.44672809499036,417.2138798578107,467.0966995473217,426.6271761265375,414.8223653119731,407.80476954208996,465.11471356252764,152.93940708326784,478.63966884368193,428.8159611924157,336.9957992154869,373.13122851398384,466.321380205053,371.39987221614757,451.6040492057316,495.78544586816525,470.11691008348083,421.4182572214672,382.52829541073527,438.3107239065258,396.99380356190284,483.24734570631495,320.2581014390622,480.460829768312,361.46933629248616,472.2979277400564,357.75488549577346,404.8612698943025,352.6177826948738,380.6546436278985,477.3834100896288,451.1516518450493,420.96355867978417,406.09600217903494,436.9167019779112,368.84119628391505,181.51441878338963,444.67972235489185,491.39307802721515,479.3910746615821,483.21452986711125,376.41501066557976,376.280949069441,411.5329393492601,432.28231633491157,447.590637938198,344.7152788933313,458.9869757538317,370.4024123808801,450.4187806731788,387.70953979829113,476.36551683677123,277.19619433471945,341.54927281378747,457.41991802874435,482.9242587343196,371.3969398879254,368.2506312839173,449.7295047018192,448.36504269272217,465.1596302728582,483.9965328936817,470.1523159072358,256.8691528934223,375.49416309576804,472.5722631190913,401.8316985171921,404.51935872340755,319.5625543191868,266.376083942933,431.4129308949103,334.59739819086997,399.6512887440392,249.37202376821,456.79998462815047,484.23243062207786,427.9293724539271,327.10129148478165,449.45524870706214,421.24645265192606,337.3616113554747,286.7899230106988,225.29902980249537,426.0528490012698,475.6559369027824,391.6820469656878,449.88545601565426,389.0342116583279,443.76405650159387,431.2014235095146,455.14956352476804,478.31780267096883,433.5192005097892,310.8367745706553,416.1573199177331,419.4319408651247,444.6617415965263,476.3506243215418,484.4657469999198,351.7035188709086,403.2307487385879,468.14460727010055,454.4352890376126,418.88029632584033,330.54148060563415,438.6134453576837,460.69943748975714,451.11137883558723,368.78812488935165,361.18211703972975,388.50896587637664,390.2976182988019,431.64089290673553,302.85559799728486,360.0353377981305,441.20544405858357,406.6967771668967,473.1124574265227,465.216993743903,457.5872710511446,484.8461549436661,404.62504518268406,446.505101995546,469.90285790677467,330.79650397800856,446.30180861850636,426.2345050126867,274.78855367826,380.8227036578165,483.7537736946192,449.915948523547,467.17692821289654,434.375202935332,369.21788750707884,432.48264607723166,398.7081103825617,426.76434303713023,401.51244320248827
8,4,198.58145076713973,429.67388920756576,345.6560581841949,237.63940100573367,369.81970468190843,439.69542705652276,422.30108953634976,451.83814870737655,479.7341428560032,484.1009762339129,484.33817668239504,381.15044984064366,383.5948221502253,476.9956311447239,405.89579739706915,336.57594952083946,479.65482360267526,422.08290945986164,465.6852041579456,440.20814262361387,453.37665046375633,364.60997569186424,470.9975966161156,430.0480676201229,308.2467997505207,428.1156181140838,258.575551103391,492.3797209189242,377.7754186169259,334.954188298997,271.2586637620612,432.8718666577188,464.10969913167537,472.81773317041467,458.47827326214514,402.1538754991247,474.26978275702595,445.1212841514171,433.3601042284166,394.31846311751536,168.2959907178689,435.63053212067155,391.107496337838,403.38822324020947,485.3133822025616,486.6588397782695,230.24069804663569,370.19130298195404,404.7325757177729,247.66140357239925,480.4045374203017,61.526232252510624,476.33200455338556,419.57819460169964,445.17054362325695,329.0883662631307,333.8659392943138,279.80007659312463,484.41174970514606,474.569996316524,399.610004837167,439.0306503352901,482.44672809499036,417.2138798578107,467.0966995473217,426.6271761265375,414.8223653119731,407.80476954208996,465.11471356252764,152.93940708326784,478.63966884368193,428.8159611924157,336.9957992154869,373.13122851398384,466.321380205053,371.39987221614757,451.6040492057316,499.4837057940848,470.11691008348083,421.4182572214672,382.52829541073527,438.3107239065258,396.99380356190284,483.24734570631495,320.2581014390622,480.460829768312,361.46933629248616,472.2979277400564,357.75488549577346,404.8612698943025,352.7601453236895,380.6546436278985,477.3834100896288,451.1516518450493,420.96355867978417,406.09600217903494,436.9167019779112,368.84119628391505,181.51441878338963,444.67972235489185,491.39307802721515,479.3910746615821,483.21452986711125,376.388449671829,376.280949069441,411.5329393492601,432.28231633491157,447.590637938198,344.7152788933313,458.9869757538317,370.4024123808801,450.4187806731788,387.70953979829113,476.36551683677123,277.19619433471945,341.54927281378747,457.41991802874435,482.9242587343196,371.3969398879254,368.2506312839173,449.7295047018192,448.36504269272217,465.1596302728582,483.9965328936817,470.1523159072358,256.8691528934223,375.49416309576804,472.5722631190913,401.8316985171921,404.51935872340755,319.5625543191868,266.7773240954273,431.4129308949103,334.59739819086997,399.6512887440392,249.37202376821,456.79998462815047,485.40682412874514,427.9293724539271,327.10129148478165,449.45524870706214,421.24645265192606,337.3616113554747,286.7899230106988,225.29902980249537,426.0528490012698,475.6559369027824,391.1159500648022,449.88545601565426,389.0342116583279,443.76405650159387,431.2014235095146,455.14956352476804,478.31780267096883,433.59205142774806,310.8367745706553,416.1573199177331,419.4319408651247,444.6617415965263,476.3506243215418,484.4657469999198,351.7035188709086,403.2307487385879,468.14460727010055,454.4352890376126,418.88029632584033,330.54148060563415,438.6134453576837,462.71507922556,450.9382080942838,368.78812488935165,361.18211703972975,388.50896587637664,390.2976182988019,431.4907331026554,302.85559799728486,360.0353377981305,441.20544405858357,406.6967771668967,473.1124574265227,465.216993743903,457.5872710511446,484.8461549436661,404.62504518268406,446.505101995546,468.798389098634,330.79650397800856,447.2287890280938,426.2345050126867,274.78855367826,380.8227036578165,483.7537736946192,449.915948523547,467.17692821289654,434.375202935332,369.21788750707884,432.48264607723166,399.5148977606685,426.76434303713023,403.00337304392514
8,5,198.58145076713973,429.67388920756576,345.6560581841949,237.63940100573367,369.81970468190843,439.69542705652276,422.30108953634976,451.83814870737655,479.7341428560032,484.1009762339129,484.33817668239504,381.15044984064366,383.5948221502253,476.9956311447239,405.89579739706915,336.57594952083946,479.65482360267526,422.08290945986164,465.6852041579456,440.20814262361387,453.37665046375633,364.60997569186424,470.9975966161156,430.0480676201229,308.2467997505207,429.1652088614893,258.575551103391,492.3797209189242,377.7754186169259,334.954188298997,271.2586637620612,432.8718666577188,464.10969913167537,472.81773317041467,458.47827326214514,402.1538754991247,474.26978275702595,445.1212841514171,433.3601042284166,395.9282001328432,168.873301480482,435.63053212067155,391.107496337838,403.38822324020947,485.3133822025616,486.6588397782695,230.24069804663569,370.19130298195404,404.7325757177729,247.66140357239925,480.4045374203017,61.526232252510624,476.33200455338556,419.57819460169964,445.17054362325695,329.0883662631307,333.8659392943138,279.80007659312463,485.2084796117536,474.569996316524,399.610004837167,439.0306503352901,482.44672809499036,417.2138798578107,467.0966995473217,426.6271761265375,414.8223653119731,407.80476954208996,465.11471356252764,152.93940708326784,478.63966884368193,428.8159611924157,336.9957992154869,373.13122851398384,466.321380205053,371.39987221614757,451.6923537184896,499.4837057940848,470.11691008348083,421.4182572214672,382.52829541073527,438.3107239065258,396.99380356190284,483.24734570631495,320.2581014390622,480.460829768312,361.46933629248616,472.2979277400564,357.75488549577346,404.8612698943025,352.6177826948738,380.6546436278985,477.3834100896288,451.1516518450493,420.96355867978417,406.09600217903494,436.9167019779112,368.84119628391505,181.51441878338963,444.67972235489185,491.39307802721515,479.3910746615821,483.21452986711125,376.388449671829,376.280949069441,411.5329393492601,432.28231633491157,447.590637938198,344.7152788933313,458.9869757538317,370.4024123808801,450.4187806731788,387.70953979829113,476.36551683677123,277.19619433471945,341.54927281378747,457.41991802874435,482.9242587343196,371.3969398879254,368.2506312839173,449.7295047018192,448.36504269272217,465.1596302728582,483.9965328936817,470.1523159072358,256.8691528934223,375.49416309576804,472.5722631190913,401.8316985171921,404.51935872340755,319.5625543191868,266.7773240954273,431.4129308949103,334.59739819086997,399.6512887440392,249.37202376821,456.79998462815047,485.40682412874514,427.9293724539271,327.10129148478165,449.45524870706214,421.24645265192606,337.3616113554747,286.7899230106988,225.29902980249537,426.0528490012698,475.6559369027824,391.1159500648022,449.88545601565426,389.0342116583279,443.76405650159387,431.2014235095146,455.14956352476804,478.31780267096883,433.5192005097892,310.8367745706553,416.1573199177331,419.4319408651247,444.6617415965263,476.3506243215418,483.6918408518566,351.7035188709086,403.2307487385879,468.14460727010055,454.4352890376126,418.88029632584033,330.54148060563415,438.6134453576837,462.71507922556,451.11137883558723,368.78812488935165,361.18211703972975,388.50896587637664,390.2976182988019,431.4907331026554,302.85559799728486,360.0353377981305,441.20544405858357,406.6967771668967,471.8126626999334,465.216993743903,457.5872710511446,484.8461549436661,404.62504518268406,446.505101995546,469.379001500189,330.79650397800856,447.2287890280938,426.2345050126867,274.78855367826,380.8227036578165,483.7537736946192,449.915948523547,467.17692821289654,434.375202935332,369.21788750707884,432.48264607723166,399.5148977606685,426.76434303713023,403.00337304392514
8,6,198.58145076713973,429.67388920756576,345.6560581841949,237.63940100573367,369.81970468190843,439.69542705652276,422.30108953634976,451.83814870737655,479.7341428560032,484.1009762339129,484.33817668239504,381.15044984064366,383.5948221502253,476.9956311447239,405.89579739706915,336.57594952083946,479.65482360267526,422.08290945986164,465.6852041579456,440.20814262361387,453.37665046375633,364.60997569186424,470.9975966161156,430.0480676201229,308.2467997505207,429.1652088614893,258.575551103391,492.3797209189242,377.7754186169259,334.954188298997,271.2586637620612,432.8718666577188,464.10969913167537,472.81773317041467,458.47827326214514,402.1538754991247,474.26978275702595,445.1212841514171,433.3601042284166,395.9282001328432,168.873301480482,435.63053212067155,391.107496337838,403.38822324020947,485.3133822025616,486.6588397782695,230.24069804663569,370.19130298195404,404.7325757177729,247.66140357239925,480.4045374203017,61.526232252510624,476.33200455338556,419.57819460169964,445.17054362325695,329.0883662631307,333.8659392943138,279.80007659312463,485.2084796117536,474.569996316524,399.610004837167,439.0306503352901,482.44672809499036,417.2138798578107,467.0966995473217,426.6271761265375,414.8223653119731,407.80476954208996,465.11471356252764,152.93940708326784,478.63966884368193,428.8159611924157,336.9957992154869,373.13122851398384,466.321380205053,371.39987221614757,451.6923537184896,499.4837057940848,470.11691008348083,421.4182572214672,382.52829541073527,438.3107239065258,396.99380356190284,483.24734570631495,320.2581014390622,480.460829768312,361.46933629248616,472.2979277400564,357.75488549577346,404.8612698943025,352.6177826948738,380.6546436278985,477.3834100896288,451.1516518450493,420.96355867978417,406.09600217903494,436.9167019779112,368.84119628391505,181.51441878338963,444.67972235489185,491.39307802721515,479.3910746615821,483.21452986711125,376.388449671829,376.280949069441,411.5329393492601,432.28231633491157,447.590637938198,344.7152788933313,458.9869757538317,370.4024123808801,450.4187806731788,387.70953979829113,476.36551683677123,277.19619433471945,341.54927281378747,457.41991802874435,482.9242587343196,371.3969398879254,368.2506312839173,449.7295047018192,448.36504269272217,465.1596302728582,483.9965328936817,470.1523159072358,256.8691528934223,375.49416309576804,472.5722631190913,401.8316985171921,404.51935872340755,319.5625543191868,266.7773240954273,431.4129308949103,334.59739819086997,399.6512887440392,249.37202376821,456.79998462815047,485.40682412874514,427.9293724539271,327.10129148478165,449.45524870706214,421.24645265192606,337.3616113554747,286.7899230106988,225.29902980249537,426.0528490012698,475.6559369027824,391.1159500648022,450.25645507926504,389.0342116583279,443.76405650159387,431.2014235095146,455.14956352476804,478.31780267096883,433.5192005097892,310.8367745706553,416.1573199177331,419.4319408651247,444.6617415965263,476.3506243215418,484.4657469999198,351.7035188709086,403.2307487385879,468.14460727010055,454.4352890376126,418.88029632584033,330.54148060563415,438.6134453576837,462.71507922556,451.11137883558723,368.78812488935165,361.18211703972975,388.50896587637664,390.2976182988019,431.4907331026554,302.85559799728486,360.0353377981305,441.20544405858357,406.6967771668967,471.8126626999334,465.216993743903,457.5872710511446,484.8461549436661,404.62504518268406,446.505101995546,469.379001500189,330.79650397800856,447.2287890280938,426.2345050126867,274.78855367826,380.8227036578165,483.7537736946192,449.915948523547,467.17692821289654,434.375202935332,369.21788750707884,432.48264607723166,399.5148977606685,426.76434303713023,403.00337304392514
8,7,198.58145076713973,429.67388920756576,345.6560581841949,237.63940100573367,369.81970468190843,439.69542705652276,422.30108953634976,451.83814870737655,479.7341428560032,484.1009762339129,484.33817668239504,381.15044984064366,383.5948221502253,476.9956311447239,405.89579739706915,336.57594952083946,479.65482360267526,422.08290945986164,465.6852041579456,440.20814262361387,453.37665046375633,364.60997569186424,470.9975966161156,430.0480676201229,308.2467997505207,429.1652088614893,258.575551103391,492.3797209189242,377.7754186169259,334.954188298997,271.2586637620612,432.8718666577188,464.10969913167537,472.81773317041467,458.47827326214514,402.1538754991247,474.26978275702595,445.1212841514171,433.3601042284166,395.9282001328432,168.873301480482,435.63053212067155,391.107496337838,403.38822324020947,485.3133822025616,486.6588397782695,230.24069804663569,370.19130298195404,404.7325757177729,247.66140357239925,480.4045374203017,61.45379517509201,476.33200455338556,419.57819460169964,445.17054362325695,329.0883662631307,333.8659392943138,279.80007659312463,485.2084796117536,474.569996316524,399.610004837167,439.0306503352901,482.44672809499036,417.2138798578107,467.0966995473217,426.6271761265375,414.8223653119731,407.80476954208996,465.11471356252764,152.93940708326784,478.63966884368193,428.8159611924157,336.9957992154869,373.13122851398384,466.321380205053,371.39987221614757,451.6923537184896,499.4837057940848,470.11691008348083,421.4182572214672,382.52829541073527,438.3107239065258,396.99380356190284,483.24734570631495,320.2581014390622,480.460829768312,361.46933629248616,472.2979277400564,357.75488549577346,404.8612698943025,352.6177826948738,380.6546436278985,477.3834100896288,451.1516518450493,420.96355867978417,406.09600217903494,436.9167019779112,368.84119628391505,181.51441878338963,444.67972235489185,491.39307802721515,479.3910746615821,483.21452986711125,376.388449671829,376.280949069441,411.5329393492601,432.28231633491157,447.590637938198,344.7152788933313,458.9869757538317,370.4024123808801,450.4187806731788,387.70953979829113,476.36551683677123,277.19619433471945,341.54927281378747,457.41991802874435,482.9242587343196,371.3969398879254,368.2506312839173,449.7295047018192,448.36504269272217,465.1596302728582,483.9965328936817,470.1523159072358,256.8691528934223,375.49416309576804,472.5722631190913,401.8316985171921,404.51935872340755,319.5625543191868,266.7773240954273,431.4129308949103,334.59739819086997,399.6512887440392,249.37202376821,456.79998462815047,485.40682412874514,427.9293724539271,327.10129148478165,449.45524870706214,421.24645265192606,337.3616113554747,286.7899230106988,225.29902980249537,426.0528490012698,475.6559369027824,391.1159500648022,450.25645507926504,389.0342116583279,443.76405650159387,431.2014235095146,455.14956352476804,478.31780267096883,433.5192005097892,310.8367745706553,416.1573199177331,419.4319408651247,444.6617415965263,476.3506243215418,484.4657469999198,351.7035188709086,404.7250605720123,468.14460727010055,454.4352890376126,418.88029632584033,330.54148060563415,438.6134453576837,462.71507922556,451.11137883558723,368.78812488935165,361.18211703972975,388.50896587637664,390.2976182988019,431.4907331026554,302.85559799728486,360.0353377981305,441.20544405858357,406.6967771668967,471.8126626999334,465.216993743903,457.5872710511446,484.8461549436661,404.62504518268406,446.505101995546,469.379001500189,330.79650397800856,447.2287890280938,426.2345050126867,274.78855367826,380.8227036578165,483.7537736946192,449.915948523547,467.17692821289654,434.375202935332,369.21788750707884,432.48264607723166,399.5148977606685,426.76434303713023,403.00337304392514
8,8,198.58145076713973,429.67388920756576,345.6560581841949,237.63940100573367,369.81970468190843,439.69542705652276,422.30108953634976,451.83814870737655,479.7341428560032,484.1009762339129,484.33817668239504,381.15044984064366,383.5948221502253,476.9956311447239,405.89579739706915,336.57594952083946,479.65482360267526,422.08290945986164,465.6852041579456,440.20814262361387,453.37665046375633,364.60997569186424,470.9975966161156,430.0480676201229,308.2467997505207,429.1652088614893,258.575551103391,492.3797209189242,377.7754186169259,334.954188298997,271.2586637620612,432.8718666577188,464.10969913167537,472.81773317041467,458.47827326214514,402.1538754991247,474.26978275702595,445.1212841514171,433.3601042284166,395.9282001328432,168.873301480482,435.63053212067155,391.107496337838,403.38822324020947,485.3133822025616,486.6588397782695,230.24069804663569,370.19130298195404,404.7325757177729,247.66140357239925,480.4045374203017,61.45379517509201,476.33200455338556,419.57819460169964,445.17054362325695,329.0883662631307,333.8659392943138,279.80007659312463,485.2084796117536,474.569996316524,399.610004837167,439.0306503352901,482.44672809499036,417.2138798578107,467.0966995473217,426.6271761265375,414.8223653119731,407.80476954208996,465.11471356252764,152.93940708326784,478.63966884368193,428.8159611924157,336.9957992154869,373.13122851398384,466.321380205053,371.39987221614757,451.6040492057316,499.4837057940848,470.11691008348083,421.4182572214672,382.52829541073527,438.3107239065258,396.99380356190284,483.24734570631495,320.2581014390622,480.460829768312,361.46933629248616,472.2979277400564,357.75488549577346,404.8612698943025,352.6177826948738,380.6546436278985,477.3834100896288,451.1516518450493,420.96355867978417,406.09600217903494,436.9167019779112,368.84119628391505,181.51441878338963,444.67972235489185,491.39307802721515,479.3910746615821,483.21452986711125,376.388449671829,376.280949069441,411.5329393492601,432.28231633491157,447.590637938198,344.7152788933313,458.9869757538317,370.4024123808801,450.4187806731788,387.70953979829113,476.36551683677123,277.19619433471945,341.54927281378747,457.41991802874435,482.9242587343196,371.3969398879254,368.2506312839173,449.7295047018192,448.36504269272217,465.1596302728582,483.9965328936817,470.1523159072358,256.8691528934223,375.49416309576804,472.5722631190913,401.8316985171921,404.51935872340755,319.5625543191868,266.7773240954273,431.4129308949103,334.59739819086997,399.6512887440392,249.37202376821,456.79998462815047,485.40682412874514,427.9293724539271,327.10129148478165,449.45524870706214,421.24645265192606,337.3616113554747,286.7899230106988,225.29902980249537,426.0528490012698,475.6559369027824,391.1159500648022,450.25645507926504,389.0342116583279,443.76405650159387,431.2014235095146,455.14956352476804,478.31780267096883,433.5192005097892,310.8367745706553,416.1573199177331,419.4319408651247,444.6617415965263,476.3506243215418,484.4657469999198,351.7035188709086,404.7250605720123,468.14460727010055,454.4352890376126,418.88029632584033,330.54148060563415,438.6134453576837,462.71507922556,451.11137883558723,368.78812488935165,361.18211703972975,388.50896587637664,390.2976182988019,431.4907331026554,302.85559799728486,360.0353377981305,441.20544405858357,406.6967771668967,471.8126626999334,465.216993743903,457.5872710511446,484.8461549436661,404.62504518268406,446.505101995546,469.379001500189,330.79650397800856,447.2287890280938,426.2345050126867,274.78855367826,380.8227036578165,483.7537736946192,449.915948523547,467.17692821289654,434.375202935332,369.21788750707884,432.48264607723166,399.5148977606685,426.76434303713023,403.00337304392514
8,9,198.58145076713973,429.67388920756576,345.6560581841949,237.63940100573367,369.81970468190843,439.69542705652276,422.30108953634976,451.83814870737655,479.7341428560032,484.1009762339129,484.33817668239504,381.15044984064366,383.5948221502253,476.9956311447239,405.89579739706915,336.57594952083946,479.65482360267526,422.08290945986164,465.6852041579456,440.20814262361387,453.37665046375633,364.60997569186424,470.9975966161156,430.0480676201229,308.2467997505207,429.1652088614893,258.575551103391,492.3797209189242,377.7754186169259,334.954188298997,271.2586637620612,432.8718666577188,464.10969913167537,472.81773317041467,458.47827326214514,402.1538754991247,474.26978275702595,445.1212841514171,433.3601042284166,395.9282001328432,168.873301480482,435.63053212067155,391.107496337838,403.38822324020947,485.3133822025616,486.6588397782695,230.24069804663569,370.19130298195404,404.7325757177729,247.66140357239925,480.4045374203017,61.45379517509201,476.33200455338556,419.57819460169964,445.17054362325695,329.0883662631307,333.8659392943138,279.80007659312463,485.2084796117536,474.569996316524,399.610004837167,439.0306503352901,482.44672809499036,417.2138798578107,467.0966995473217,426.6271761265375,414.8223653119731,407.80476954208996,465.11471356252764,152.93940708326784,478.63966884368193,428.8159611924157,336.9957992154869,373.13122851398384,466.321380205053,371.39987221614757,451.6040492057316,499.4837057940848,470.11691008348083,421.4182572214672,382.52829541073527,438.3107239065258,396.99380356190284,483.24734570631495,320.2581014390622,480.460829768312,361.46933629248616,472.2979277400564,357.75488549577346,404.8612698943025,352.6177826948738,380.6546436278985,477.3834100896288,451.1516518450493,420.96355867978417,406.09600217903494,436.9167019779112,368.84119628391505,181.43930909079947,444.67972235489185,491.39307802721515,479.3910746615821,483.21452986711125,376.388449671829,376.280949069441,411.5329393492601,432.28231633491157,447.590637938198,344.7152788933313,458.9869757538317,370.4024123808801,450.4187806731788,387.70953979829113,476.36551683677123,277.19619433471945,341.54927281378747,457.41991802874435,482.9242587343196,371.3969398879254,368.2506312839173,449.7295047018192,448.36504269272217,465.1596302728582,483.9965328936817,470.1523159072358,256.8691528934223,375.49416309576804,472.5722631190913,401.8316985171921,404.51935872340755,319.5625543191868,266.7773240954273,431.4129308949103,334.59739819086997,399.6512887440392,249.37202376821,456.79998462815047,485.40682412874514,427.9293724539271,327.10129148478165,449.45524870706214,421.24645265192606,337.3616113554747,286.7899230106988,225.29902980249537,426.0528490012698,475.6559369027824,391.1159500648022,450.25645507926504,389.0342116583279,443.76405650159387,431.2014235095146,455.14956352476804,478.31780267096883,433.5192005097892,310.8367745706553,416.1573199177331,419.4319408651247,444.6617415965263,476.3506243215418,484.4657469999198,351.7035188709086,404.7250605720123,468.14460727010055,454.4352890376126,418.88029632584033,330.54148060563415,438.6134453576837,462.71507922556,451.11137883558723,368.78812488935165,361.18211703972975,388.50896587637664,390.2976182988019,431.4907331026554,302.85559799728486,360.0353377981305,441.20544405858357,406.6967771668967,471.8126626999334,465.216993743903,457.5872710511446,484.8461549436661,404.62504518268406,446.505101995546,469.379001500189,330.79650397800856,447.2287890280938,426.2345050126867,274.78855367826,380.8227036578165,483.7537736946192,449.915948523547,467.17692821289654,434.375202935332,369.21788750707884,432.48264607723166,399.5148977606685,426.76434303713023,403.00337304392514
8,10,198.58145076713973,429.67388920756576,345.6560581841949,237.63940100573367,369.81970468190843,439.69542705652276,422.30108953634976,451.83814870737655,479.7341428560032,484.1009762339129,484.33817668239504,381.15044984064366,383.5948221502253,476.9956311447239,405.89579739706915,336.57594952083946,479.65482360267526,422.08290945986164,465.6852041579456,440.20814262361387,453.37665046375633,364.60997569186424,470.9975966161156,430.0480676201229,308.2467997505207,429.1652088614893,258.575551103391,492.3797209189242,377.7754186169259,334.954188298997,271.2586637620612,432.8718666577188,464.10969913167537,472.81773317041467,458.47827326214514,402.1538754991247,474.26978275702595,445.1212841514171,433.3601042284166,395.9282001328432,168.873301480482,435.63053212067155,391.107496337838,403.38822324020947,485.3133822025616,486.6588397782695,230.24069804663569,370.19130298195404,404.7325757177729,247.66140357239925,480.4045374203017,61.45379517509201,476.33200455338556,419.57819460169964,445.17054362325695,329.0883662631307,333.8659392943138,279.80007659312463,485.2084796117536,474.569996316524,399.610004837167,439.0306503352901,482.44672809499036,417.2138798578107,467.0966995473217,426.6271761265375,414.8223653119731,407.80476954208996,465.11471356252764,152.93940708326784,478.63966884368193,428.8159611924157,336.9957992154869,373.13122851398384,466.321380205053,371.39987221614757,451.6040492057316,499.4837057940848,470.11691008348083,421.4182572214672,382.52829541073527,438.3107239065258,396.99380356190284,483.24734570631495,320.2581014390622,480.460829768312,361.46933629248616,472.2979277400564,357.75488549577346,404.8612698943025,352.6177826948738,380.6546436278985,477.3834100896288,451.1516518450493,420.96355867978417,406.09600217903494,436.9167019779112,368.84119628391505,181.43930909079947,444.67972235489185,491.39307802721515,479.3910746615821,483.21452986711125,376.388449671829,376.280949069441,411.5329393492601,432.28231633491157,447.590637938198,344.7152788933313,458.9869757538317,370.4024123808801,450.4187806731788,387.70953979829113,476.36551683677123,277.19619433471945,341.54927281378747,457.41991802874435,482.9242587343196,371.3969398879254,368.2506312839173,449.7295047018192,448.36504269272217,465.1596302728582,483.9965328936817,470.1523159072358,256.8691528934223,375.49416309576804,472.5722631190913,401.8316985171921,404.51935872340755,319.5625543191868,266.7773240954273,431.4129308949103,334.59739819086997,399.6512887440392,249.37202376821,456.79998462815047,485.40682412874514,427.9293724539271,327.10129148478165,449.45524870706214,421.24645265192606,337.3616113554747,286.7899230106988,225.29902980249537,426.0528490012698,475.6559369027824,391.1159500648022,450.25645507926504,389.0342116583279,443.76405650159387,431.2014235095146,455.14956352476804,478.31780267096883,433.5192005097892,310.8367745706553,416.1573199177331,419.4319408651247,444.6617415965263,476.3506243215418,484.4657469999198,351.7035188709086,404.7250605720123,468.14460727010055,454.4352890376126,418.88029632584033,330.54148060563415,438.6134453576837,462.71507922556,451.11137883558723,368.78812488935165,361.18211703972975,388.50896587637664,390.2976182988019,431.4907331026554,302.85559799728486,360.0353377981305,441.20544405858357,406.6967771668967,471.8126626999334,465.216993743903,457.5872710511446,484.8461549436661,404.62504518268406,446.505101995546,469.379001500189,330.79650397800856,447.2287890280938,426.2345050126867,274.78855367826,380.8227036578165,483.7537736946192,449.915948523547,467.17692821289654,434.375202935332,369.21788750707884,432.48264607723166,399.5148977606685,426.76434303713023,403.00337304392514
8,11,198.58145076713973,429.67388920756576,345.6560581841949,237.63940100573367,369.81970468190843,439.69542705652276,422.30108953634976,451.83814870737655,479.7341428560032,484.1009762339129,484.33817668239504,381.15044984064366,383.5948221502253,476.9956311447239,405.89579739706915,336.57594952083946,479.65482360267526,422.08290945986164,465.6852041579456,440.20814262361387,453.37665046375633,364.60997569186424,470.9975966161156,430.0480676201229,308.2467997505207,429.1652088614893,258.575551103391,492.3797209189242,377.7754186169259,334.954188298997,271.2586637620612,432.8718666577188,464.10969913167537,472.81773317041467,458.47827326214514,402.1538754991247,474.26978275702595,445.1212841514171,433.3601042284166,395.9282001328432,168.873301480482,435.63053212067155,391.107496337838,403.38822324020947,485.3133822025616,486.6588397782695,230.24069804663569,370.19130298195404,404.7325757177729,247.66140357239925,480.4045374203017,61.45379517509201,476.33200455338556,419.57819460169964,445.17054362325695,329.0883662631307,333.8659392943138,279.80007659312463,485.2084796117536,474.569996316524,399.610004837167,439.0306503352901,482.44672809499036,417.2138798578107,467.0966995473217,426.6271761265375,414.8223653119731,407.80476954208996,465.11471356252764,152.93940708326784,478.63966884368193,428.8159611924157,336.9957992154869,373.13122851398384,466.321380205053,371.39987221614757,451.6040492057316,499.4837057940848,470.11691008348083,421.4182572214672,382.52829541073527,438.3107239065258,396.99380356190284,483.24734570631495,320.2581014390622,480.460829768312,361.46933629248616,472.2979277400564,357.75488549577346,404.8612698943025,352.6177826948738,380.6546436278985,477.3834100896288,451.1516518450493,420.96355867978417,406.09600217903494,436.9167019779112,368.84119628391505,181.43930909079947,444.67972235489185,491.39307802721515,479.3910746615821,483.21452986711125,376.388449671829,376.280949069441,411.5329393492601,432.28231633491157,447.590637938198,344.7152788933313,458.9869757538317,370.4024123808801,450.4187806731788,387.70953979829113,476.36551683677123,277.19619433471945,341.54927281378747,457.41991802874435,482.9242587343196,371.3969398879254,368.2506312839173,449.7295047018192,448.36504269272217,465.1596302728582,483.9965328936817,470.1523159072358,256.8691528934223,375.49416309576804,472.5722631190913,401.8316985171921,404.51935872340755,319.5625543191868,266.7773240954273,431.4129308949103,334.59739819086997,399.6512887440392,249.37202376821,456.79998462815047,485.40682412874514,427.9293724539271,327.10129148478165,449.45524870706214,421.24645265192606,337.3616113554747,286.7899230106988,225.29902980249537,426.0528490012698,475.6559369027824,391.1159500648022,450.25645507926504,389.0342116583279,443.76405650159387,431.2014235095146,455.14956352476804,478.31780267096883,433.5192005097892,310.8367745706553,416.1573199177331,419.4319408651247,444.6617415965263,476.3506243215418,484.4657469999198,351.7035188709086,404.7250605720123,468.14460727010055,454.4352890376126,418.88029632584033,330.54148060563415,438.6134453576837,462.71507922556,451.11137883558723,368.78812488935165,361.18211703972975,388.50896587637664,390.2976182988019,431.4907331026554,302.85559799728486,360.0353377981305,441.20544405858357,406.6967771668967,471.8126626999334,465.216993743903,457.5872710511446,484.8461549436661,404.62504518268406,446.505101995546,469.379001500189,330.79650397800856,447.2287890280938,426.2345050126867,274.78855367826,380.8227036578165,483.7537736946192,449.915948523547,467.17692821289654,434.375202935332,369.21788750707884,432.48264607723166,399.5148977606685,426.76434303713023,403.00337304392514
8,12,198.58145076713973,429.67388920756576,345.6560581841949,237.63940100573367,369.81970468190843,439.69542705652276,422.30108953634976,451.83814870737655,479.7341428560032,484.1009762339129,484.33817668239504,381.15044984064366,383.5948221502253,476.9956311447239,405.89579739706915,336.57594952083946,479.65482360267526,422.08290945986164,465.6852041579456,440.20814262361387,453.37665046375633,364.60997569186424,470.9975966161156,430.0480676201229,308.2467997505207,429.1652088614893,258.575551103391,492.3797209189242,377.7754186169259,334.954188298997,271.2586637620612,432.8718666577188,464.10969913167537,472.81773317041467,458.47827326214514,402.1538754991247,474.26978275702595,445.1212841514171,433.3601042284166,395.9282001328432,168.873301480482,435.63053212067155,391.107496337838,403.38822324020947,485.3133822025616,486.6588397782695,230.24069804663569,370.19130298195404,404.7325757177729,247.66140357239925,480.4045374203017,61.45379517509201,476.33200455338556,419.57819460169964,445.17054362325695,329.0883662631307,333.8659392943138,279.80007659312463,485.2084796117536,474.569996316524,399.610004837167,439.0306503352901,482.44672809499036,417.2138798578107,467.0966995473217,426.6271761265375,414.8223653119731,407.80476954208996,465.11471356252764,152.93940708326784,478.63966884368193,428.8159611924157,336.9957992154869,373.13122851398384,466.321380205053,371.39987221614757,451.6040492057316,499.4837057940848,470.11691008348083,421.4182572214672,382.52829541073527,438.3107239065258,396.99380356190284,483.24734570631495,320.2581014390622,480.460829768312,361.46933629248616,472.2979277400564,357.75488549577346,404.8612698943025,352.6177826948738,380.6546436278985,477.3834100896288,451.1516518450493,420.96355867978417,406.09600217903494,436.9167019779112,368.84119628391505,181.43930909079947,444.67972235489185,491.39307802721515,479.3910746615821,483.21452986711125,376.388449671829,376.280949069441,411.5329393492601,432.28231633491157,447.590637938198,344.7152788933313,458.9869757538317,370.4024123808801,450.4187806731788,387.70953979829113,476.36551683677123,277.19619433471945,341.54927281378747,457.41991802874435,482.9242587343196,371.3969398879254,368.2506312839173,449.7295047018192,448.36504269272217,465.1596302728582,483.9965328936817,470.1523159072358,256.8691528934223,375.49416309576804,472.5722631190913,401.8316985171921,404.51935872340755,319.5625543191868,266.7773240954273,431.4129308949103,334.59739819086997,399.6512887440392,249.37202376821,456.79998462815047,485.40682412874514,427.9293724539271,327.10129148478165,449.45524870706214,421.24645265192606,337.3616113554747,286.7899230106988,225.29902980249537,426.0528490012698,475.6559369027824,391.1159500648022,450.25645507926504,389.0342116583279,443.76405650159387,431.2014235095146,455.14956352476804,478.31780267096883,433.5192005097892,310.8367745706553,416.1573199177331,419.4319408651247,444.6617415965263,476.3506243215418,484.4657469999198,351.7035188709086,404.7250605720123,468.14460727010055,454.4352890376126,418.88029632584033,330.54148060563415,438.6134453576837,462.71507922556,451.11137883558723,368.78812488935165,361.18211703972975,388.50896587637664,390.2976182988019,431.4907331026554,302.85559799728486,360.0353377981305,441.20544405858357,406.6967771668967,471.8126626999334,465.216993743903,457.5872710511446,484.8461549436661,404.62504518268406,446.505101995546,469.379001500189,330.79650397800856,447.2287890280938,426.2345050126867,274.78855367826,380.8227036578165,483.7537736946192,449.915948523547,467.17692821289654,434.375202935332,369.21788750707884,432.48264607723166,399.5148977606685,426.76434303713023,403.00337304392514
8,13,198.58145076713973,429.67388920756576,345.6560581841949,237.63940100573367,369.81970468190843,439.69542705652276,422.30108953634976,451.83814870737655,479.7341428560032,484.1009762339129,484.33817668239504,381.15044984064366,383.5948221502253,476.9956311447239,405.89579739706915,336.57594952083946,479.65482360267526,422.08290945986164,465.6852041579456,440.20814262361387,453.37665046375633,364.60997569186424,470.9975966161156,430.0480676201229,308.2467997505207,429.1652088614893,258.575551103391,492.3797209189242,377.7754186169259,334.954188298997,271.2586637620612,432.8718666577188,464.10969913167537,472.81773317041467,458.47827326214514,402.1538754991247,474.26978275702595,445.1212841514171,433.3601042284166,395.9282001328432,168.873301480482,435.63053212067155,391.107496337838,403.38822324020947,485.3133822025616,486.6588397782695,230.24069804663569,370.19130298195404,404.7325757177729,247.66140357239925,480.4045374203017,61.45379517509201,476.33200455338556,419.57819460169964,445.17054362325695,329.0883662631307,333.8659392943138,279.80007659312463,485.2084796117536,474.569996316524,399.610004837167,439.0306503352901,482.44672809499036,417.2138798578107,467.0966995473217,426.6271761265375,414.8223653119731,407.80476954208996,465.11471356252764,152.93940708326784,478.63966884368193,428.8159611924157,336.9957992154869,373.13122851398384,466.321380205053,371.39987221614757,451.6040492057316,499.4837057940848,470.11691008348083,421.4182572214672,382.52829541073527,438.3107239065258,396.99380356190284,483.24734570631495,320.2581014390622,480.460829768312,361.46933629248616,472.2979277400564,357.75488549577346,404.8612698943025,352.6177826948738,380.6546436278985,477.3834100896288,451.1516518450493,420.96355867978417,406.09600217903494,436.9167019779112,368.84119628391505,181.43930909079947,444.67972235489185,491.39307802721515,479.3910746615821,483.21452986711125,376.388449671829,376.280949069441,411.5329393492601,432.28231633491157,447.590637938198,344.7152788933313,458.9869757538317,370.4024123808801,450.4187806731788,387.70953979829113,476.36551683677123,277.19619433471945,341.54927281378747,457.41991802874435,482.9242587343196,371.3969398879254,368.2506312839173,449.7295047018192,448.36504269272217,465.1596302728582,483.9965328936817,470.1523159072358,256.8691528934223,375.49416309576804,472.5722631190913,401.8316985171921,404.51935872340755,319.5625543191868,266.7773240954273,431.4129308949103,334.59739819086997,399.6512887440392,249.37202376821,456.79998462815047,485.40682412874514,427.9293724539271,327.10129148478165,449.45524870706214,421.24645265192606,337.3616113554747,286.7899230106988,225.29902980249537,426.0528490012698,475.6559369027824,391.1159500648022,450.25645507926504,389.0342116583279,443.76405650159387,431.2014235095146,455.14956352476804,478.31780267096883,433.5192005097892,310.8367745706553,416.1573199177331,419.4319408651247,444.6617415965263,476.3506243215418,484.4657469999198,351.7035188709086,404.7250605720123,468.14460727010055,454.4352890376126,418.88029632584033,330.54148060563415,438.6134453576837,462.71507922556,451.11137883558723,368.78812488935165,361.18211703972975,388.50896587637664,390.2976182988019,431.4907331026554,302.85559799728486,360.0353377981305,441.20544405858357,406.6967771668967,471.8126626999334,465.216993743903,457.5872710511446,484.8461549436661,404.62504518268406,446.505101995546,469.379001500189,330.79650397800856,447.2287890280938,426.2345050126867,274.78855367826,380.8227036578165,483.7537736946192,449.915948523547,467.17692821289654,434.375202935332,369.21788750707884,432.48264607723166,399.5148977606685,426.76434303713023,403.00337304392514
8,14,198.58145076713973,429.67388920756576,345.6560581841949,237.63940100573367,369.81970468190843,439.69542705652276,422.30108953634976,451.83814870737655,479.7341428560032,484.1009762339129,484.33817668239504,381.15044984064366,383.5948221502253,476.9956311447239,405.89579739706915,336.57594952083946,479.65482360267526,422.08290945986164,465.6852041579456,440.20814262361387,453.37665046375633,364.60997569186424,470.9975966161156,430.0480676201229,308.2467997505207,429.1652088614893,258.575551103391,492.3797209189242,377.7754186169259,334.954188298997,271.2586637620612,432.8718666577188,464.10969913167537,472.81773317041467,458.47827326214514,402.1538754991247,474.26978275702595,445.1212841514171,433.3601042284166,395.9282001328432,168.873301480482,435.63053212067155,391.107496337838,403.38822324020947,485.3133822025616,486.6588397782695,230.24069804663569,370.19130298195404,404.7325757177729,247.66140357239925,480.4045374203017,61.45379517509201,476.33200455338556,419.57819460169964,445.17054362325695,329.0883662631307,333.8659392943138,279.80007659312463,485.2084796117536,474.569996316524,399.610004837167,439.0306503352901,482.44672809499036,417.2138798578107,467.0966995473217,426.6271761265375,414.8223653119731,407.80476954208996,465.11471356252764,152.93940708326784,478.63966884368193,428.8159611924157,336.9957992154869,373.13122851398384,466.321380205053,371.39987221614757,451.6040492057316,499.4837057940848,470.11691008348083,421.4182572214672,382.52829541073527,438.3107239065258,396.99380356190284,483.24734570631495,320.2581014390622,480.460829768312,361.46933629248616,472.2979277400564,357.75488549577346,404.8612698943025,352.6177826948738,380.6546436278985,477.3834100896288,451.1516518450493,420.96355867978417,406.09600217903494,436.9167019779112,368.84119628391505,181.43930909079947,444.67972235489185,491.39307802721515,479.3910746615821,483.21452986711125,376.388449671829,376.280949069441,411.5329393492601,432.28231633491157,447.590637938198,344.7152788933313,458.9869757538317,370.4024123808801,450.4187806731788,387.70953979829113,476.36551683677123,277.19619433471945,341.54927281378747,457.41991802874435,482.9242587343196,371.3969398879254,368.2506312839173,449.7295047018192,448.36504269272217,465.1596302728582,483.9965328936817,470.1523159072358,256.8691528934223,375.49416309576804,472.5722631190913,401.8316985171921,404.51935872340755,319.5625543191868,266.7773240954273,431.4129308949103,334.59739819086997,399.6512887440392,249.37202376821,456.79998462815047,485.40682412874514,427.9293724539271,327.10129148478165,449.45524870706214,421.24645265192606,337.3616113554747,286.7899230106988,225.29902980249537,426.0528490012698,475.6559369027824,391.1159500648022,450.25645507926504,389.0342116583279,443.76405650159387,431.2014235095146,455.14956352476804,478.31780267096883,433.5192005097892,310.8367745706553,416.1573199177331,419.4319408651247,444.6617415965263,476.3506243215418,484.4657469999198,351.7035188709086,404.7250605720123,468.14460727010055,454.4352890376126,418.88029632584033,330.54148060563415,438.6134453576837,462.71507922556,451.11137883558723,368.78812488935165,361.18211703972975,388.50896587637664,390.2976182988019,431.4907331026554,302.85559799728486,360.0353377981305,441.20544405858357,406.6967771668967,471.8126626999334,465.216993743903,457.5872710511446,484.8461549436661,404.62504518268406,446.505101995546,469.379001500189,330.79650397800856,447.2287890280938,426.2345050126867,274.78855367826,380.8227036578165,483.7537736946192,449.915948523547,467.17692821289654,434.375202935332,369.21788750707884,432.48264607723166,399.5148977606685,426.76434303713023,403.00337304392514
8,15,198.58145076713973,429.67388920756576,345.6560581841949,237.63940100573367,369.81970468190843,439.69542705652276,422.30108953634976,451.83814870737655,479.7341428560032,484.1009762339129,484.33817668239504,381.15044984064366,383.5948221502253,476.9956311447239,405.89579739706915,336.57594952083946,479.65482360267526,422.08290945986164,465.6852041579456,440.20814262361387,453.37665046375633,364.60997569186424,470.9975966161156,430.0480676201229,308.2467997505207,429.1652088614893,258.575551103391,492.3797209189242,377.7754186169259,334.954188298997,271.2586637620612,432.8718666577188,464.10969913167537,472.81773317041467,458.47827326214514,402.1538754991247,474.26978275702595,445.1212841514171,433.3601042284166,395.9282001328432,168.873301480482,435.63053212067155,391.107496337838,403.38822324020947,485.3133822025616,486.6588397782695,230.24069804663569,370.19130298195404,404.7325757177729,247.66140357239925,480.4045374203017,61.45379517509201,476.33200455338556,419.57819460169964,445.17054362325695,329.0883662631307,333.8659392943138,279.80007659312463,485.2084796117536,474.569996316524,399.610004837167,439.0306503352901,482.44672809499036,417.2138798578107,467.0966995473217,426.6271761265375,414.8223653119731,407.80476954208996,465.11471356252764,152.93940708326784,478.63966884368193,428.8159611924157,336.9957992154869,373.13122851398384,466.321380205053,371.39987221614757,451.6040492057316,499.4837057940848,470.11691008348083,421.4182572214672,382.52829541073527,438.3107239065258,396.99380356190284,483.24734570631495,320.2581014390622,480.460829768312,361.46933629248616,472.2979277400564,357.75488549577346,404.8612698943025,352.6177826948738,380.6546436278985,477.3834100896288,451.1516518450493,420.96355867978417,406.09600217903494,436.9167019779112,368.84119628391505,181.43930909079947,444.67972235489185,491.39307802721515,479.3910746615821,483.21452986711125,376.388449671829,376.280949069441,411.5329393492601,432.28231633491157,447.590637938198,344.7152788933313,458.9869757538317,370.4024123808801,450.4187806731788,387.70953979829113,476.36551683677123,277.19619433471945,341.54927281378747,457.41991802874435,482.9242587343196,371.3969398879254,368.2506312839173,449.7295047018192,448.36504269272217,465.1596302728582,483.9965328936817,470.1523159072358,256.8691528934223,375.49416309576804,472.5722631190913,401.8316985171921,404.51935872340755,319.5625543191868,266.7773240954273,431.4129308949103,334.59739819086997,399.6512887440392,249.37202376821,456.79998462815047,485.40682412874514,427.9293724539271,327.10129148478165,449.45524870706214,421.24645265192606,337.3616113554747,286.7899230106988,225.29902980249537,426.0528490012698,475.6559369027824,391.1159500648022,450.25645507926504,389.0342116583279,443.76405650159387,431.2014235095146,455.14956352476804,478.31780267096883,433.5192005097892,310.8367745706553,416.1573199177331,419.4319408651247,444.6617415965263,476.3506243215418,484.4657469999198,351.7035188709086,404.7250605720123,468.14460727010055,454.4352890376126,418.88029632584033,330.54148060563415,438.6134453576837,462.71507922556,451.11137883558723,368.78812488935165,361.18211703972975,388.50896587637664,390.2976182988019,431.4907331026554,302.85559799728486,360.0353377981305,441.20544405858357,406.6967771668967,471.8126626999334,465.216993743903,457.5872710511446,484.8461549436661,404.62504518268406,446.505101995546,469.379001500189,330.79650397800856,447.2287890280938,426.2345050126867,274.78855367826,380.8227036578165,483.7537736946192,449.915948523547,467.17692821289654,434.375202935332,369.21788750707884,432.48264607723166,399.5148977606685,426.76434303713023,403.00337304392514
8,16,198.58145076713973,429.67388920756576,345.6560581841949,237.63940100573367,369.81970468190843,439.69542705652276,422.30108953634976,451.83814870737655,479.7341428560032,484.1009762339129,484.33817668239504,381.15044984064366,383.5948221502253,476.9956311447239,405.89579739706915,336.57594952083946,479.65482360267526,422.08290945986164,465.6852041579456,440.20814262361387,453.37665046375633,364.60997569186424,470.9975966161156,430.0480676201229,308.2467997505207,429.1652088614893,258.575551103391,492.3797209189242,377.7754186169259,334.954188298997,271.2586637620612,432.8718666577188,464.10969913167537,472.81773317041467,458.47827326214514,402.1538754991247,474.26978275702595,445.1212841514171,433.3601042284166,395.9282001328432,168.873301480482,435.63053212067155,391.107496337838,403.38822324020947,485.3133822025616,486.6588397782695,230.24069804663569,370.19130298195404,404.7325757177729,247.66140357239925,480.4045374203017,61.45379517509201,476.33200455338556,419.57819460169964,445.17054362325695,329.0883662631307,333.8659392943138,279.80007659312463,485.2084796117536,474.569996316524,399.610004837167,439.0306503352901,482.44672809499036,417.2138798578107,467.0966995473217,426.6271761265375,414.8223653119731,407.80476954208996,465.11471356252764,152.93940708326784,478.63966884368193,428.8159611924157,336.9957992154869,373.13122851398384,466.321380205053,371.39987221614757,451.6040492057316,499.4837057940848,470.11691008348083,421.4182572214672,382.52829541073527,438.3107239065258,396.99380356190284,483.24734570631495,320.2581014390622,480.460829768312,361.46933629248616,472.2979277400564,357.75488549577346,404.8612698943025,352.6177826948738,380.6546436278985,477.3834100896288,451.1516518450493,420.96355867978417,406.09600217903494,436.9167019779112,368.84119628391505,181.43930909079947,444.67972235489185,491.39307802721515,479.3910746615821,483.21452986711125,376.388449671829,376.280949069441,411.5329393492601,432.28231633491157,447.590637938198,344.7152788933313,458.9869757538317,370.4024123808801,450.4187806731788,387.70953979829113,476.36551683677123,277.19619433471945,341.54927281378747,457.41991802874435,482.9242587343196,371.3969398879254,368.2506312839173,449.7295047018192,448.36504269272217,465.1596302728582,483.9965328936817,470.1523159072358,256.8691528934223,375.49416309576804,472.5722631190913,401.8316985171921,404.51935872340755,319.5625543191868,266.7773240954273,431.4129308949103,334.59739819086997,399.6512887440392,249.37202376821,456.79998462815047,485.40682412874514,427.9293724539271,327.10129148478165,449.45524870706214,421.24645265192606,337.3616113554747,286.7899230106988,225.29902980249537,426.0528490012698,475.6559369027824,391.1159500648022,450.25645507926504,389.0342116583279,443.76405650159387,431.2014235095146,455.14956352476804,478.31780267096883,433.5192005097892,310.8367745706553,416.1573199177331,419.4319408651247,444.6617415965263,476.3506243215418,484.4657469999198,351.7035188709086,404.7250605720123,468.14460727010055,454.4352890376126,418.88029632584033,330.54148060563415,438.6134453576837,462.71507922556,451.11137883558723,368.78812488935165,361.18211703972975,388.50896587637664,390.2976182988019,431.4907331026554,302.85559799728486,360.0353377981305,441.20544405858357,406.6967771668967,471.8126626999334,465.216993743903,457.5872710511446,484.8461549436661,404.62504518268406,446.505101995546,469.379001500189,330.79650397800856,447.2287890280938,426.2345050126867,274.78855367826,380.8227036578165,483.7537736946192,449.915948523547,467.17692821289654,434.375202935332,369.21788750707884,432.48264607723166,399.5148977606685,426.76434303713023,403.00337304392514
8,17,198.58145076713973,429.67388920756576,345.6560581841949,237.63940100573367,369.81970468190843,439.69542705652276,422.30108953634976,451.83814870737655,479.7341428560032,484.1009762339129,484.33817668239504,381.15044984064366,383.5948221502253,476.9956311447239,405.89579739706915,336.57594952083946,479.65482360267526,422.08290945986164,465.6852041579456,440.20814262361387,453.37665046375633,364.60997569186424,470.9975966161156,430.0480676201229,308.2467997505207,429.1652088614893,258.575551103391,492.3797209189242,377.7754186169259,334.954188298997,271.2586637620612,432.8718666577188,464.10969913167537,472.81773317041467,458.47827326214514,402.1538754991247,474.26978275702595,445.1212841514171,433.3601042284166,395.9282001328432,168.873301480482,435.63053212067155,391.107496337838,403.38822324020947,485.3133822025616,486.6588397782695,230.24069804663569,370.19130298195404,404.7325757177729,247.66140357239925,480.4045374203017,61.45379517509201,476.33200455338556,419.57819460169964,445.17054362325695,329.0883662631307,333.8659392943138,279.80007659312463,485.2084796117536,474.569996316524,399.610004837167,439.0306503352901,482.44672809499036,417.2138798578107,467.0966995473217,426.6271761265375,414.8223653119731,407.80476954208996,465.11471356252764,152.93940708326784,478.63966884368193,428.8159611924157,336.9957992154869,373.13122851398384,466.321380205053,371.39987221614757,451.6040492057316,499.4837057940848,470.11691008348083,421.4182572214672,382.52829541073527,438.3107239065258,396.99380356190284,483.24734570631495,320.2581014390622,480.460829768312,361.46933629248616,472.2979277400564,357.75488549577346,404.8612698943025,352.6177826948738,380.6546436278985,477.3834100896288,451.1516518450493,420.96355867978417,406.09600217903494,436.9167019779112,368.84119628391505,181.43930909079947,444.67972235489185,491.39307802721515,479.3910746615821,483.21452986711125,376.388449671829,376.280949069441,411.5329393492601,432.28231633491157,447.590637938198,344.7152788933313,458.9869757538317,370.4024123808801,450.4187806731788,387.70953979829113,476.36551683677123,277.19619433471945,341.54927281378747,457.41991802874435,482.9242587343196,371.3969398879254,368.2506312839173,449.7295047018192,448.36504269272217,465.1596302728582,483.9965328936817,470.1523159072358,256.8691528934223,375.49416309576804,472.5722631190913,401.8316985171921,404.51935872340755,319.5625543191868,266.7773240954273,431.4129308949103,334.59739819086997,399.6512887440392,249.37202376821,456.79998462815047,485.40682412874514,427.9293724539271,327.10129148478165,449.45524870706214,421.24645265192606,337.3616113554747,286.7899230106988,225.29902980249537,426.0528490012698,475.6559369027824,391.1159500648022,450.25645507926504,389.0342116583279,443.76405650159387,431.2014235095146,455.14956352476804,478.31780267096883,433.5192005097892,310.8367745706553,416.1573199177331,419.4319408651247,444.6617415965263,476.3506243215418,484.4657469999198,351.7035188709086,404.7250605720123,468.14460727010055,454.4352890376126,418.88029632584033,330.54148060563415,438.6134453576837,462.71507922556,451.11137883558723,368.78812488935165,361.18211703972975,388.50896587637664,390.2976182988019,431.4907331026554,302.85559799728486,360.0353377981305,441.20544405858357,406.6967771668967,471.8126626999334,465.216993743903,457.5872710511446,484.8461549436661,404.62504518268406,446.505101995546,469.379001500189,330.79650397800856,447.2287890280938,426.2345050126867,274.78855367826,380.8227036578165,483.7537736946192,449.915948523547,467.17692821289654,434.375202935332,369.21788750707884,432.48264607723166,399.5148977606685,426.76434303713023,403.00337304392514
8,18,198.58145076713973,429.67388920756576,345.6560581841949,237.63940100573367,369.81970468190843,439.69542705652276,422.30108953634976,451.83814870737655,479.7341428560032,484.1009762339129,484.33817668239504,381.15044984064366,383.5948221502253,476.9956311447239,405.89579739706915,336.57594952083946,479.65482360267526,422.08290945986164,465.6852041579456,440.20814262361387,453.37665046375633,364.60997569186424,470.9975966161156,430.0480676201229,308.2467997505207,429.1652088614893,258.575551103391,492.3797209189242,377.7754186169259,334.954188298997,271.2586637620612,432.8718666577188,464.10969913167537,472.81773317041467,458.47827326214514,402.1538754991247,474.26978275702595,445.1212841514171,433.3601042284166,395.9282001328432,168.873301480482,435.63053212067155,391.107496337838,403.38822324020947,485.3133822025616,486.6588397782695,230.24069804663569,370.19130298195404,404.7325757177729,247.66140357239925,480.4045374203017,61.45379517509201,476.33200455338556,419.57819460169964,445.17054362325695,329.0883662631307,333.8659392943138,279.80007659312463,485.2084796117536,474.569996316524,399.610004837167,439.0306503352901,482.44672809499036,417.2138798578107,467.0966995473217,426.6271761265375,414.8223653119731,407.80476954208996,465.11471356252764,152.93940708326784,478.63966884368193,428.8159611924157,336.9957992154869,373.13122851398384,466.321380205053,371.39987221614757,451.6040492057316,499.4837057940848,470.11691008348083,421.4182572214672,382.52829541073527,438.3107239065258,396.99380356190284,483.24734570631495,320.2581014390622,480.460829768312,361.46933629248616,472.2979277400564,357.75488549577346,404.8612698943025,352.6177826948738,380.6546436278985,477.3834100896288,451.1516518450493,420.96355867978417,406.09600217903494,436.9167019779112,368.84119628391505,181.43930909079947,444.67972235489185,491.39307802721515,479.3910746615821,483.21452986711125,376.388449671829,376.280949069441,411.5329393492601,432.28231633491157,447.590637938198,344.7152788933313,458.9869757538317,370.4024123808801,450.4187806731788,387.70953979829113,476.36551683677123,277.19619433471945,341.54927281378747,457.41991802874435,482.9242587343196,371.3969398879254,368.2506312839173,449.7295047018192,448.36504269272217,465.1596302728582,483.9965328936817,470.1523159072358,256.8691528934223,375.49416309576804,472.5722631190913,401.8316985171921,404.51935872340755,319.5625543191868,266.7773240954273,431.4129308949103,334.59739819086997,399.6512887440392,249.37202376821,456.79998462815047,485.40682412874514,427.9293724539271,327.10129148478165,449.45524870706214,421.24645265192606,337.3616113554747,286.7899230106988,225.29902980249537,426.0528490012698,475.6559369027824,391.1159500648022,450.25645507926504,389.0342116583279,443.76405650159387,431.2014235095146,455.14956352476804,478.31780267096883,433.5192005097892,310.8367745706553,416.1573199177331,419.4319408651247,444.6617415965263,476.3506243215418,484.4657469999198,351.7035188709086,404.7250605720123,468.14460727010055,454.4352890376126,418.88029632584033,330.54148060563415,438.6134453576837,462.71507922556,451.11137883558723,368.78812488935165,361.18211703972975,388.50896587637664,390.2976182988019,431.4907331026554,302.85559799728486,360.0353377981305,441.20544405858357,406.6967771668967,471.8126626999334,465.216993743903,457.5872710511446,484.8461549436661,404.62504518268406,446.505101995546,469.379001500189,330.79650397800856,447.2287890280938,426.2345050126867,274.78855367826,380.8227036578165,483.7537736946192,449.915948523547,467.17692821289654,434.375202935332,369.21788750707884,432.48264607723166,399.5148977606685,426.76434303713023,403.00337304392514
8,19,198.58145076713973,429.67388920756576,345.6560581841949,237.63940100573367,369.81970468190843,439.69542705652276,422.30108953634976,451.83814870737655,479.7341428560032,484.1009762339129,484.33817668239504,381.15044984064366,383.5948221502253,476.9956311447239,405.89579739706915,336.57594952083946,479.65482360267526,422.08290945986164,465.6852041579456,440.20814262361387,453.37665046375633,364.60997569186424,470.9975966161156,430.0480676201229,308.2467997505207,429.1652088614893,258.575551103391,492.3797209189242,377.7754186169259,334.954188298997,271.2586637620612,432.8718666577188,464.10969913167537,472.81773317041467,458.47827326214514,402.1538754991247,474.26978275702595,445.1212841514171,433.3601042284166,395.9282001328432,168.873301480482,435.63053212067155,391.107496337838,403.38822324020947,485.3133822025616,486.6588397782695,230.24069804663569,370.19130298195404,404.7325757177729,247.66140357239925,480.4045374203017,61.45379517509201,476.33200455338556,419.57819460169964,445.17054362325695,329.0883662631307,333.8659392943138,279.80007659312463,485.2084796117536,474.569996316524,399.610004837167,439.0306503352901,482.44672809499036,417.2138798578107,467.0966995473217,426.6271761265375,414.8223653119731,407.80476954208996,465.11471356252764,152.93940708326784,478.63966884368193,428.8159611924157,336.9957992154869,373.13122851398384,466.321380205053,371.39987221614757,451.6040492057316,499.4837057940848,470.11691008348083,421.4182572214672,382.52829541073527,438.3107239065258,396.99380356190284,483.24734570631495,320.2581014390622,480.460829768312,361.46933629248616,472.2979277400564,357.75488549577346,404.8612698943025,352.6177826948738,380.6546436278985,477.3834100896288,451.1516518450493,420.96355867978417,406.09600217903494,436.9167019779112,368.84119628391505,181.43930909079947,444.67972235489185,491.39307802721515,479.3910746615821,483.21452986711125,376.388449671829,376.280949069441,411.5329393492601,432.28231633491157,447.590637938198,344.7152788933313,458.9869757538317,370.4024123808801,450.4187806731788,387.70953979829113,476.36551683677123,277.19619433471945,341.54927281378747,457.41991802874435,482.9242587343196,371.3969398879254,368.2506312839173,449.7295047018192,448.36504269272217,465.1596302728582,483.9965328936817,470.1523159072358,256.8691528934223,375.49416309576804,472.5722631190913,401.8316985171921,404.51935872340755,319.5625543191868,266.7773240954273,431.4129308949103,334.59739819086997,399.6512887440392,249.37202376821,456.79998462815047,485.40682412874514,427.9293724539271,327.10129148478165,449.45524870706214,421.24645265192606,337.3616113554747,286.7899230106988,225.29902980249537,426.0528490012698,475.6559369027824,391.1159500648022,450.25645507926504,389.0342116583279,443.76405650159387,431.2014235095146,455.14956352476804,478.31780267096883,433.5192005097892,310.8367745706553,416.1573199177331,419.4319408651247,444.6617415965263,476.3506243215418,484.4657469999198,351.7035188709086,404.7250605720123,468.14460727010055,454.4352890376126,418.88029632584033,330.54148060563415,438.6134453576837,462.71507922556,451.11137883558723,368.78812488935165,361.18211703972975,388.50896587637664,390.2976182988019,431.4907331026554,302.85559799728486,360.0353377981305,441.20544405858357,406.6967771668967,471.8126626999334,465.216993743903,457.5872710511446,484.8461549436661,404.62504518268406,446.505101995546,469.379001500189,330.79650397800856,447.2287890280938,426.2345050126867,274.78855367826,380.8227036578165,483.7537736946192,449.915948523547,467.17692821289654,434.375202935332,369.21788750707884,432.48264607723166,399.5148977606685,426.76434303713023,403.00337304392514
8,20,198.58145076713973,429.67388920756576,345.6560581841949,237.63940100573367,369.81970468190843,439.69542705652276,422.30108953634976,451.83814870737655,479.7341428560032,484.1009762339129,484.33817668239504,381.15044984064366,383.5948221502253,476.9956311447239,405.89579739706915,336.57594952083946,479.65482360267526,422.08290945986164,465.6852041579456,440.20814262361387,453.37665046375633,364.60997569186424,470.9975966161156,430.0480676201229,308.2467997505207,429.1652088614893,258.575551103391,492.3797209189242,377.7754186169259,334.954188298997,271.2586637620612,432.8718666577188,464.10969913167537,472.81773317041467,458.47827326214514,402.1538754991247,474.26978275702595,445.1212841514171,433.3601042284166,395.9282001328432,168.873301480482,435.63053212067155,391.107496337838,403.38822324020947,485.3133822025616,486.6588397782695,230.24069804663569,370.19130298195404,404.7325757177729,247.66140357239925,480.4045374203017,61.45379517509201,476.33200455338556,419.57819460169964,445.17054362325695,329.0883662631307,333.8659392943138,279.80007659312463,485.2084796117536,474.569996316524,399.610004837167,439.0306503352901,482.44672809499036,417.2138798578107,467.0966995473217,426.6271761265375,414.8223653119731,407.80476954208996,465.11471356252764,152.93940708326784,478.63966884368193,428.8159611924157,336.9957992154869,373.13122851398384,466.321380205053,371.39987221614757,451.6040492057316,499.4837057940848,470.11691008348083,421.4182572214672,382.52829541073527,438.3107239065258,396.99380356190284,483.24734570631495,320.2581014390622,480.460829768312,361.46933629248616,472.2979277400564,357.75488549577346,404.8612698943025,352.6177826948738,380.6546436278985,477.3834100896288,451.1516518450493,420.96355867978417,406.09600217903494,436.9167019779112,368.84119628391505,181.43930909079947,444.67972235489185,491.39307802721515,479.3910746615821,483.21452986711125,376.388449671829,376.280949069441,411.5329393492601,432.28231633491157,447.590637938198,344.7152788933313,458.9869757538317,370.4024123808801,450.4187806731788,387.70953979829113,476.36551683677123,277.19619433471945,341.54927281378747,457.41991802874435,482.9242587343196,371.3969398879254,368.2506312839173,449.7295047018192,448.36504269272217,465.1596302728582,483.9965328936817,470.1523159072358,256.8691528934223,375.49416309576804,472.5722631190913,401.8316985171921,404.51935872340755,319.5625543191868,266.7773240954273,431.4129308949103,334.59739819086997,399.6512887440392,249.37202376821,456.79998462815047,485.40682412874514,427.9293724539271,327.10129148478165,449.45524870706214,421.24645265192606,337.3616113554747,286.7899230106988,225.29902980249537,426.0528490012698,475.6559369027824,391.1159500648022,450.25645507926504,389.0342116583279,443.76405650159387,431.2014235095146,455.14956352476804,478.31780267096883,433.5192005097892,310.8367745706553,416.1573199177331,419.4319408651247,444.6617415965263,476.3506243215418,484.4657469999198,351.7035188709086,404.7250605720123,468.14460727010055,454.4352890376126,418.88029632584033,330.54148060563415,438.6134453576837,462.71507922556,451.11137883558723,368.78812488935165,361.18211703972975,388.50896587637664,390.2976182988019,431.4907331026554,302.85559799728486,360.0353377981305,441.20544405858357,406.6967771668967,471.8126626999334,465.216993743903,457.5872710511446,484.8461549436661,404.62504518268406,446.505101995546,469.379001500189,330.79650397800856,447.2287890280938,426.2345050126867,274.78855367826,380.8227036578165,483.7537736946192,449.915948523547,467.17692821289654,434.375202935332,369.21788750707884,432.48264607723166,399.5148977606685,426.76434303713023,403.00337304392514
8,21,198.58145076713973,429.67388920756576,345.6560581841949,237.63940100573367,369.81970468190843,439.69542705652276,422.30108953634976,451.83814870737655,479.7341428560032,484.1009762339129,484.33817668239504,381.15044984064366,383.5948221502253,476.9956311447239,405.89579739706915,336.57594952083946,479.65482360267526,422.08290945986164,465.6852041579456,440.20814262361387,453.37665046375633,364.60997569186424,470.9975966161156,430.0480676201229,308.2467997505207,429.1652088614893,258.575551103391,492.3797209189242,377.7754186169259,334.954188298997,271.2586637620612,432.8718666577188,464.10969913167537,472.81773317041467,458.47827326214514,402.1538754991247,474.26978275702595,445.1212841514171,433.3601042284166,395.9282001328432,168.873301480482,435.63053212067155,391.107496337838,403.38822324020947,485.3133822025616,486.6588397782695,230.24069804663569,370.19130298195404,404.7325757177729,247.66140357239925,480.4045374203017,61.45379517509201,476.33200455338556,419.57819460169964,445.17054362325695,329.0883662631307,333.8659392943138,279.80007659312463,485.2084796117536,474.569996316524,399.610004837167,439.0306503352901,482.44672809499036,417.2138798578107,467.0966995473217,426.6271761265375,414.8223653119731,407.80476954208996,465.11471356252764,152.93940708326784,478.63966884368193,428.8159611924157,336.9957992154869,373.13122851398384,466.321380205053,371.39987221614757,451.6040492057316,499.4837057940848,470.11691008348083,421.4182572214672,382.52829541073527,438.3107239065258,396.99380356190284,483.24734570631495,320.2581014390622,480.460829768312,361.46933629248616,472.2979277400564,357.75488549577346,404.8612698943025,352.6177826948738,380.6546436278985,477.3834100896288,451.1516518450493,420.96355867978417,406.09600217903494,436.9167019779112,368.84119628391505,181.43930909079947,444.67972235489185,491.39307802721515,479.3910746615821,483.21452986711125,376.388449671829,376.280949069441,411.5329393492601,432.28231633491157,447.590637938198,344.7152788933313,458.9869757538317,370.4024123808801,450.4187806731788,387.70953979829113,476.36551683677123,277.19619433471945,341.54927281378747,457.41991802874435,482.9242587343196,371.3969398879254,368.2506312839173,449.7295047018192,448.36504269272217,465.1596302728582,483.9965328936817,470.1523159072358,256.8691528934223,375.49416309576804,472.5722631190913,401.8316985171921,404.51935872340755,319.5625543191868,266.7773240954273,431.4129308949103,334.59739819086997,399.6512887440392,249.37202376821,456.79998462815047,485.40682412874514,427.9293724539271,327.10129148478165,449.45524870706214,421.24645265192606,337.3616113554747,286.7899230106988,225.29902980249537,426.0528490012698,475.6559369027824,391.1159500648022,450.25645507926504,389.0342116583279,443.76405650159387,431.2014235095146,455.14956352476804,478.31780267096883,433.5192005097892,310.8367745706553,416.1573199177331,419.4319408651247,444.6617415965263,476.3506243215418,484.4657469999198,351.7035188709086,404.7250605720123,468.14460727010055,454.4352890376126,418.88029632584033,330.54148060563415,438.6134453576837,462.71507922556,451.11137883558723,368.78812488935165,361.18211703972975,388.50896587637664,390.2976182988019,431.4907331026554,302.85559799728486,360.0353377981305,441.20544405858357,406.6967771668967,471.8126626999334,465.216993743903,457.5872710511446,484.8461549436661,404.62504518268406,446.505101995546,469.379001500189,330.79650397800856,447.2287890280938,426.2345050126867,274.78855367826,380.8227036578165,483.7537736946192,449.915948523547,467.17692821289654,434.375202935332,369.21788750707884,432.48264607723166,399.5148977606685,426.76434303713023,403.00337304392514
8,22,198.58145076713973,429.67388920756576,345.6560581841949,237.63940100573367,369.81970468190843,439.69542705652276,422.30108953634976,451.83814870737655,479.7341428560032,484.1009762339129,484.33817668239504,381.15044984064366,383.5948221502253,476.9956311447239,405.89579739706915,336.57594952083946,479.65482360267526,422.08290945986164,465.6852041579456,440.20814262361387,453.37665046375633,364.60997569186424,470.9975966161156,430.0480676201229,308.2467997505207,429.1652088614893,258.575551103391,492.3797209189242,377.7754186169259,334.954188298997,271.2586637620612,432.8718666577188,464.10969913167537,472.81773317041467,458.47827326214514,402.1538754991247,474.26978275702595,445.1212841514171,433.3601042284166,395.9282001328432,168.873301480482,435.63053212067155,391.107496337838,403.38822324020947,485.3133822025616,486.6588397782695,230.24069804663569,370.19130298195404,404.7325757177729,247.66140357239925,480.4045374203017,61.45379517509201,476.33200455338556,419.57819460169964,445.17054362325695,329.0883662631307,333.8659392943138,279.80007659312463,485.2084796117536,474.569996316524,399.610004837167,439.0306503352901,482.44672809499036,417.2138798578107,467.0966995473217,426.6271761265375,414.8223653119731,407.80476954208996,465.11471356252764,152.93940708326784,478.63966884368193,428.8159611924157,336.9957992154869,373.13122851398384,466.321380205053,371.39987221614757,451.6040492057316,499.4837057940848,470.11691008348083,421.4182572214672,382.52829541073527,438.3107239065258,396.99380356190284,483.24734570631495,320.2581014390622,480.460829768312,361.46933629248616,472.2979277400564,357.75488549577346,404.8612698943025,352.6177826948738,380.6546436278985,477.3834100896288,451.1516518450493,420.96355867978417,406.09600217903494,436.9167019779112,368.84119628391505,181.43930909079947,444.67972235489185,491.39307802721515,479.3910746615821,483.21452986711125,376.388449671829,376.280949069441,411.5329393492601,432.28231633491157,447.590637938198,344.7152788933313,458.9869757538317,370.4024123808801,450.4187806731788,387.70953979829113,476.36551683677123,277.19619433471945,341.54927281378747,457.41991802874435,482.9242587343196,371.3969398879254,368.2506312839173,449.7295047018192,448.36504269272217,465.1596302728582,483.9965328936817,470.1523159072358,256.8691528934223,375.49416309576804,472.5722631190913,401.8316985171921,404.51935872340755,319.5625543191868,266.7773240954273,431.4129308949103,334.59739819086997,399.6512887440392,249.37202376821,456.79998462815047,485.40682412874514,427.9293724539271,327.10129148478165,449.45524870706214,421.24645265192606,337.3616113554747,286.7899230106988,225.29902980249537,426.0528490012698,475.6559369027824,391.1159500648022,450.25645507926504,389.0342116583279,443.76405650159387,431.2014235095146,455.14956352476804,478.31780267096883,433.5192005097892,310.8367745706553,416.1573199177331,419.4319408651247,444.6617415965263,476.3506243215418,484.4657469999198,351.7035188709086,404.7250605720123,468.14460727010055,454.4352890376126,418.88029632584033,330.54148060563415,438.6134453576837,462.71507922556,451.11137883558723,368.78812488935165,361.18211703972975,388.50896587637664,390.2976182988019,431.4907331026554,302.85559799728486,360.0353377981305,441.20544405858357,406.6967771668967,471.8126626999334,465.216993743903,457.5872710511446,484.8461549436661,404.62504518268406,446.505101995546,469.379001500189,330.79650397800856,447.2287890280938,426.2345050126867,274.78855367826,380.8227036578165,483.7537736946192,449.915948523547,467.17692821289654,434.375202935332,369.21788750707884,432.48264607723166,399.5148977606685,426.76434303713023,403.00337304392514
8,23,198.58145076713973,429.67388920756576,345.6560581841949,237.63940100573367,369.81970468190843,439.69542705652276,422.30108953634976,451.83814870737655,479.7341428560032,484.1009762339129,484.33817668239504,381.15044984064366,383.5948221502253,476.9956311447239,405.89579739706915,336.57594952083946,479.65482360267526,422.08290945986164,465.6852041579456,440.20814262361387,453.37665046375633,364.60997569186424,470.9975966161156,430.0480676201229,308.2467997505207,429.1652088614893,258.575551103391,492.3797209189242,377.7754186169259,334.954188298997,271.2586637620612,432.8718666577188,464.10969913167537,472.81773317041467,458.47827326214514,402.1538754991247,474.26978275702595,445.1212841514171,433.3601042284166,395.9282001328432,168.873301480482,435.63053212067155,391.107496337838,403.38822324020947,485.3133822025616,486.6588397782695,230.24069804663569,370.19130298195404,404.7325757177729,247.66140357239925,480.4045374203017,61.45379517509201,476.33200455338556,419.57819460169964,445.17054362325695,329.0883662631307,333.8659392943138,279.80007659312463,485.2084796117536,474.569996316524,399.610004837167,439.0306503352901,482.44672809499036,417.2138798578107,467.0966995473217,426.6271761265375,414.8223653119731,407.80476954208996,465.11471356252764,152.93940708326784,478.63966884368193,428.8159611924157,336.9957992154869,373.13122851398384,466.321380205053,371.39987221614757,451.6040492057316,499.4837057940848,470.11691008348083,421.4182572214672,382.52829541073527,438.3107239065258,396.99380356190284,483.24734570631495,320.2581014390622,480.460829768312,361.46933629248616,472.2979277400564,357.75488549577346,404.8612698943025,352.6177826948738,380.6546436278985,477.3834100896288,451.1516518450493,420.96355867978417,406.09600217903494,436.9167019779112,368.84119628391505,181.43930909079947,444.67972235489185,491.39307802721515,479.3910746615821,483.21452986711125,376.388449671829,376.280949069441,411.5329393492601,432.28231633491157,447.590637938198,344.7152788933313,458.9869757538317,370.4024123808801,450.4187806731788,387.70953979829113,476.36551683677123,277.19619433471945,341.54927281378747,457.41991802874435,482.9242587343196,371.3969398879254,368.2506312839173,449.7295047018192,448.36504269272217,465.1596302728582,483.9965328936817,470.1523159072358,256.8691528934223,375.49416309576804,472.5722631190913,401.8316985171921,404.51935872340755,319.5625543191868,266.7773240954273,431.4129308949103,334.59739819086997,399.6512887440392,249.37202376821,456.79998462815047,485.40682412874514,427.9293724539271,327.10129148478165,449.45524870706214,421.24645265192606,337.3616113554747,286.7899230106988,225.29902980249537,426.0528490012698,475.6559369027824,391.1159500648022,450.25645507926504,389.0342116583279,443.76405650159387,431.2014235095146,455.14956352476804,478.31780267096883,433.5192005097892,310.8367745706553,416.1573199177331,419.4319408651247,444.6617415965263,476.3506243215418,484.4657469999198,351.7035188709086,404.7250605720123,468.14460727010055,454.4352890376126,418.88029632584033,330.54148060563415,438.6134453576837,462.71507922556,451.11137883558723,368.78812488935165,361.18211703972975,388.50896587637664,390.2976182988019,431.4907331026554,302.85559799728486,360.0353377981305,441.20544405858357,406.6967771668967,471.8126626999334,465.216993743903,457.5872710511446,484.8461549436661,404.62504518268406,446.505101995546,469.379001500189,330.79650397800856,447.2287890280938,426.2345050126867,274.78855367826,380.8227036578165,483.7537736946192,449.915948523547,467.17692821289654,434.375202935332,369.21788750707884,432.48264607723166,399.5148977606685,426.76434303713023,403.00337304392514
8,24,198.58145076713973,429.67388920756576,345.6560581841949,237.63940100573367,369.81970468190843,439.69542705652276,422.30108953634976,451.83814870737655,479.7341428560032,484.1009762339129,484.33817668239504,381.15044984064366,383.5948221502253,476.9956311447239,405.89579739706915,336.57594952083946,479.65482360267526,422.08290945986164,465.6852041579456,440.20814262361387,453.37665046375633,364.60997569186424,470.9975966161156,430.0480676201229,308.2467997505207,429.1652088614893,258.575551103391,492.3797209189242,377.7754186169259,334.954188298997,271.2586637620612,432.8718666577188,464.10969913167537,472.81773317041467,458.47827326214514,402.1538754991247,474.26978275702595,445.1212841514171,433.3601042284166,395.9282001328432,168.873301480482,435.63053212067155,391.107496337838,403.38822324020947,485.3133822025616,486.6588397782695,230.24069804663569,370.19130298195404,404.7325757177729,247.66140357239925,480.4045374203017,61.45379517509201,476.33200455338556,419.57819460169964,445.17054362325695,329.0883662631307,333.8659392943138,279.80007659312463,485.2084796117536,474.569996316524,399.610004837167,439.0306503352901,482.44672809499036,417.2138798578107,467.0966995473217,426.6271761265375,414.8223653119731,407.80476954208996,465.11471356252764,152.93940708326784,478.63966884368193,428.8159611924157,336.9957992154869,373.13122851398384,466.321380205053,371.39987221614757,451.6040492057316,499.4837057940848,470.11691008348083,421.4182572214672,382.52829541073527,438.3107239065258,396.99380356190284,483.24734570631495,320.2581014390622,480.460829768312,361.46933629248616,472.2979277400564,357.75488549577346,404.8612698943025,352.6177826948738,380.6546436278985,477.3834100896288,451.1516518450493,420.96355867978417,406.09600217903494,436.9167019779112,368.84119628391505,181.43930909079947,444.67972235489185,491.39307802721515,479.3910746615821,483.21452986711125,376.388449671829,376.280949069441,411.5329393492601,432.28231633491157,447.590637938198,344.7152788933313,458.9869757538317,370.4024123808801,450.4187806731788,387.70953979829113,476.36551683677123,277.19619433471945,341.54927281378747,457.41991802874435,482.9242587343196,371.3969398879254,368.2506312839173,449.7295047018192,448.36504269272217,465.1596302728582,483.9965328936817,470.1523159072358,256.8691528934223,375.49416309576804,472.5722631190913,401.8316985171921,404.51935872340755,319.5625543191868,266.7773240954273,431.4129308949103,334.59739819086997,399.6512887440392,249.37202376821,456.79998462815047,485.40682412874514,427.9293724539271,327.10129148478165,449.45524870706214,421.24645265192606,337.3616113554747,286.7899230106988,225.29902980249537,426.0528490012698,475.6559369027824,391.1159500648022,450.25645507926504,389.0342116583279,443.76405650159387,431.2014235095146,455.14956352476804,478.31780267096883,433.5192005097892,310.8367745706553,416.1573199177331,419.4319408651247,444.6617415965263,476.3506243215418,484.4657469999198,351.7035188709086,404.7250605720123,468.14460727010055,454.4352890376126,418.88029632584033,330.54148060563415,438.6134453576837,462.71507922556,451.11137883558723,368.78812488935165,361.18211703972975,388.50896587637664,390.2976182988019,431.4907331026554,302.85559799728486,360.0353377981305,441.20544405858357,406.6967771668967,471.8126626999334,465.216993743903,457.5872710511446,484.8461549436661,404.62504518268406,446.505101995546,469.379001500189,330.79650397800856,447.2287890280938,426.2345050126867,274.78855367826,380.8227036578165,483.7537736946192,449.915948523547,467.17692821289654,434.375202935332,369.21788750707884,432.48264607723166,399.5148977606685,426.76434303713023,403.00337304392514
8,25,198.58145076713973,429.67388920756576,345.6560581841949,237.63940100573367,369.81970468190843,439.69542705652276,422.30108953634976,451.83814870737655,479.7341428560032,484.1009762339129,484.33817668239504,381.15044984064366,383.5948221502253,476.9956311447239,405.89579739706915,336.57594952083946,479.65482360267526,422.08290945986164,465.6852041579456,440.20814262361387,453.37665046375633,364.60997569186424,470.9975966161156,430.0480676201229,308.2467997505207,429.1652088614893,258.575551103391,492.3797209189242,377.7754186169259,334.954188298997,271.2586637620612,432.8718666577188,464.10969913167537,472.81773317041467,458.47827326214514,402.1538754991247,474.26978275702595,445.1212841514171,433.3601042284166,395.9282001328432,168.873301480482,435.63053212067155,391.107496337838,403.38822324020947,485.3133822025616,486.6588397782695,230.24069804663569,370.19130298195404,404.7325757177729,247.66140357239925,480.4045374203017,61.45379517509201,476.33200455338556,419.57819460169964,445.17054362325695,329.0883662631307,333.8659392943138,279.80007659312463,485.2084796117536,474.569996316524,399.610004837167,439.0306503352901,482.44672809499036,417.2138798578107,467.0966995473217,426.6271761265375,414.8223653119731,407.80476954208996,465.11471356252764,152.93940708326784,478.63966884368193,428.8159611924157,336.9957992154869,373.13122851398384,466.321380205053,371.39987221614757,451.6040492057316,499.4837057940848,470.11691008348083,421.4182572214672,382.52829541073527,438.3107239065258,396.99380356190284,483.24734570631495,320.2581014390622,480.460829768312,361.46933629248616,472.2979277400564,357.75488549577346,404.8612698943025,352.6177826948738,380.6546436278985,477.3834100896288,451.1516518450493,420.96355867978417,406.09600217903494,436.9167019779112,368.84119628391505,181.43930909079947,444.67972235489185,491.39307802721515,479.3910746615821,483.21452986711125,376.388449671829,376.280949069441,411.5329393492601,432.28231633491157,447.590637938198,344.7152788933313,458.9869757538317,370.4024123808801,450.4187806731788,387.70953979829113,476.36551683677123,277.19619433471945,341.54927281378747,457.41991802874435,482.9242587343196,371.3969398879254,368.2506312839173,449.7295047018192,448.36504269272217,465.1596302728582,483.9965328936817,470.1523159072358,256.8691528934223,375.49416309576804,472.5722631190913,401.8316985171921,404.51935872340755,319.5625543191868,266.7773240954273,431.4129308949103,334.59739819086997,399.6512887440392,249.37202376821,456.79998462815047,485.40682412874514,427.9293724539271,327.10129148478165,449.45524870706214,421.24645265192606,337.3616113554747,286.7899230106988,225.29902980249537,426.0528490012698,475.6559369027824,391.1159500648022,450.25645507926504,389.0342116583279,443.76405650159387,431.2014235095146,455.14956352476804,478.31780267096883,433.5192005097892,310.8367745706553,416.1573199177331,419.4319408651247,444.6617415965263,476.3506243215418,484.4657469999198,351.7035188709086,404.7250605720123,468.14460727010055,454.4352890376126,418.88029632584033,330.54148060563415,438.6134453576837,462.71507922556,451.11137883558723,368.78812488935165,361.18211703972975,388.50896587637664,390.2976182988019,431.4907331026554,302.85559799728486,360.0353377981305,441.20544405858357,406.6967771668967,471.8126626999334,465.216993743903,457.5872710511446,484.8461549436661,404.62504518268406,446.505101995546,469.379001500189,330.79650397800856,447.2287890280938,426.2345050126867,274.78855367826,380.8227036578165,483.7537736946192,449.915948523547,467.17692821289654,434.375202935332,369.21788750707884,432.48264607723166,399.5148977606685,426.76434303713023,403.00337304392514
8,26,198.58145076713973,429.67388920756576,345.6560581841949,237.63940100573367,369.81970468190843,439.69542705652276,422.30108953634976,451.83814870737655,479.7341428560032,484.1009762339129,484.33817668239504,381.15044984064366,383.5948221502253,476.9956311447239,405.89579739706915,336.57594952083946,479.65482360267526,422.08290945986164,465.6852041579456,440.20814262361387,453.37665046375633,364.60997569186424,470.9975966161156,430.0480676201229,308.2467997505207,429.1652088614893,258.575551103391,492.3797209189242,377.7754186169259,334.954188298997,271.2586637620612,432.8718666577188,464.10969913167537,472.81773317041467,458.47827326214514,402.1538754991247,474.26978275702595,445.1212841514171,433.3601042284166,395.9282001328432,168.873301480482,435.63053212067155,391.107496337838,403.38822324020947,485.3133822025616,486.6588397782695,230.24069804663569,370.19130298195404,404.7325757177729,247.66140357239925,480.4045374203017,61.45379517509201,476.33200455338556,419.57819460169964,445.17054362325695,329.0883662631307,333.8659392943138,279.80007659312463,485.2084796117536,474.569996316524,399.610004837167,439.0306503352901,482.44672809499036,417.2138798578107,467.0966995473217,426.6271761265375,414.8223653119731,407.80476954208996,465.11471356252764,152.93940708326784,478.63966884368193,428.8159611924157,336.9957992154869,373.13122851398384,466.321380205053,371.39987221614757,451.6040492057316,499.4837057940848,470.11691008348083,421.4182572214672,382.52829541073527,438.3107239065258,396.99380356190284,483.24734570631495,320.2581014390622,480.460829768312,361.46933629248616,472.2979277400564,357.75488549577346,404.8612698943025,352.6177826948738,380.6546436278985,477.3834100896288,451.1516518450493,420.96355867978417,406.09600217903494,436.9167019779112,368.84119628391505,181.43930909079947,444.67972235489185,491.39307802721515,479.3910746615821,483.21452986711125,376.388449671829,376.280949069441,411.5329393492601,432.28231633491157,447.590637938198,344.7152788933313,458.9869757538317,370.4024123808801,450.4187806731788,387.70953979829113,476.36551683677123,277.19619433471945,341.54927281378747,457.41991802874435,482.9242587343196,371.3969398879254,368.2506312839173,449.7295047018192,448.36504269272217,465.1596302728582,483.9965328936817,470.1523159072358,256.8691528934223,375.49416309576804,472.5722631190913,401.8316985171921,404.51935872340755,319.5625543191868,266.7773240954273,431.4129308949103,334.59739819086997,399.6512887440392,249.37202376821,456.79998462815047,485.40682412874514,427.9293724539271,327.10129148478165,449.45524870706214,421.24645265192606,337.3616113554747,286.7899230106988,225.29902980249537,426.0528490012698,475.6559369027824,391.1159500648022,450.25645507926504,389.0342116583279,443.76405650159387,431.2014235095146,455.14956352476804,478.31780267096883,433.5192005097892,310.8367745706553,416.1573199177331,419.4319408651247,444.6617415965263,476.3506243215418,484.4657469999198,351.7035188709086,404.7250605720123,468.14460727010055,454.4352890376126,418.88029632584033,330.54148060563415,438.6134453576837,462.71507922556,451.11137883558723,368.78812488935165,361.18211703972975,388.50896587637664,390.2976182988019,431.4907331026554,302.85559799728486,360.0353377981305,441.20544405858357,406.6967771668967,471.8126626999334,465.216993743903,457.5872710511446,484.8461549436661,404.62504518268406,446.505101995546,469.379001500189,330.79650397800856,447.2287890280938,426.2345050126867,274.78855367826,380.8227036578165,483.7537736946192,449.915948523547,467.17692821289654,434.375202935332,369.21788750707884,432.48264607723166,399.5148977606685,426.76434303713023,403.00337304392514
8,27,198.58145076713973,429.67388920756576,345.6560581841949,237.63940100573367,369.81970468190843,439.69542705652276,422.30108953634976,451.83814870737655,479.7341428560032,484.1009762339129,484.33817668239504,381.15044984064366,383.5948221502253,476.9956311447239,405.89579739706915,336.57594952083946,479.65482360267526,422.08290945986164,465.6852041579456,440.20814262361387,453.37665046375633,364.60997569186424,470.9975966161156,430.0480676201229,308.2467997505207,429.1652088614893,258.575551103391,492.3797209189242,377.7754186169259,334.954188298997,271.2586637620612,432.8718666577188,464.10969913167537,472.81773317041467,458.47827326214514,402.1538754991247,474.26978275702595,445.1212841514171,433.3601042284166,395.9282001328432,168.873301480482,435.63053212067155,391.107496337838,403.38822324020947,485.3133822025616,486.6588397782695,230.24069804663569,370.19130298195404,404.7325757177729,247.66140357239925,480.4045374203017,61.45379517509201,476.33200455338556,419.57819460169964,445.17054362325695,329.0883662631307,333.8659392943138,279.80007659312463,485.2084796117536,474.569996316524,399.610004837167,439.0306503352901,482.44672809499036,417.2138798578107,467.0966995473217,426.6271761265375,414.8223653119731,407.80476954208996,465.11471356252764,152.93940708326784,478.63966884368193,428.8159611924157,336.9957992154869,373.13122851398384,466.321380205053,371.39987221614757,451.6040492057316,499.4837057940848,470.11691008348083,421.4182572214672,382.52829541073527,438.3107239065258,396.99380356190284,483.24734570631495,320.2581014390622,480.460829768312,361.46933629248616,472.2979277400564,357.75488549577346,404.8612698943025,352.6177826948738,380.6546436278985,477.3834100896288,451.1516518450493,420.96355867978417,406.09600217903494,436.9167019779112,368.84119628391505,181.43930909079947,444.67972235489185,491.39307802721515,479.3910746615821,483.21452986711125,376.388449671829,376.280949069441,411.5329393492601,432.28231633491157,447.590637938198,344.7152788933313,458.9869757538317,370.4024123808801,450.4187806731788,387.70953979829113,476.36551683677123,277.19619433471945,341.54927281378747,457.41991802874435,482.9242587343196,371.3969398879254,368.2506312839173,449.7295047018192,448.36504269272217,465.1596302728582,483.9965328936817,470.1523159072358,256.8691528934223,375.49416309576804,472.5722631190913,401.8316985171921,404.51935872340755,319.5625543191868,266.7773240954273,431.4129308949103,334.59739819086997,399.6512887440392,249.37202376821,456.79998462815047,485.40682412874514,427.9293724539271,327.10129148478165,449.45524870706214,421.24645265192606,337.3616113554747,286.7899230106988,225.29902980249537,426.0528490012698,475.6559369027824,391.1159500648022,450.25645507926504,389.0342116583279,443.76405650159387,431.2014235095146,455.14956352476804,478.31780267096883,433.5192005097892,310.8367745706553,416.1573199177331,419.4319408651247,444.6617415965263,476.3506243215418,484.4657469999198,351.7035188709086,404.7250605720123,468.14460727010055,454.4352890376126,418.88029632584033,330.54148060563415,438.6134453576837,462.71507922556,451.11137883558723,368.78812488935165,361.18211703972975,388.50896587637664,390.2976182988019,431.4907331026554,302.85559799728486,360.0353377981305,441.20544405858357,406.6967771668967,471.8126626999334,465.216993743903,457.5872710511446,484.8461549436661,404.62504518268406,446.505101995546,469.379001500189,330.79650397800856,447.2287890280938,426.2345050126867,274.78855367826,380.8227036578165,483.7537736946192,449.915948523547,467.17692821289654,434.375202935332,369.21788750707884,432.48264607723166,399.5148977606685,426.76434303713023,403.00337304392514
8,28,198.58145076713973,429.67388920756576,345.6560581841949,237.63940100573367,369.81970468190843,439.69542705652276,422.30108953634976,451.83814870737655,479.7341428560032,484.1009762339129,484.33817668239504,381.15044984064366,383.5948221502253,476.9956311447239,405.89579739706915,336.57594952083946,479.65482360267526,422.08290945986164,465.6852041579456,440.20814262361387,453.37665046375633,364.60997569186424,470.9975966161156,430.0480676201229,308.2467997505207,429.1652088614893,258.575551103391,492.3797209189242,377.7754186169259,334.954188298997,271.2586637620612,432.8718666577188,464.10969913167537,472.81773317041467,458.47827326214514,402.1538754991247,474.26978275702595,445.1212841514171,433.3601042284166,395.9282001328432,168.873301480482,435.63053212067155,391.107496337838,403.38822324020947,485.3133822025616,486.6588397782695,230.24069804663569,370.19130298195404,404.7325757177729,247.66140357239925,480.4045374203017,61.45379517509201,476.33200455338556,419.57819460169964,445.17054362325695,329.0883662631307,333.8659392943138,279.80007659312463,485.2084796117536,474.569996316524,399.610004837167,439.0306503352901,482.44672809499036,417.2138798578107,467.0966995473217,426.6271761265375,414.8223653119731,407.80476954208996,465.11471356252764,152.93940708326784,478.63966884368193,428.8159611924157,336.9957992154869,373.13122851398384,466.321380205053,371.39987221614757,451.6040492057316,499.4837057940848,470.11691008348083,421.4182572214672,382.52829541073527,438.3107239065258,396.99380356190284,483.24734570631495,320.2581014390622,480.460829768312,361.46933629248616,472.2979277400564,357.75488549577346,404.8612698943025,352.6177826948738,380.6546436278985,477.3834100896288,451.1516518450493,420.96355867978417,406.09600217903494,436.9167019779112,368.84119628391505,181.43930909079947,444.67972235489185,491.39307802721515,479.3910746615821,483.21452986711125,376.388449671829,376.280949069441,411.5329393492601,432.28231633491157,447.590637938198,344.7152788933313,458.9869757538317,370.4024123808801,450.4187806731788,387.70953979829113,476.36551683677123,277.19619433471945,341.54927281378747,457.41991802874435,482.9242587343196,371.3969398879254,368.2506312839173,449.7295047018192,448.36504269272217,465.1596302728582,483.9965328936817,470.1523159072358,256.8691528934223,375.49416309576804,472.5722631190913,401.8316985171921,404.51935872340755,319.5625543191868,266.7773240954273,431.4129308949103,334.59739819086997,399.6512887440392,249.37202376821,456.79998462815047,485.40682412874514,427.9293724539271,327.10129148478165,449.45524870706214,421.24645265192606,337.3616113554747,286.7899230106988,225.29902980249537,426.0528490012698,475.6559369027824,391.1159500648022,450.25645507926504,389.0342116583279,443.76405650159387,431.2014235095146,455.14956352476804,478.31780267096883,433.5192005097892,310.8367745706553,416.1573199177331,419.4319408651247,444.6617415965263,476.3506243215418,484.4657469999198,351.7035188709086,404.7250605720123,468.14460727010055,454.4352890376126,418.88029632584033,330.54148060563415,438.6134453576837,462.71507922556,451.11137883558723,368.78812488935165,361.18211703972975,388.50896587637664,390.2976182988019,431.4907331026554,302.85559799728486,360.0353377981305,441.20544405858357,406.6967771668967,471.8126626999334,465.216993743903,457.5872710511446,484.8461549436661,404.62504518268406,446.505101995546,469.379001500189,330.79650397800856,447.2287890280938,426.2345050126867,274.78855367826,380.8227036578165,483.7537736946192,449.915948523547,467.17692821289654,434.375202935332,369.21788750707884,432.48264607723166,399.5148977606685,426.76434303713023,403.00337304392514
8,29,198.58145076713973,429.67388920756576,345.6560581841949,237.63940100573367,369.81970468190843,439.69542705652276,422.30108953634976,451.83814870737655,479.7341428560032,484.1009762339129,484.33817668239504,381.15044984064366,383.5948221502253,476.9956311447239,405.89579739706915,336.57594952083946,479.65482360267526,422.08290945986164,465.6852041579456,440.20814262361387,453.37665046375633,364.60997569186424,470.9975966161156,430.0480676201229,308.2467997505207,429.1652088614893,258.575551103391,492.3797209189242,377.7754186169259,334.954188298997,271.2586637620612,432.8718666577188,464.10969913167537,472.81773317041467,458.47827326214514,402.1538754991247,474.26978275702595,445.1212841514171,433.3601042284166,395.9282001328432,168.873301480482,435.63053212067155,391.107496337838,403.38822324020947,485.3133822025616,486.6588397782695,230.24069804663569,370.19130298195404,404.7325757177729,247.66140357239925,480.4045374203017,61.45379517509201,476.33200455338556,419.57819460169964,445.17054362325695,329.0883662631307,333.8659392943138,279.80007659312463,485.2084796117536,474.569996316524,399.610004837167,439.0306503352901,482.44672809499036,417.2138798578107,467.0966995473217,426.6271761265375,414.8223653119731,407.80476954208996,465.11471356252764,152.93940708326784,478.63966884368193,428.8159611924157,336.9957992154869,373.13122851398384,466.321380205053,371.39987221614757,451.6040492057316,499.4837057940848,470.11691008348083,421.4182572214672,382.52829541073527,438.3107239065258,396.99380356190284,483.24734570631495,320.2581014390622,480.460829768312,361.46933629248616,472.2979277400564,357.75488549577346,404.8612698943025,352.6177826948738,380.6546436278985,477.3834100896288,451.1516518450493,420.96355867978417,406.09600217903494,436.9167019779112,368.84119628391505,181.43930909079947,444.67972235489185,491.39307802721515,479.3910746615821,483.21452986711125,376.388449671829,376.280949069441,411.5329393492601,432.28231633491157,447.590637938198,344.7152788933313,458.9869757538317,370.4024123808801,450.4187806731788,387.70953979829113,476.36551683677123,277.19619433471945,341.54927281378747,457.41991802874435,482.9242587343196,371.3969398879254,368.2506312839173,449.7295047018192,448.36504269272217,465.1596302728582,483.9965328936817,470.1523159072358,256.8691528934223,375.49416309576804,472.5722631190913,401.8316985171921,404.51935872340755,319.5625543191868,266.7773240954273,431.4129308949103,334.59739819086997,399.6512887440392,249.37202376821,456.79998462815047,485.40682412874514,427.9293724539271,327.10129148478165,449.45524870706214,421.24645265192606,337.3616113554747,286.7899230106988,225.29902980249537,426.0528490012698,475.6559369027824,391.1159500648022,450.25645507926504,389.0342116583279,443.76405650159387,431.2014235095146,455.14956352476804,478.31780267096883,433.5192005097892,310.8367745706553,416.1573199177331,419.4319408651247,444.6617415965263,476.3506243215418,484.4657469999198,351.7035188709086,404.7250605720123,468.14460727010055,454.4352890376126,418.88029632584033,330.54148060563415,438.6134453576837,462.71507922556,451.11137883558723,368.78812488935165,361.18211703972975,388.50896587637664,390.2976182988019,431.4907331026554,302.85559799728486,360.0353377981305,441.20544405858357,406.6967771668967,471.8126626999334,465.216993743903,457.5872710511446,484.8461549436661,404.62504518268406,446.505101995546,469.379001500189,330.79650397800856,447.2287890280938,426.2345050126867,274.78855367826,380.8227036578165,483.7537736946192,449.915948523547,467.17692821289654,434.375202935332,369.21788750707884,432.48264607723166,399.5148977606685,426.76434303713023,403.00337304392514
8,30,198.58145076713973,429.67388920756576,345.6560581841949,237.63940100573367,369.81970468190843,439.69542705652276,422.30108953634976,451.83814870737655,479.7341428560032,484.1009762339129,484.33817668239504,381.15044984064366,383.5948221502253,476.9956311447239,405.89579739706915,336.57594952083946,479.65482360267526,422.08290945986164,465.6852041579456,440.20814262361387,453.37665046375633,364.60997569186424,470.9975966161156,430.0480676201229,308.2467997505207,429.1652088614893,258.575551103391,492.3797209189242,377.7754186169259,334.954188298997,271.2586637620612,432.8718666577188,464.10969913167537,472.81773317041467,458.47827326214514,402.1538754991247,474.26978275702595,445.1212841514171,433.3601042284166,395.9282001328432,168.873301480482,435.63053212067155,391.107496337838,403.38822324020947,485.3133822025616,486.6588397782695,230.24069804663569,370.19130298195404,404.7325757177729,247.66140357239925,480.4045374203017,61.45379517509201,476.33200455338556,419.57819460169964,445.17054362325695,329.0883662631307,333.8659392943138,279.80007659312463,485.2084796117536,474.569996316524,399.610004837167,439.0306503352901,482.44672809499036,417.2138798578107,467.0966995473217,426.6271761265375,414.8223653119731,407.80476954208996,465.11471356252764,152.93940708326784,478.63966884368193,428.8159611924157,336.9957992154869,373.13122851398384,466.321380205053,371.39987221614757,451.6040492057316,499.4837057940848,470.11691008348083,421.4182572214672,382.52829541073527,438.3107239065258,396.99380356190284,483.24734570631495,320.2581014390622,480.460829768312,361.46933629248616,472.2979277400564,357.75488549577346,404.8612698943025,352.6177826948738,380.6546436278985,477.3834100896288,451.1516518450493,420.96355867978417,406.09600217903494,436.9167019779112,368.84119628391505,181.43930909079947,444.67972235489185,491.39307802721515,479.3910746615821,483.21452986711125,376.388449671829,376.280949069441,411.5329393492601,432.28231633491157,447.590637938198,344.7152788933313,458.9869757538317,370.4024123808801,450.4187806731788,387.70953979829113,476.36551683677123,277.19619433471945,341.54927281378747,457.41991802874435,482.9242587343196,371.3969398879254,368.2506312839173,449.7295047018192,448.36504269272217,465.1596302728582,483.9965328936817,470.1523159072358,256.8691528934223,375.49416309576804,472.5722631190913,401.8316985171921,404.51935872340755,319.5625543191868,266.7773240954273,431.4129308949103,334.59739819086997,399.6512887440392,249.37202376821,456.79998462815047,485.40682412874514,427.9293724539271,327.10129148478165,449.45524870706214,421.24645265192606,337.3616113554747,286.7899230106988,225.29902980249537,426.0528490012698,475.6559369027824,391.1159500648022,450.25645507926504,389.0342116583279,443.76405650159387,431.2014235095146,455.14956352476804,478.31780267096883,433.5192005097892,310.8367745706553,416.1573199177331,419.4319408651247,444.6617415965263,476.3506243215418,484.4657469999198,351.7035188709086,404.7250605720123,468.14460727010055,454.4352890376126,418.88029632584033,330.54148060563415,438.6134453576837,462.71507922556,451.11137883558723,368.78812488935165,361.18211703972975,388.50896587637664,390.2976182988019,431.4907331026554,302.85559799728486,360.0353377981305,441.20544405858357,406.6967771668967,471.8126626999334,465.216993743903,457.5872710511446,484.8461549436661,404.62504518268406,446.505101995546,469.379001500189,330.79650397800856,447.2287890280938,426.2345050126867,274.78855367826,380.8227036578165,483.7537736946192,449.915948523547,467.17692821289654,434.375202935332,369.21788750707884,432.48264607723166,399.5148977606685,426.76434303713023,403.00337304392514
8,31,198.58145076713973,429.67388920756576,345.6560581841949,237.63940100573367,369.81970468190843,439.69542705652276,422.30108953634976,451.83814870737655,479.7341428560032,484.1009762339129,484.33817668239504,381.15044984064366,383.5948221502253,476.9956311447239,405.89579739706915,336.57594952083946,479.65482360267526,422.08290945986164,465.6852041579456,440.20814262361387,453.37665046375633,364.60997569186424,470.9975966161156,430.0480676201229,308.2467997505207,429.1652088614893,258.575551103391,492.3797209189242,377.7754186169259,334.954188298997,271.2586637620612,432.8718666577188,464.10969913167537,472.81773317041467,458.47827326214514,402.1538754991247,474.26978275702595,445.1212841514171,433.3601042284166,395.9282001328432,168.873301480482,435.63053212067155,391.107496337838,403.38822324020947,485.3133822025616,486.6588397782695,230.24069804663569,370.19130298195404,404.7325757177729,247.66140357239925,480.4045374203017,61.45379517509201,476.33200455338556,419.57819460169964,445.17054362325695,329.0883662631307,333.8659392943138,279.80007659312463,485.2084796117536,474.569996316524,399.610004837167,439.0306503352901,482.44672809499036,417.2138798578107,467.0966995473217,426.6271761265375,414.8223653119731,407.80476954208996,465.11471356252764,152.93940708326784,478.63966884368193,428.8159611924157,336.9957992154869,373.13122851398384,466.321380205053,371.39987221614757,451.6040492057316,499.4837057940848,470.11691008348083,421.4182572214672,382.52829541073527,438.3107239065258,396.99380356190284,483.24734570631495,320.2581014390622,480.460829768312,361.46933629248616,472.2979277400564,357.75488549577346,404.8612698943025,352.6177826948738,380.6546436278985,477.3834100896288,451.1516518450493,420.96355867978417,406.09600217903494,436.9167019779112,368.84119628391505,181.43930909079947,444.67972235489185,491.39307802721515,479.3910746615821,483.21452986711125,376.388449671829,376.280949069441,411.5329393492601,432.28231633491157,447.590637938198,344.7152788933313,458.9869757538317,370.4024123808801,450.4187806731788,387.70953979829113,476.36551683677123,277.19619433471945,341.54927281378747,457.41991802874435,482.9242587343196,371.3969398879254,368.2506312839173,449.7295047018192,448.36504269272217,465.1596302728582,483.9965328936817,470.1523159072358,256.8691528934223,375.49416309576804,472.5722631190913,401.8316985171921,404.51935872340755,319.5625543191868,266.7773240954273,431.4129308949103,334.59739819086997,399.6512887440392,249.37202376821,456.79998462815047,485.40682412874514,427.9293724539271,327.10129148478165,449.45524870706214,421.24645265192606,337.3616113554747,286.7899230106988,225.29902980249537,426.0528490012698,475.6559369027824,391.1159500648022,450.25645507926504,389.0342116583279,443.76405650159387,431.2014235095146,455.14956352476804,478.31780267096883,433.5192005097892,310.8367745706553,416.1573199177331,419.4319408651247,444.6617415965263,476.3506243215418,484.4657469999198,351.7035188709086,404.7250605720123,468.14460727010055,454.4352890376126,418.88029632584033,330.54148060563415,438.6134453576837,462.71507922556,451.11137883558723,368.78812488935165,361.18211703972975,388.50896587637664,390.2976182988019,431.4907331026554,302.85559799728486,360.0353377981305,441.20544405858357,406.6967771668967,471.8126626999334,465.216993743903,457.5872710511446,484.8461549436661,404.62504518268406,446.505101995546,469.379001500189,330.79650397800856,447.2287890280938,426.2345050126867,274.78855367826,380.8227036578165,483.7537736946192,449.915948523547,467.17692821289654,434.375202935332,369.21788750707884,432.48264607723166,399.5148977606685,426.76434303713023,403.00337304392514
8,32,198.58145076713973,429.67388920756576,345.6560581841949,237.63940100573367,369.81970468190843,439.69542705652276,422.30108953634976,451.83814870737655,479.7341428560032,484.1009762339129,484.33817668239504,381.15044984064366,383.5948221502253,476.9956311447239,405.89579739706915,336.57594952083946,479.65482360267526,422.08290945986164,465.6852041579456,440.20814262361387,453.37665046375633,364.60997569186424,470.9975966161156,430.0480676201229,308.2467997505207,429.1652088614893,258.575551103391,492.3797209189242,377.7754186169259,334.954188298997,271.2586637620612,432.8718666577188,464.10969913167537,472.81773317041467,458.47827326214514,402.1538754991247,474.26978275702595,445.1212841514171,433.3601042284166,395.9282001328432,168.873301480482,435.63053212067155,391.107496337838,403.38822324020947,485.3133822025616,486.6588397782695,230.24069804663569,370.19130298195404,404.7325757177729,247.66140357239925,480.4045374203017,61.45379517509201,476.33200455338556,419.57819460169964,445.17054362325695,329.0883662631307,333.8659392943138,279.80007659312463,485.2084796117536,474.569996316524,399.610004837167,439.0306503352901,482.44672809499036,417.2138798578107,467.0966995473217,426.6271761265375,414.8223653119731,407.80476954208996,465.11471356252764,152.93940708326784,478.63966884368193,428.8159611924157,336.9957992154869,373.13122851398384,466.321380205053,371.39987221614757,451.6040492057316,499.4837057940848,470.11691008348083,421.4182572214672,382.52829541073527,438.3107239065258,396.99380356190284,483.24734570631495,320.2581014390622,480.460829768312,361.46933629248616,472.2979277400564,357.75488549577346,404.8612698943025,352.6177826948738,380.6546436278985,477.3834100896288,451.1516518450493,420.96355867978417,406.09600217903494,436.9167019779112,368.84119628391505,181.43930909079947,444.67972235489185,491.39307802721515,479.3910746615821,483.21452986711125,376.388449671829,376.280949069441,411.5329393492601,432.28231633491157,447.590637938198,344.7152788933313,458.9869757538317,370.4024123808801,450.4187806731788,387.70953979829113,476.36551683677123,277.19619433471945,341.54927281378747,457.41991802874435,482.9242587343196,371.3969398879254,368.2506312839173,449.7295047018192,448.36504269272217,465.1596302728582,483.9965328936817,470.1523159072358,256.8691528934223,375.49416309576804,472.5722631190913,401.8316985171921,404.51935872340755,319.5625543191868,266.7773240954273,431.4129308949103,334.59739819086997,399.6512887440392,249.37202376821,456.79998462815047,485.40682412874514,427.9293724539271,327.10129148478165,449.45524870706214,421.24645265192606,337.3616113554747,286.7899230106988,225.29902980249537,426.0528490012698,475.6559369027824,391.1159500648022,450.25645507926504,389.0342116583279,443.76405650159387,431.2014235095146,455.14956352476804,478.31780267096883,433.5192005097892,310.8367745706553,416.1573199177331,419.4319408651247,444.6617415965263,476.3506243215418,484.4657469999198,351.7035188709086,404.7250605720123,468.14460727010055,454.4352890376126,418.88029632584033,330.54148060563415,438.6134453576837,462.71507922556,451.11137883558723,368.78812488935165,361.18211703972975,388.50896587637664,390.2976182988019,431.4907331026554,302.85559799728486,360.0353377981305,441.20544405858357,406.6967771668967,471.8126626999334,465.216993743903,457.5872710511446,484.8461549436661,404.62504518268406,446.505101995546,469.379001500189,330.79650397800856,447.2287890280938,426.2345050126867,274.78855367826,380.8227036578165,483.7537736946192,449.915948523547,467.17692821289654,434.375202935332,369.21788750707884,432.48264607723166,399.5148977606685,426.76434303713023,403.00337304392514
8,33,198.58145076713973,429.67388920756576,345.6560581841949,237.63940100573367,369.81970468190843,439.69542705652276,422.30108953634976,451.83814870737655,479.7341428560032,484.1009762339129,484.33817668239504,381.15044984064366,383.5948221502253,476.9956311447239,405.89579739706915,336.57594952083946,479.65482360267526,422.08290945986164,465.6852041579456,440.20814262361387,453.37665046375633,364.60997569186424,470.9975966161156,430.0480676201229,308.2467997505207,429.1652088614893,258.575551103391,492.3797209189242,377.7754186169259,334.954188298997,271.2586637620612,432.8718666577188,464.10969913167537,472.81773317041467,458.47827326214514,402.1538754991247,474.26978275702595,445.1212841514171,433.3601042284166,395.9282001328432,168.873301480482,435.63053212067155,391.107496337838,403.38822324020947,485.3133822025616,486.6588397782695,230.24069804663569,370.19130298195404,404.7325757177729,247.66140357239925,480.4045374203017,61.45379517509201,476.33200455338556,419.57819460169964,445.17054362325695,329.0883662631307,333.8659392943138,279.80007659312463,485.2084796117536,474.569996316524,399.610004837167,439.0306503352901,482.44672809499036,417.2138798578107,467.0966995473217,426.6271761265375,414.8223653119731,407.80476954208996,465.11471356252764,152.93940708326784,478.63966884368193,428.8159611924157,336.9957992154869,373.13122851398384,466.321380205053,371.39987221614757,451.6040492057316,499.4837057940848,470.11691008348083,421.4182572214672,382.52829541073527,438.3107239065258,396.99380356190284,483.24734570631495,320.2581014390622,480.460829768312,361.46933629248616,472.2979277400564,357.75488549577346,404.8612698943025,352.6177826948738,380.6546436278985,477.3834100896288,451.1516518450493,420.96355867978417,406.09600217903494,436.9167019779112,368.84119628391505,181.43930909079947,444.67972235489185,491.39307802721515,479.3910746615821,483.21452986711125,376.388449671829,376.280949069441,411.5329393492601,432.28231633491157,447.590637938198,344.7152788933313,458.9869757538317,370.4024123808801,450.4187806731788,387.70953979829113,476.36551683677123,277.19619433471945,341.54927281378747,457.41991802874435,482.9242587343196,371.3969398879254,368.2506312839173,449.7295047018192,448.36504269272217,465.1596302728582,483.9965328936817,470.1523159072358,256.8691528934223,375.49416309576804,472.5722631190913,401.8316985171921,404.51935872340755,319.5625543191868,266.7773240954273,431.4129308949103,334.59739819086997,399.6512887440392,249.37202376821,456.79998462815047,485.40682412874514,427.9293724539271,327.10129148478165,449.45524870706214,421.24645265192606,337.3616113554747,286.7899230106988,225.29902980249537,426.0528490012698,475.6559369027824,391.1159500648022,450.25645507926504,389.0342116583279,443.76405650159387,431.2014235095146,455.14956352476804,478.31780267096883,433.5192005097892,310.8367745706553,416.1573199177331,419.4319408651247,444.6617415965263,476.3506243215418,484.4657469999198,351.7035188709086,404.7250605720123,468.14460727010055,454.4352890376126,418.88029632584033,330.54148060563415,438.6134453576837,462.71507922556,451.11137883558723,368.78812488935165,361.18211703972975,388.50896587637664,390.2976182988019,431.4907331026554,302.85559799728486,360.0353377981305,441.20544405858357,406.6967771668967,471.8126626999334,465.216993743903,457.5872710511446,484.8461549436661,404.62504518268406,446.505101995546,469.379001500189,330.79650397800856,447.2287890280938,426.2345050126867,274.78855367826,380.8227036578165,483.7537736946192,449.915948523547,467.17692821289654,434.375202935332,369.21788750707884,432.48264607723166,399.5148977606685,426.76434303713023,403.00337304392514
8,34,198.58145076713973,429.67388920756576,345.6560581841949,237.63940100573367,369.81970468190843,439.69542705652276,422.30108953634976,451.83814870737655,479.7341428560032,484.1009762339129,484.33817668239504,381.15044984064366,383.5948221502253,476.9956311447239,405.89579739706915,336.57594952083946,479.65482360267526,422.08290945986164,465.6852041579456,440.20814262361387,453.37665046375633,364.60997569186424,470.9975966161156,430.0480676201229,308.2467997505207,429.1652088614893,258.575551103391,492.3797209189242,377.7754186169259,334.954188298997,271.2586637620612,432.8718666577188,464.10969913167537,472.81773317041467,458.47827326214514,402.1538754991247,474.26978275702595,445.1212841514171,433.3601042284166,395.9282001328432,168.873301480482,435.63053212067155,391.107496337838,403.38822324020947,485.3133822025616,486.6588397782695,230.24069804663569,370.19130298195404,404.7325757177729,247.66140357239925,480.4045374203017,61.45379517509201,476.33200455338556,419.57819460169964,445.17054362325695,329.0883662631307,333.8659392943138,279.80007659312463,485.2084796117536,474.569996316524,399.610004837167,439.0306503352901,482.44672809499036,417.2138798578107,467.0966995473217,426.6271761265375,414.8223653119731,407.80476954208996,465.11471356252764,152.93940708326784,478.63966884368193,428.8159611924157,336.9957992154869,373.13122851398384,466.321380205053,371.39987221614757,451.6040492057316,499.4837057940848,470.11691008348083,421.4182572214672,382.52829541073527,438.3107239065258,396.99380356190284,483.24734570631495,320.2581014390622,480.460829768312,361.46933629248616,472.2979277400564,357.75488549577346,404.8612698943025,352.6177826948738,380.6546436278985,477.3834100896288,451.1516518450493,420.96355867978417,406.09600217903494,436.9167019779112,368.84119628391505,181.43930909079947,444.67972235489185,491.39307802721515,479.3910746615821,483.21452986711125,376.388449671829,376.280949069441,411.5329393492601,432.28231633491157,447.590637938198,344.7152788933313,458.9869757538317,370.4024123808801,450.4187806731788,387.70953979829113,476.36551683677123,277.19619433471945,341.54927281378747,457.41991802874435,482.9242587343196,371.3969398879254,368.2506312839173,449.7295047018192,448.36504269272217,465.1596302728582,483.9965328936817,470.1523159072358,256.8691528934223,375.49416309576804,472.5722631190913,401.8316985171921,404.51935872340755,319.5625543191868,266.7773240954273,431.4129308949103,334.59739819086997,399.6512887440392,249.37202376821,456.79998462815047,485.40682412874514,427.9293724539271,327.10129148478165,449.45524870706214,421.24645265192606,337.3616113554747,286.7899230106988,225.29902980249537,426.0528490012698,475.6559369027824,391.1159500648022,450.25645507926504,389.0342116583279,443.76405650159387,431.2014235095146,455.14956352476804,478.31780267096883,433.5192005097892,310.8367745706553,416.1573199177331,419.4319408651247,444.6617415965263,476.3506243215418,484.4657469999198,351.7035188709086,404.7250605720123,468.14460727010055,454.4352890376126,418.88029632584033,330.54148060563415,438.6134453576837,462.71507922556,451.11137883558723,368.78812488935165,361.18211703972975,388.50896587637664,390.2976182988019,431.4907331026554,302.85559799728486,360.0353377981305,441.20544405858357,406.6967771668967,471.8126626999334,465.216993743903,457.5872710511446,484.8461549436661,404.62504518268406,446.505101995546,469.379001500189,330.79650397800856,447.2287890280938,426.2345050126867,274.78855367826,380.8227036578165,483.7537736946192,449.915948523547,467.17692821289654,434.375202935332,369.21788750707884,432.48264607723166,399.5148977606685,426.76434303713023,403.00337304392514
8,35,198.58145076713973,429.67388920756576,345.6560581841949,237.63940100573367,369.81970468190843,439.69542705652276,422.30108953634976,451.83814870737655,479.7341428560032,484.1009762339129,484.33817668239504,381.15044984064366,383.5948221502253,476.9956311447239,405.89579739706915,336.57594952083946,479.65482360267526,422.08290945986164,465.6852041579456,440.20814262361387,453.37665046375633,364.60997569186424,470.9975966161156,430.0480676201229,308.2467997505207,429.1652088614893,258.575551103391,492.3797209189242,377.7754186169259,334.954188298997,271.2586637620612,432.8718666577188,464.10969913167537,472.81773317041467,458.47827326214514,402.1538754991247,474.26978275702595,445.1212841514171,433.3601042284166,395.9282001328432,168.873301480482,435.63053212067155,391.107496337838,403.38822324020947,485.3133822025616,486.6588397782695,230.24069804663569,370.19130298195404,404.7325757177729,247.66140357239925,480.4045374203017,61.45379517509201,476.33200455338556,419.57819460169964,445.17054362325695,329.0883662631307,333.8659392943138,279.80007659312463,485.2084796117536,474.569996316524,399.610004837167,439.0306503352901,482.44672809499036,417.2138798578107,467.0966995473217,426.6271761265375,414.8223653119731,407.80476954208996,465.11471356252764,152.93940708326784,478.63966884368193,428.8159611924157,336.9957992154869,373.13122851398384,466.321380205053,371.39987221614757,451.6040492057316,499.4837057940848,470.11691008348083,421.4182572214672,382.52829541073527,438.3107239065258,396.99380356190284,483.24734570631495,320.2581014390622,480.460829768312,361.46933629248616,472.2979277400564,357.75488549577346,404.8612698943025,352.6177826948738,380.6546436278985,477.3834100896288,451.1516518450493,420.96355867978417,406.09600217903494,436.9167019779112,368.84119628391505,181.43930909079947,444.67972235489185,491.39307802721515,479.3910746615821,483.21452986711125,376.388449671829,376.280949069441,411.5329393492601,432.28231633491157,447.590637938198,344.7152788933313,458.9869757538317,370.4024123808801,450.4187806731788,387.70953979829113,476.36551683677123,277.19619433471945,341.54927281378747,457.41991802874435,482.9242587343196,371.3969398879254,368.2506312839173,449.7295047018192,448.36504269272217,465.1596302728582,483.9965328936817,470.1523159072358,256.8691528934223,375.49416309576804,472.5722631190913,401.8316985171921,404.51935872340755,319.5625543191868,266.7773240954273,431.4129308949103,334.59739819086997,399.6512887440392,249.37202376821,456.79998462815047,485.40682412874514,427.9293724539271,327.10129148478165,449.45524870706214,421.24645265192606,337.3616113554747,286.7899230106988,225.29902980249537,426.0528490012698,475.6559369027824,391.1159500648022,450.25645507926504,389.0342116583279,443.76405650159387,431.2014235095146,455.14956352476804,478.31780267096883,433.5192005097892,310.8367745706553,416.1573199177331,419.4319408651247,444.6617415965263,476.3506243215418,484.4657469999198,351.7035188709086,404.7250605720123,468.14460727010055,454.4352890376126,418.88029632584033,330.54148060563415,438.6134453576837,462.71507922556,451.11137883558723,368.78812488935165,361.18211703972975,388.50896587637664,390.2976182988019,431.4907331026554,302.85559799728486,360.0353377981305,441.20544405858357,406.6967771668967,471.8126626999334,465.216993743903,457.5872710511446,484.8461549436661,404.62504518268406,446.505101995546,469.379001500189,330.79650397800856,447.2287890280938,426.2345050126867,274.78855367826,380.8227036578165,483.7537736946192,449.915948523547,467.17692821289654,434.375202935332,369.21788750707884,432.48264607723166,399.5148977606685,426.76434303713023,403.00337304392514
8,36,198.58145076713973,429.67388920756576,345.6560581841949,237.63940100573367,369.81970468190843,439.69542705652276,422.30108953634976,451.83814870737655,479.7341428560032,484.1009762339129,484.33817668239504,381.15044984064366,383.5948221502253,476.9956311447239,405.89579739706915,336.57594952083946,479.65482360267526,422.08290945986164,465.6852041579456,440.20814262361387,453.37665046375633,364.60997569186424,470.9975966161156,430.0480676201229,308.2467997505207,429.1652088614893,258.575551103391,492.3797209189242,377.7754186169259,334.954188298997,271.2586637620612,432.8718666577188,464.10969913167537,472.81773317041467,458.47827326214514,402.1538754991247,474.26978275702595,445.1212841514171,433.3601042284166,395.9282001328432,168.873301480482,435.63053212067155,391.107496337838,403.38822324020947,485.3133822025616,486.6588397782695,230.24069804663569,370.19130298195404,404.7325757177729,247.66140357239925,480.4045374203017,61.45379517509201,476.33200455338556,419.57819460169964,445.17054362325695,329.0883662631307,333.8659392943138,279.80007659312463,485.2084796117536,474.569996316524,399.610004837167,439.0306503352901,482.44672809499036,417.2138798578107,467.0966995473217,426.6271761265375,414.8223653119731,407.80476954208996,465.11471356252764,152.93940708326784,478.63966884368193,428.8159611924157,336.9957992154869,373.13122851398384,466.321380205053,371.39987221614757,451.6040492057316,499.4837057940848,470.11691008348083,421.4182572214672,382.52829541073527,438.3107239065258,396.99380356190284,483.24734570631495,320.2581014390622,480.460829768312,361.46933629248616,472.2979277400564,357.75488549577346,404.8612698943025,352.6177826948738,380.6546436278985,477.3834100896288,451.1516518450493,420.96355867978417,406.09600217903494,436.9167019779112,368.84119628391505,181.43930909079947,444.67972235489185,491.39307802721515,479.3910746615821,483.21452986711125,376.388449671829,376.280949069441,411.5329393492601,432.28231633491157,447.590637938198,344.7152788933313,458.9869757538317,370.4024123808801,450.4187806731788,387.70953979829113,476.36551683677123,277.19619433471945,341.54927281378747,457.41991802874435,482.9242587343196,371.3969398879254,368.2506312839173,449.7295047018192,448.36504269272217,465.1596302728582,483.9965328936817,470.1523159072358,256.8691528934223,375.49416309576804,472.5722631190913,401.8316985171921,404.51935872340755,319.5625543191868,266.7773240954273,431.4129308949103,334.59739819086997,399.6512887440392,249.37202376821,456.79998462815047,485.40682412874514,427.9293724539271,327.10129148478165,449.45524870706214,421.24645265192606,337.3616113554747,286.7899230106988,225.29902980249537,426.0528490012698,475.6559369027824,391.1159500648022,450.25645507926504,389.0342116583279,443.76405650159387,431.2014235095146,455.14956352476804,478.31780267096883,433.5192005097892,310.8367745706553,416.1573199177331,419.4319408651247,444.6617415965263,476.3506243215418,484.4657469999198,351.7035188709086,404.7250605720123,468.14460727010055,454.4352890376126,418.88029632584033,330.54148060563415,438.6134453576837,462.71507922556,451.11137883558723,368.78812488935165,361.18211703972975,388.50896587637664,390.2976182988019,431.4907331026554,302.85559799728486,360.0353377981305,441.20544405858357,406.6967771668967,471.8126626999334,465.216993743903,457.5872710511446,484.8461549436661,404.62504518268406,446.505101995546,469.379001500189,330.79650397800856,447.2287890280938,426.2345050126867,274.78855367826,380.8227036578165,483.7537736946192,449.915948523547,467.17692821289654,434.375202935332,369.21788750707884,432.48264607723166,399.5148977606685,426.76434303713023,403.00337304392514
8,37,198.58145076713973,429.67388920756576,345.6560581841949,237.63940100573367,369.81970468190843,439.69542705652276,422.30108953634976,451.83814870737655,479.7341428560032,484.1009762339129,484.33817668239504,381.15044984064366,383.5948221502253,476.9956311447239,405.89579739706915,336.57594952083946,479.65482360267526,422.08290945986164,465.6852041579456,440.20814262361387,453.37665046375633,364.60997569186424,470.9975966161156,430.0480676201229,308.2467997505207,429.1652088614893,258.575551103391,492.3797209189242,377.7754186169259,334.954188298997,271.2586637620612,432.8718666577188,464.10969913167537,472.81773317041467,458.47827326214514,402.1538754991247,474.26978275702595,445.1212841514171,433.3601042284166,395.9282001328432,168.873301480482,435.63053212067155,391.107496337838,403.38822324020947,485.3133822025616,486.6588397782695,230.24069804663569,370.19130298195404,404.7325757177729,247.66140357239925,480.4045374203017,61.45379517509201,476.33200455338556,419.57819460169964,445.17054362325695,329.0883662631307,333.8659392943138,279.80007659312463,485.2084796117536,474.569996316524,399.610004837167,439.0306503352901,482.44672809499036,417.2138798578107,467.0966995473217,426.6271761265375,414.8223653119731,407.80476954208996,465.11471356252764,152.93940708326784,478.63966884368193,428.8159611924157,336.9957992154869,373.13122851398384,466.321380205053,371.39987221614757,451.6040492057316,499.4837057940848,470.11691008348083,421.4182572214672,382.52829541073527,438.3107239065258,396.99380356190284,483.24734570631495,320.2581014390622,480.460829768312,361.46933629248616,472.2979277400564,357.75488549577346,404.8612698943025,352.6177826948738,380.6546436278985,477.3834100896288,451.1516518450493,420.96355867978417,406.09600217903494,436.9167019779112,368.84119628391505,181.43930909079947,444.67972235489185,491.39307802721515,479.3910746615821,483.21452986711125,376.388449671829,376.280949069441,411.5329393492601,432.28231633491157,447.590637938198,344.7152788933313,458.9869757538317,370.4024123808801,450.4187806731788,387.70953979829113,476.36551683677123,277.19619433471945,341.54927281378747,457.41991802874435,482.9242587343196,371.3969398879254,368.2506312839173,449.7295047018192,448.36504269272217,465.1596302728582,483.9965328936817,470.1523159072358,256.8691528934223,375.49416309576804,472.5722631190913,401.8316985171921,404.51935872340755,319.5625543191868,266.7773240954273,431.4129308949103,334.59739819086997,399.6512887440392,249.37202376821,456.79998462815047,485.40682412874514,427.9293724539271,327.10129148478165,449.45524870706214,421.24645265192606,337.3616113554747,286.7899230106988,225.29902980249537,426.0528490012698,475.6559369027824,391.1159500648022,450.25645507926504,389.0342116583279,443.76405650159387,431.2014235095146,455.14956352476804,478.31780267096883,433.5192005097892,310.8367745706553,416.1573199177331,419.4319408651247,444.6617415965263,476.3506243215418,484.4657469999198,351.7035188709086,404.7250605720123,468.14460727010055,454.4352890376126,418.88029632584033,330.54148060563415,438.6134453576837,462.71507922556,451.11137883558723,368.78812488935165,361.18211703972975,388.50896587637664,390.2976182988019,431.4907331026554,302.85559799728486,360.0353377981305,441.20544405858357,406.6967771668967,471.8126626999334,465.216993743903,457.5872710511446,484.8461549436661,404.62504518268406,446.505101995546,469.379001500189,330.79650397800856,447.2287890280938,426.2345050126867,274.78855367826,380.8227036578165,483.7537736946192,449.915948523547,467.17692821289654,434.375202935332,369.21788750707884,432.48264607723166,399.5148977606685,426.76434303713023,403.00337304392514
8,38,198.58145076713973,429.67388920756576,345.6560581841949,237.63940100573367,369.81970468190843,439.69542705652276,422.30108953634976,451.83814870737655,479.7341428560032,484.1009762339129,484.33817668239504,381.15044984064366,383.5948221502253,476.9956311447239,405.89579739706915,336.57594952083946,479.65482360267526,422.08290945986164,465.6852041579456,440.20814262361387,453.37665046375633,364.60997569186424,470.9975966161156,430.0480676201229,308.2467997505207,429.1652088614893,258.575551103391,492.3797209189242,377.7754186169259,334.954188298997,271.2586637620612,432.8718666577188,464.10969913167537,472.81773317041467,458.47827326214514,402.1538754991247,474.26978275702595,445.1212841514171,433.3601042284166,395.9282001328432,168.873301480482,435.63053212067155,391.107496337838,403.38822324020947,485.3133822025616,486.6588397782695,230.24069804663569,370.19130298195404,404.7325757177729,247.66140357239925,480.4045374203017,61.45379517509201,476.33200455338556,419.57819460169964,445.17054362325695,329.0883662631307,333.8659392943138,279.80007659312463,485.2084796117536,474.569996316524,399.610004837167,439.0306503352901,482.44672809499036,417.2138798578107,467.0966995473217,426.6271761265375,414.8223653119731,407.80476954208996,465.11471356252764,152.93940708326784,478.63966884368193,428.8159611924157,336.9957992154869,373.13122851398384,466.321380205053,371.39987221614757,451.6040492057316,499.4837057940848,470.11691008348083,421.4182572214672,382.52829541073527,438.3107239065258,396.99380356190284,483.24734570631495,320.2581014390622,480.460829768312,361.46933629248616,472.2979277400564,357.75488549577346,404.8612698943025,352.6177826948738,380.6546436278985,477.3834100896288,451.1516518450493,420.96355867978417,406.09600217903494,436.9167019779112,368.84119628391505,181.43930909079947,444.67972235489185,491.39307802721515,479.3910746615821,483.21452986711125,376.388449671829,376.280949069441,411.5329393492601,432.28231633491157,447.590637938198,344.7152788933313,458.9869757538317,370.4024123808801,450.4187806731788,387.70953979829113,476.36551683677123,277.19619433471945,341.54927281378747,457.41991802874435,482.9242587343196,371.3969398879254,368.2506312839173,449.7295047018192,448.36504269272217,465.1596302728582,483.9965328936817,470.1523159072358,256.8691528934223,375.49416309576804,472.5722631190913,401.8316985171921,404.51935872340755,319.5625543191868,266.7773240954273,431.4129308949103,334.59739819086997,399.6512887440392,249.37202376821,456.79998462815047,485.40682412874514,427.9293724539271,327.10129148478165,449.45524870706214,421.24645265192606,337.3616113554747,286.7899230106988,225.29902980249537,426.0528490012698,475.6559369027824,391.1159500648022,450.25645507926504,389.0342116583279,443.76405650159387,431.2014235095146,455.14956352476804,478.31780267096883,433.5192005097892,310.8367745706553,416.1573199177331,419.4319408651247,444.6617415965263,476.3506243215418,484.4657469999198,351.7035188709086,404.7250605720123,468.14460727010055,454.4352890376126,418.88029632584033,330.54148060563415,438.6134453576837,462.71507922556,451.11137883558723,368.78812488935165,361.18211703972975,388.50896587637664,390.2976182988019,431.4907331026554,302.85559799728486,360.0353377981305,441.20544405858357,406.6967771668967,471.8126626999334,465.216993743903,457.5872710511446,484.8461549436661,404.62504518268406,446.505101995546,469.379001500189,330.79650397800856,447.2287890280938,426.2345050126867,274.78855367826,380.8227036578165,483.7537736946192,449.915948523547,467.17692821289654,434.375202935332,369.21788750707884,432.48264607723166,399.5148977606685,426.76434303713023,403.00337304392514
8,39,198.58145076713973,429.67388920756576,345.6560581841949,237.63940100573367,369.81970468190843,439.69542705652276,422.30108953634976,451.83814870737655,479.7341428560032,484.1009762339129,484.33817668239504,381.15044984064366,383.5948221502253,476.9956311447239,405.89579739706915,336.57594952083946,479.65482360267526,422.08290945986164,465.6852041579456,440.20814262361387,453.37665046375633,364.60997569186424,470.9975966161156,430.0480676201229,308.2467997505207,429.1652088614893,258.575551103391,492.3797209189242,377.7754186169259,334.954188298997,271.2586637620612,432.8718666577188,464.10969913167537,472.81773317041467,458.47827326214514,402.1538754991247,474.26978275702595,445.1212841514171,433.3601042284166,395.9282001328432,168.873301480482,435.63053212067155,391.107496337838,403.38822324020947,485.3133822025616,486.6588397782695,230.24069804663569,370.19130298195404,404.7325757177729,247.66140357239925,480.4045374203017,61.45379517509201,476.33200455338556,419.57819460169964,445.17054362325695,329.0883662631307,333.8659392943138,279.80007659312463,485.2084796117536,474.569996316524,399.610004837167,439.0306503352901,482.44672809499036,417.2138798578107,467.0966995473217,426.6271761265375,414.8223653119731,407.80476954208996,465.11471356252764,152.93940708326784,478.63966884368193,428.8159611924157,336.9957992154869,373.13122851398384,466.321380205053,371.39987221614757,451.6040492057316,499.4837057940848,470.11691008348083,421.4182572214672,382.52829541073527,438.3107239065258,396.99380356190284,483.24734570631495,320.2581014390622,480.460829768312,361.46933629248616,472.2979277400564,357.75488549577346,404.8612698943025,352.6177826948738,380.6546436278985,477.3834100896288,451.1516518450493,420.96355867978417,406.09600217903494,436.9167019779112,368.84119628391505,181.43930909079947,444.67972235489185,491.39307802721515,479.3910746615821,483.21452986711125,376.388449671829,376.280949069441,411.5329393492601,432.28231633491157,447.590637938198,344.7152788933313,458.9869757538317,370.4024123808801,450.4187806731788,387.70953979829113,476.36551683677123,277.19619433471945,341.54927281378747,457.41991802874435,482.9242587343196,371.3969398879254,368.2506312839173,449.7295047018192,448.36504269272217,465.1596302728582,483.9965328936817,470.1523159072358,256.8691528934223,375.49416309576804,472.5722631190913,401.8316985171921,404.51935872340755,319.5625543191868,266.7773240954273,431.4129308949103,334.59739819086997,399.6512887440392,249.37202376821,456.79998462815047,485.40682412874514,427.9293724539271,327.10129148478165,449.45524870706214,421.24645265192606,337.3616113554747,286.7899230106988,225.29902980249537,426.0528490012698,475.6559369027824,391.1159500648022,450.25645507926504,389.0342116583279,443.76405650159387,431.2014235095146,455.14956352476804,478.31780267096883,433.5192005097892,310.8367745706553,416.1573199177331,419.4319408651247,444.6617415965263,476.3506243215418,484.4657469999198,351.7035188709086,404.7250605720123,468.14460727010055,454.4352890376126,418.88029632584033,330.54148060563415,438.6134453576837,462.71507922556,451.11137883558723,368.78812488935165,361.18211703972975,388.50896587637664,390.2976182988019,431.4907331026554,302.85559799728486,360.0353377981305,441.20544405858357,406.6967771668967,471.8126626999334,465.216993743903,457.5872710511446,484.8461549436661,404.62504518268406,446.505101995546,469.379001500189,330.79650397800856,447.2287890280938,426.2345050126867,274.78855367826,380.8227036578165,483.7537736946192,449.915948523547,467.17692821289654,434.375202935332,369.21788750707884,432.48264607723166,399.5148977606685,426.76434303713023,403.00337304392514
9,0,361.18211703972975,279.99934226087214,394.41007963522014,478.6320703389099,420.36072602336816,391.5314884055834,467.40478261360136,434.375202935332,457.3635833918108,388.89341932756554,224.88645230773173,382.5602139695302,229.91799028229926,302.85559799728486,411.5980919908447,428.00003791206194,477.3834100896288,449.3625925526957,404.1630784935976,404.51935872340755,387.6734269554243,369.9247652984614,420.90340272906707,492.3797209189242,152.19814022705253,395.4957918902491,472.81773317041467,337.02389645582235,438.3107239065258,337.1485518200771,360.0353377981305,471.1924004104827,478.0914480974228,401.5181130916737,249.37202376821,443.90756951618465,491.8488910540018,460.69943748975714,483.81969572552066,458.9869757538317,237.63940100573367,426.5734436125409,428.23972663676807,458.30239188548546,449.53391069846566,446.606641234888,470.1523159072358,480.73444702456567,468.798389098634,475.6525720126528,446.505101995546,479.9172377678455,480.4045374203017,277.19619433471945,414.8223653119731,368.78812488935165,330.54148060563415,476.9956311447239,402.1538754991247,495.78544586816525,444.67972235489185,448.10567239333204,328.49930512840166,470.9975966161156,475.6559369027824,371.39987221614757,370.19130298195404,399.4433809061803,442.2761293080063,432.48264607723166,320.5865961111046,334.2113303917084,399.24289623025146,452.92879287768176,426.9287339608814,247.66140357239925,352.54408201513974,441.2440977809547,399.610004837167,478.1699121225565,459.83415767694,438.6510574391179,483.21452986711125,451.83814870737655,388.42000975401254,427.0681472503907,403.38822324020947,335.6450995205764,310.662335597745,257.98169125154413,432.28231633491157,422.08290945986164,258.26159805678265,61.526232252510624,271.0624866654241,443.86874208033163,341.1930655326817,432.8718666577188,472.5722631190913,331.2299589544509,472.82070680224456,484.41174970514606,484.8461549436661,483.7537736946192,407.80476954208996,455.23584994195147,449.45524870706214,482.9242587343196,401.51244320248827,465.216993743903,470.11691008348083,415.73284161818884,448.36504269272217,480.76086973533603,390.2976182988019,438.6134453576837,429.98081962995633,319.5625543191868,404.7325757177729,391.107496337838,383.5948221502253,381.6398540081417,450.7893649282276,478.31780267096883,369.95734927841886,483.24734570631495,428.8704955639598,307.81815558762696,468.8629652929804,181.43930909079947,406.3489698130374,352.6177826948738,198.73671049420872,380.6651791377001,343.0421309619583,406.6378287445534,364.60997569186424,168.06538409753713,484.0290235868582,450.4362302240684,286.7899230106988,345.6560581841949,374.95268961437233,455.14956352476804,437.8111592997461,466.321380205053,451.6040492057316,421.5679866028704,431.4907331026554,448.88390968399995,440.20814262361387,421.24645265192606,333.8659392943138,484.33817668239504,479.3523055655593,483.4005049169395,375.63552297613575,468.0366771661652,465.1575289187166,483.6918408518566,464.10969913167537,486.6588397782695,374.08478012676505,406.6967771668967,361.34339418663404,376.6180120051737,465.6852041579456,403.2307487385879,418.88029632584033,422.07368915386456,327.10129148478165,445.1212841514171,404.8612698943025,431.4129308949103,368.0805532857572,467.17692821289654,429.67388920756576,371.3969398879254,474.84786060535544,380.30636455081697,454.34143011525555,419.57819460169964,431.46106145772166,266.7773240954273,450.2774174601278,485.40682412874514,427.73148331047287,433.9810086861403,334.59739819086997,436.9167019779112,428.2117221539891,375.090462741555,416.1573199177331,368.84119628391505,472.2979277400564,474.569996316524,435.63053212067155,357.75488549577346,370.4024123808801,274.78855367826
9,1,361.18211703972975,279.80007659312463,394.31846311751536,478.63966884368193,419.73112079240207,391.6820469656878,465.1596302728582,434.078287145957,457.5872710511446,388.50896587637664,225.29902980249537,382.5602139695302,230.24069804663569,302.85559799728486,411.5329393492601,426.0528490012698,477.3834100896288,449.3625925526957,404.62504518268406,404.51935872340755,387.70953979829113,369.21788750707884,420.1614233422977,492.3797209189242,152.19814022705253,395.4957918902491,472.81773317041467,336.9957992154869,438.3107239065258,337.3616113554747,360.0353377981305,470.6877053441992,478.0914480974228,401.8316985171921,249.37202376821,444.6617415965263,491.39307802721515,460.69943748975714,484.1009762339129,458.9869757538317,237.63940100573367,426.2345050126867,427.9293724539271,457.41991802874435,449.30396150599955,446.30180861850636,470.1523159072358,480.460829768312,469.90285790677467,476.33200455338556,446.505101995546,479.7341428560032,480.4045374203017,277.19619433471945,414.8223653119731,368.78812488935165,330.54148060563415,476.9956311447239,402.1538754991247,495.78544586816525,444.67972235489185,447.590637938198,329.0883662631307,470.9975966161156,475.6559369027824,371.39987221614757,370.19130298195404,399.5012198734811,445.17054362325695,432.48264607723166,320.2581014390622,334.954188298997,398.7081103825617,453.37665046375633,426.6271761265375,247.66140357239925,350.88364270530275,441.20544405858357,399.610004837167,479.3910746615821,458.47827326214514,438.6510574391179,483.21452986711125,450.95848417014,389.0342116583279,428.8159611924157,403.38822324020947,335.6450995205764,310.8367745706553,257.98169125154413,432.28231633491157,422.08290945986164,258.26159805678265,61.526232252510624,271.0624866654241,443.76405650159387,341.54927281378747,432.8718666577188,472.5722631190913,330.79650397800856,472.5257979546765,484.41174970514606,484.8461549436661,483.7537736946192,407.80476954208996,454.4352890376126,449.45524870706214,482.9242587343196,401.51244320248827,465.216993743903,470.11691008348083,415.73284161818884,448.36504269272217,479.80948378419725,390.2976182988019,437.8627549514134,429.98081962995633,319.5625543191868,404.7325757177729,390.12147583122885,383.5948221502253,381.6398540081417,449.915948523547,478.31780267096883,369.81970468190843,483.24734570631495,428.8704955639598,308.2467997505207,469.074651338662,181.4087049248021,406.3489698130374,352.6177826948738,198.58145076713973,381.15044984064366,343.0421309619583,406.09600217903494,364.60997569186424,168.06538409753713,483.9965328936817,451.11137883558723,286.7899230106988,345.6560581841949,376.280949069441,455.14956352476804,439.0306503352901,466.321380205053,451.6923537184896,419.4319408651247,431.4907331026554,448.88390968399995,440.20814262361387,421.24645265192606,333.8659392943138,484.33817668239504,479.65482360267526,483.4005049169395,375.63552297613575,467.0966995473217,465.11471356252764,484.4657469999198,464.10969913167537,486.6588397782695,374.08478012676505,406.6967771668967,361.46933629248616,376.6180120051737,465.6852041579456,403.2307487385879,418.88029632584033,422.07368915386456,327.10129148478165,445.1212841514171,404.8612698943025,431.4129308949103,368.2506312839173,467.17692821289654,429.67388920756576,371.05279271235537,475.72303636256254,380.6546436278985,454.34143011525555,419.57819460169964,431.9006388102614,266.376083942933,450.2774174601278,484.23243062207786,427.73148331047287,433.5192005097892,334.59739819086997,436.9167019779112,426.76434303713023,373.13122851398384,416.1573199177331,368.84119628391505,472.2979277400564,474.569996316524,435.63053212067155,357.75488549577346,370.4024123808801,274.78855367826
9,2,361.18211703972975,279.80007659312463,394.31846311751536,478.63966884368193,419.73112079240207,391.6820469656878,465.1596302728582,434.078287145957,457.5872710511446,388.50896587637664,225.29902980249537,382.5602139695302,230.24069804663569,302.85559799728486,411.5329393492601,426.0528490012698,478.4488328568696,449.3625925526957,404.62504518268406,404.51935872340755,387.70953979829113,369.21788750707884,420.1614233422977,492.3797209189242,152.19814022705253,395.4957918902491,472.81773317041467,336.9957992154869,438.3107239065258,337.3616113554747,360.0353377981305,471.8126626999334,478.0914480974228,401.8316985171921,249.37202376821,444.6617415965263,491.39307802721515,460.69943748975714,484.1009762339129,458.9869757538317,237.63940100573367,426.2345050126867,428.23972663676807,457.41991802874435,449.7295047018192,446.606641234888,470.1523159072358,480.460829768312,469.90285790677467,476.33200455338556,446.505101995546,479.7341428560032,480.4045374203017,277.19619433471945,414.8223653119731,369.8126861375311,330.54148060563415,476.9956311447239,402.14293762023965,499.4837057940848,444.67972235489185,447.590637938198,329.0883662631307,470.9975966161156,475.6559369027824,371.39987221614757,370.19130298195404,399.6512887440392,445.17054362325695,432.48264607723166,320.2581014390622,334.8811630081195,399.5148977606685,453.37665046375633,426.6271761265375,247.66140357239925,350.88364270530275,441.20544405858357,399.610004837167,479.3910746615821,458.47827326214514,438.6510574391179,483.21452986711125,450.95848417014,389.0342116583279,428.8159611924157,403.38822324020947,335.6450995205764,310.8367745706553,257.98169125154413,432.28231633491157,422.08290945986164,258.26159805678265,61.526232252510624,271.0624866654241,443.76405650159387,341.54927281378747,432.8718666577188,472.5722631190913,330.79650397800856,472.5257979546765,484.41174970514606,484.8461549436661,483.7537736946192,407.80476954208996,455.23584994195147,449.45524870706214,482.9242587343196,403.00337304392514,465.216993743903,470.11691008348083,415.73284161818884,448.36504269272217,479.80948378419725,390.2976182988019,437.8627549514134,431.2014235095146,319.5625543191868,404.7325757177729,391.107496337838,383.5948221502253,381.6398540081417,449.915948523547,478.31780267096883,369.81970468190843,484.0103638520502,430.0480676201229,308.2467997505207,469.074651338662,181.51441878338963,404.64132926249766,352.6177826948738,198.58145076713973,381.15044984064366,343.0421309619583,406.09600217903494,364.34843591938915,168.06538409753713,483.9965328936817,451.11137883558723,286.7899230106988,345.6560581841949,376.280949069441,455.14956352476804,439.0306503352901,466.321380205053,451.6923537184896,419.4319408651247,431.4907331026554,448.88390968399995,440.20814262361387,421.24645265192606,333.8659392943138,484.33817668239504,479.11101200663904,485.3133822025616,376.388449671829,467.0966995473217,465.11471356252764,484.4657469999198,464.10969913167537,486.6588397782695,375.49416309576804,406.6967771668967,361.46933629248616,377.7754186169259,465.6852041579456,403.2307487385879,418.88029632584033,422.07368915386456,327.10129148478165,445.1212841514171,404.8612698943025,431.4129308949103,368.2506312839173,467.17692821289654,429.67388920756576,371.3969398879254,475.72303636256254,380.6546436278985,454.34143011525555,419.57819460169964,433.3601042284166,266.376083942933,451.1516518450493,484.23243062207786,427.73148331047287,433.5192005097892,334.59739819086997,436.9167019779112,426.76434303713023,373.13122851398384,416.1573199177331,368.84119628391505,472.2979277400564,474.569996316524,435.63053212067155,357.75488549577346,370.4024123808801,274.78855367826
9,3,361.18211703972975,279.80007659312463,394.31846311751536,478.63966884368193,419.73112079240207,391.6820469656878,465.1596302728582,434.078287145957,457.5872710511446,388.50896587637664,225.29902980249537,382.5602139695302,230.24069804663569,302.85559799728486,411.5329393492601,426.0528490012698,478.4488328568696,449.3625925526957,404.62504518268406,404.51935872340755,387.70953979829113,369.21788750707884,421.4182572214672,492.3797209189242,152.19814022705253,395.4957918902491,472.81773317041467,336.9957992154869,438.3107239065258,337.3616113554747,360.0353377981305,471.8126626999334,478.0914480974228,401.8316985171921,249.37202376821,444.6617415965263,491.39307802721515,460.69943748975714,484.1009762339129,458.9869757538317,237.63940100573367,426.2345050126867,428.23972663676807,457.41991802874435,449.7295047018192,446.606641234888,470.1523159072358,480.460829768312,469.90285790677467,476.33200455338556,446.505101995546,479.7341428560032,480.4045374203017,277.19619433471945,414.8223653119731,369.8126861375311,330.54148060563415,476.9956311447239,402.14293762023965,499.4837057940848,444.67972235489185,447.590637938198,329.0883662631307,470.9975966161156,475.6559369027824,371.39987221614757,370.19130298195404,399.6512887440392,445.17054362325695,432.48264607723166,320.2581014390622,334.4865107200414,399.5148977606685,453.37665046375633,426.6271761265375,247.66140357239925,351.7035188709086,441.20544405858357,399.610004837167,479.3910746615821,458.47827326214514,438.6510574391179,483.21452986711125,450.95848417014,389.0342116583279,428.8159611924157,403.38822324020947,336.89884934775034,310.8367745706553,257.98169125154413,432.28231633491157,422.08290945986164,258.26159805678265,61.526232252510624,271.2586637620612,443.76405650159387,341.54927281378747,432.8718666577188,472.5722631190913,330.79650397800856,472.5257979546765,484.41174970514606,484.8461549436661,483.7537736946192,407.80476954208996,455.23584994195147,449.45524870706214,484.1368605615752,403.00337304392514,465.216993743903,470.11691008348083,417.2138798578107,448.36504269272217,479.80948378419725,390.2976182988019,437.8627549514134,431.2014235095146,319.5625543191868,404.7325757177729,391.107496337838,383.5948221502253,382.52829541073527,449.915948523547,478.31780267096883,369.81970468190843,484.0103638520502,430.0480676201229,308.2467997505207,469.074651338662,181.51441878338963,404.64132926249766,352.7601453236895,198.58145076713973,381.15044984064366,343.0421309619583,406.09600217903494,364.60997569186424,168.06538409753713,483.9965328936817,451.11137883558723,286.7899230106988,345.6560581841949,376.280949069441,455.14956352476804,439.9750990619974,466.321380205053,451.6923537184896,419.4319408651247,431.4907331026554,448.88390968399995,440.20814262361387,421.24645265192606,333.8659392943138,484.33817668239504,479.65482360267526,485.3133822025616,376.388449671829,467.0966995473217,465.11471356252764,484.4657469999198,464.10969913167537,486.6588397782695,375.49416309576804,406.6967771668967,361.46933629248616,377.7754186169259,465.6852041579456,404.3563762651335,418.88029632584033,422.30108953634976,327.10129148478165,445.1212841514171,404.8612698943025,431.4129308949103,368.2506312839173,467.17692821289654,429.67388920756576,371.3969398879254,476.3506243215418,380.6546436278985,454.34143011525555,419.57819460169964,433.3601042284166,266.376083942933,451.1516518450493,484.23243062207786,427.73148331047287,433.5192005097892,334.59739819086997,436.9167019779112,426.76434303713023,373.13122851398384,416.1573199177331,368.84119628391505,472.2979277400564,474.569996316524,435.63053212067155,357.75488549577346,369.8196707203482,274.78855367826
9,4,361.18211703972975,279.80007659312463,394.31846311751536,478.63966884368193,419.73112079240207,391.6820469656878,465.1596302728582,434.375202935332,457.5872710511446,388.50896587637664,225.29902980249537,382.5602139695302,230.24069804663569,302.85559799728486,411.5329393492601,426.0528490012698,478.4488328568696,449.3625925526957,404.62504518268406,404.51935872340755,387.70953979829113,369.21788750707884,421.4182572214672,492.3797209189242,152.19814022705253,395.4957918902491,472.81773317041467,336.9957992154869,438.3107239065258,337.3616113554747,360.0353377981305,471.8126626999334,478.0914480974228,401.8316985171921,249.37202376821,444.6617415965263,491.39307802721515,462.71507922556,484.1009762339129,458.9869757538317,237.63940100573367,426.2345050126867,428.23972663676807,457.41991802874435,449.7295047018192,446.606641234888,470.1523159072358,480.460829768312,469.90285790677467,476.33200455338556,446.505101995546,479.7341428560032,480.4045374203017,277.19619433471945,414.8223653119731,369.8126861375311,330.54148060563415,476.9956311447239,402.14293762023965,499.4837057940848,444.67972235489185,447.590637938198,329.0883662631307,470.9975966161156,475.6559369027824,371.39987221614757,370.19130298195404,399.6512887440392,445.17054362325695,432.48264607723166,320.2581014390622,334.4865107200414,399.5148977606685,453.37665046375633,426.6271761265375,247.66140357239925,351.7035188709086,441.20544405858357,399.610004837167,479.3910746615821,458.47827326214514,439.69542705652276,483.21452986711125,450.95848417014,389.0342116583279,428.8159611924157,403.38822324020947,336.89884934775034,310.8367745706553,257.98169125154413,432.28231633491157,422.08290945986164,258.26159805678265,61.526232252510624,271.2586637620612,443.76405650159387,341.54927281378747,432.8718666577188,472.5722631190913,330.79650397800856,472.5257979546765,484.41174970514606,484.8461549436661,483.7537736946192,407.80476954208996,455.23584994195147,449.45524870706214,484.1368605615752,403.00337304392514,465.216993743903,470.11691008348083,417.2138798578107,448.36504269272217,479.80948378419725,390.2976182988019,437.8627549514134,431.2014235095146,319.5625543191868,404.7325757177729,391.107496337838,383.5948221502253,382.52829541073527,449.915948523547,478.31780267096883,369.81970468190843,484.0103638520502,430.0480676201229,308.2467997505207,469.074651338662,181.51441878338963,404.64132926249766,352.6177826948738,198.58145076713973,381.15044984064366,343.0421309619583,406.09600217903494,364.60997569186424,168.873301480482,483.9965328936817,451.11137883558723,286.7899230106988,345.6560581841949,376.280949069441,455.14956352476804,439.9750990619974,466.321380205053,451.6923537184896,419.4319408651247,431.64089290673553,448.88390968399995,440.20814262361387,421.24645265192606,333.8659392943138,484.33817668239504,479.65482360267526,485.81461738597596,376.388449671829,467.0966995473217,465.11471356252764,484.4657469999198,464.10969913167537,486.6588397782695,375.49416309576804,406.6967771668967,361.46933629248616,377.7754186169259,465.6852041579456,404.3563762651335,418.88029632584033,422.30108953634976,327.10129148478165,445.1212841514171,404.8612698943025,431.4129308949103,368.2506312839173,467.17692821289654,429.67388920756576,371.3969398879254,475.72303636256254,380.6546436278985,454.34143011525555,419.57819460169964,433.3601042284166,266.376083942933,451.1516518450493,484.23243062207786,427.73148331047287,433.5192005097892,334.59739819086997,436.9167019779112,426.76434303713023,373.13122851398384,416.1573199177331,368.84119628391505,472.2979277400564,474.569996316524,435.63053212067155,357.75488549577346,369.8196707203482,274.78855367826
9,5,361.18211703972975,279.80007659312463,394.31846311751536,478.63966884368193,419.73112079240207,391.6820469656878,465.1596302728582,434.375202935332,457.5872710511446,388.50896587637664,225.29902980249537,382.5602139695302,230.24069804663569,302.85559799728486,411.5329393492601,426.0528490012698,478.4488328568696,449.3625925526957,404.62504518268406,404.51935872340755,387.70953979829113,369.21788750707884,421.4182572214672,492.3797209189242,152.19814022705253,395.4957918902491,472.81773317041467,336.9957992154869,438.3107239065258,337.3616113554747,360.0353377981305,471.8126626999334,478.0914480974228,401.8316985171921,249.37202376821,444.6617415965263,491.39307802721515,462.71507922556,484.1009762339129,458.9869757538317,237.63940100573367,426.2345050126867,428.23972663676807,457.41991802874435,449.7295047018192,446.606641234888,470.1523159072358,480.460829768312,469.90285790677467,476.33200455338556,446.505101995546,479.7341428560032,480.4045374203017,277.19619433471945,414.8223653119731,369.8126861375311,330.54148060563415,476.9956311447239,402.14293762023965,499.4837057940848,444.67972235489185,447.590637938198,329.0883662631307,470.9975966161156,475.6559369027824,371.39987221614757,370.19130298195404,399.6512887440392,445.17054362325695,432.48264607723166,320.2581014390622,334.4865107200414,399.5148977606685,453.37665046375633,426.6271761265375,247.66140357239925,351.7035188709086,441.20544405858357,399.610004837167,479.3910746615821,458.47827326214514,439.69542705652276,483.21452986711125,450.95848417014,389.0342116583279,428.8159611924157,403.38822324020947,336.89884934775034,310.8367745706553,257.98169125154413,432.28231633491157,422.08290945986164,258.26159805678265,61.526232252510624,271.2586637620612,443.86874208033163,341.54927281378747,432.8718666577188,472.5722631190913,330.79650397800856,474.26978275702595,484.41174970514606,484.8461549436661,483.7537736946192,407.80476954208996,455.23584994195147,449.45524870706214,484.1368605615752,403.00337304392514,465.216993743903,470.11691008348083,417.2138798578107,448.36504269272217,479.80948378419725,390.2976182988019,437.8627549514134,431.2014235095146,319.5625543191868,404.7325757177729,391.107496337838,383.5948221502253,382.52829541073527,449.915948523547,478.31780267096883,369.81970468190843,484.0103638520502,430.0480676201229,308.2467997505207,469.074651338662,181.51441878338963,404.64132926249766,352.6177826948738,198.58145076713973,381.15044984064366,343.0421309619583,406.09600217903494,364.60997569186424,168.873301480482,483.9965328936817,451.11137883558723,286.7899230106988,345.6560581841949,376.280949069441,455.14956352476804,439.9750990619974,466.321380205053,451.6923537184896,419.4319408651247,431.64089290673553,448.88390968399995,440.10822095079726,421.24645265192606,333.8659392943138,484.33817668239504,479.65482360267526,485.81461738597596,376.388449671829,467.0966995473217,465.11471356252764,484.4657469999198,464.10969913167537,486.6588397782695,375.49416309576804,406.6967771668967,361.46933629248616,377.7754186169259,465.6852041579456,404.3563762651335,418.88029632584033,422.30108953634976,327.10129148478165,445.1212841514171,404.8612698943025,431.4129308949103,368.2506312839173,467.17692821289654,429.67388920756576,371.3969398879254,475.72303636256254,380.6546436278985,454.34143011525555,419.57819460169964,433.3601042284166,266.376083942933,451.1516518450493,484.23243062207786,429.1652088614893,433.5192005097892,334.59739819086997,436.9167019779112,426.76434303713023,373.13122851398384,416.1573199177331,368.84119628391505,472.2979277400564,474.569996316524,435.63053212067155,357.75488549577346,369.8196707203482,274.78855367826
9,6,361.18211703972975,279.80007659312463,394.31846311751536,478.63966884368193,419.73112079240207,392.29001625125983,465.1596302728582,434.375202935332,457.5872710511446,388.50896587637664,225.29902980249537,382.5602139695302,230.24069804663569,302.85559799728486,411.5329393492601,426.0528490012698,478.4488328568696,449.3625925526957,404.62504518268406,404.51935872340755,387.70953979829113,369.21788750707884,421.4182572214672,492.3797209189242,152.19814022705253,396.99380356190284,472.81773317041467,336.9957992154869,438.3107239065258,337.3616113554747,360.0353377981305,471.8126626999334,478.0914480974228,401.8316985171921,249.37202376821,444.6617415965263,491.39307802721515,462.71507922556,484.1009762339129,458.9869757538317,237.63940100573367,426.2345050126867,428.23972663676807,457.41991802874435,449.7295047018192,446.606641234888,470.1523159072358,480.460829768312,469.90285790677467,476.33200455338556,446.505101995546,479.7341428560032,480.4045374203017,277.19619433471945,414.8223653119731,369.8126861375311,330.54148060563415,476.9956311447239,402.14293762023965,499.4837057940848,444.67972235489185,447.590637938198,329.0883662631307,470.9975966161156,475.6559369027824,371.39987221614757,370.19130298195404,399.6512887440392,445.17054362325695,432.48264607723166,320.2581014390622,334.4865107200414,399.5148977606685,453.37665046375633,426.6271761265375,247.66140357239925,351.7035188709086,441.20544405858357,399.610004837167,479.3910746615821,458.47827326214514,439.69542705652276,483.21452986711125,450.95848417014,389.0342116583279,428.8159611924157,403.38822324020947,336.89884934775034,310.8367745706553,257.98169125154413,432.28231633491157,422.08290945986164,258.26159805678265,61.526232252510624,271.2586637620612,443.76405650159387,341.54927281378747,432.8718666577188,472.5722631190913,330.79650397800856,474.26978275702595,484.41174970514606,484.8461549436661,483.7537736946192,407.80476954208996,455.23584994195147,449.45524870706214,484.1368605615752,403.00337304392514,465.216993743903,470.11691008348083,417.2138798578107,448.36504269272217,479.80948378419725,390.2976182988019,437.8627549514134,431.2014235095146,319.5625543191868,404.7325757177729,391.107496337838,383.5948221502253,382.52829541073527,449.915948523547,478.31780267096883,369.81970468190843,484.0103638520502,430.0480676201229,308.2467997505207,469.074651338662,181.51441878338963,404.64132926249766,352.6177826948738,198.58145076713973,381.15044984064366,343.0421309619583,406.09600217903494,364.60997569186424,168.873301480482,483.9965328936817,451.11137883558723,286.7899230106988,345.6560581841949,376.280949069441,455.14956352476804,439.9750990619974,466.321380205053,451.6923537184896,419.4319408651247,431.64089290673553,448.88390968399995,440.10822095079726,421.24645265192606,333.8659392943138,484.33817668239504,479.65482360267526,485.81461738597596,376.388449671829,467.0966995473217,465.11471356252764,484.4657469999198,464.10969913167537,486.6588397782695,375.49416309576804,406.6967771668967,361.46933629248616,377.7754186169259,465.6852041579456,404.3563762651335,418.88029632584033,422.30108953634976,327.10129148478165,445.1212841514171,404.8612698943025,431.4129308949103,368.2506312839173,467.17692821289654,429.67388920756576,371.3969398879254,475.72303636256254,380.6546436278985,454.34143011525555,419.57819460169964,433.3601042284166,266.376083942933,451.1516518450493,484.23243062207786,429.1652088614893,433.5192005097892,334.59739819086997,436.9167019779112,426.76434303713023,373.13122851398384,416.1573199177331,368.84119628391505,472.2979277400564,474.569996316524,435.63053212067155,357.75488549577346,369.8196707203482,274.78855367826
9,7,361.18211703972975,279.80007659312463,394.31846311751536,478.63966884368193,419.73112079240207,392.29001625125983,465.1596302728582,434.375202935332,457.5872710511446,388.50896587637664,225.29902980249537,382.5602139695302,230.24069804663569,302.85559799728486,411.5329393492601,426.0528490012698,478.4488328568696,449.3625925526957,404.62504518268406,404.51935872340755,387.70953979829113,369.21788750707884,421.4182572214672,492.3797209189242,152.19814022705253,396.99380356190284,472.81773317041467,336.9957992154869,438.3107239065258,337.3616113554747,360.0353377981305,471.8126626999334,478.0914480974228,401.8316985171921,249.37202376821,444.6617415965263,491.39307802721515,462.71507922556,484.1009762339129,458.9869757538317,237.63940100573367,426.2345050126867,428.23972663676807,457.41991802874435,449.7295047018192,446.606641234888,470.1523159072358,480.460829768312,469.90285790677467,476.33200455338556,446.505101995546,479.7341428560032,480.4045374203017,277.19619433471945,414.8223653119731,369.8126861375311,330.54148060563415,476.9956311447239,402.14293762023965,499.4837057940848,444.67972235489185,447.590637938198,329.0883662631307,470.9975966161156,475.6559369027824,371.39987221614757,370.19130298195404,399.6512887440392,445.17054362325695,432.48264607723166,320.2581014390622,334.4865107200414,399.5148977606685,453.37665046375633,426.6271761265375,247.66140357239925,351.7035188709086,441.20544405858357,399.610004837167,479.3910746615821,458.47827326214514,439.69542705652276,483.21452986711125,450.95848417014,389.0342116583279,428.8159611924157,403.38822324020947,336.89884934775034,310.8367745706553,257.98169125154413,432.28231633491157,422.08290945986164,258.26159805678265,61.526232252510624,271.2586637620612,443.76405650159387,341.54927281378747,432.8718666577188,472.5722631190913,330.79650397800856,474.26978275702595,484.41174970514606,484.8461549436661,483.7537736946192,407.80476954208996,455.23584994195147,449.45524870706214,484.1368605615752,403.00337304392514,465.216993743903,470.11691008348083,417.2138798578107,448.36504269272217,479.80948378419725,390.2976182988019,437.8627549514134,431.2014235095146,319.5625543191868,404.7325757177729,391.107496337838,383.5948221502253,382.52829541073527,449.915948523547,478.31780267096883,369.81970468190843,484.0103638520502,430.0480676201229,308.2467997505207,469.074651338662,181.51441878338963,404.64132926249766,352.6177826948738,198.58145076713973,381.15044984064366,343.0421309619583,406.09600217903494,364.60997569186424,168.873301480482,483.9965328936817,451.11137883558723,286.7899230106988,345.6560581841949,376.280949069441,455.14956352476804,439.9750990619974,466.321380205053,451.6923537184896,419.4319408651247,431.64089290673553,448.88390968399995,440.10822095079726,421.24645265192606,333.8659392943138,484.33817668239504,479.65482360267526,485.81461738597596,376.388449671829,467.0966995473217,465.11471356252764,484.4657469999198,464.10969913167537,486.6588397782695,375.49416309576804,406.6967771668967,361.46933629248616,377.7754186169259,465.6852041579456,404.3563762651335,418.88029632584033,422.30108953634976,327.10129148478165,445.1212841514171,404.8612698943025,431.4129308949103,368.2506312839173,467.17692821289654,429.67388920756576,371.3969398879254,475.72303636256254,380.6546436278985,454.34143011525555,419.57819460169964,433.3601042284166,266.376083942933,451.1516518450493,484.23243062207786,429.1652088614893,433.5192005097892,334.59739819086997,436.9167019779112,426.76434303713023,373.13122851398384,416.1573199177331,368.84119628391505,472.2979277400564,474.569996316524,435.63053212067155,357.75488549577346,369.8196707203482,274.78855367826
9,8,361.18211703972975,279.80007659312463,394.31846311751536,478.63966884368193,419.73112079240207,392.29001625125983,465.1596302728582,434.375202935332,457.5872710511446,388.50896587637664,225.29902980249537,382.5602139695302,230.24069804663569,302.85559799728486,411.5329393492601,426.0528490012698,478.4488328568696,449.3625925526957,404.62504518268406,404.51935872340755,387.70953979829113,369.21788750707884,421.4182572214672,492.3797209189242,152.19814022705253,396.99380356190284,472.81773317041467,336.9957992154869,438.3107239065258,337.3616113554747,360.0353377981305,471.8126626999334,478.0914480974228,401.8316985171921,249.37202376821,444.6617415965263,491.39307802721515,462.71507922556,484.1009762339129,458.9869757538317,237.63940100573367,426.2345050126867,428.23972663676807,457.41991802874435,449.7295047018192,446.606641234888,470.1523159072358,480.460829768312,469.90285790677467,476.33200455338556,446.505101995546,479.7341428560032,480.4045374203017,277.19619433471945,414.8223653119731,369.8126861375311,330.54148060563415,476.9956311447239,402.14293762023965,499.4837057940848,444.67972235489185,447.590637938198,329.0883662631307,470.9975966161156,475.6559369027824,371.39987221614757,370.19130298195404,399.6512887440392,445.17054362325695,432.48264607723166,320.2581014390622,334.4865107200414,399.5148977606685,453.37665046375633,426.6271761265375,247.66140357239925,351.7035188709086,441.20544405858357,399.610004837167,479.3910746615821,458.47827326214514,439.69542705652276,483.21452986711125,450.95848417014,389.0342116583279,428.8159611924157,403.38822324020947,336.89884934775034,310.8367745706553,257.98169125154413,432.28231633491157,422.08290945986164,258.26159805678265,61.526232252510624,271.2586637620612,443.76405650159387,341.54927281378747,432.8718666577188,472.5722631190913,330.79650397800856,474.26978275702595,484.41174970514606,484.8461549436661,483.7537736946192,407.80476954208996,455.23584994195147,449.45524870706214,484.1368605615752,403.00337304392514,465.216993743903,470.11691008348083,417.2138798578107,448.36504269272217,479.80948378419725,390.2976182988019,437.8627549514134,431.2014235095146,319.5625543191868,404.7325757177729,391.107496337838,383.5948221502253,382.52829541073527,449.915948523547,478.31780267096883,369.81970468190843,484.0103638520502,430.0480676201229,308.2467997505207,469.074651338662,181.51441878338963,404.64132926249766,352.6177826948738,198.58145076713973,381.15044984064366,343.0421309619583,406.09600217903494,364.60997569186424,168.873301480482,483.9965328936817,451.11137883558723,286.7899230106988,345.6560581841949,376.280949069441,455.14956352476804,439.9750990619974,466.321380205053,451.6923537184896,419.4319408651247,431.64089290673553,448.88390968399995,440.10822095079726,421.24645265192606,333.8659392943138,484.33817668239504,479.65482360267526,485.81461738597596,376.388449671829,467.0966995473217,465.11471356252764,484.4657469999198,464.10969913167537,486.6588397782695,375.49416309576804,406.6967771668967,361.46933629248616,377.7754186169259,465.6852041579456,404.3563762651335,418.88029632584033,422.30108953634976,327.10129148478165,445.1212841514171,404.8612698943025,431.4129308949103,368.2506312839173,467.17692821289654,429.67388920756576,371.3969398879254,475.72303636256254,380.6546436278985,454.34143011525555,419.57819460169964,433.3601042284166,266.376083942933,451.1516518450493,484.23243062207786,429.1652088614893,433.5192005097892,334.59739819086997,436.9167019779112,426.76434303713023,373.13122851398384,416.1573199177331,368.84119628391505,472.2979277400564,474.569996316524,435.63053212067155,357.75488549577346,369.8196707203482,274.78855367826
9,9,361.18211703972975,279.80007659312463,394.31846311751536,478.63966884368193,419.73112079240207,392.29001625125983,465.1596302728582,434.375202935332,457.5872710511446,388.50896587637664,225.29902980249537,382.5602139695302,230.24069804663569,302.85559799728486,411.5329393492601,426.0528490012698,478.4488328568696,449.3625925526957,404.62504518268406,404.51935872340755,387.70953979829113,369.21788750707884,421.4182572214672,492.3797209189242,152.19814022705253,396.99380356190284,472.81773317041467,336.9957992154869,438.3107239065258,337.3616113554747,360.0353377981305,471.8126626999334,478.0914480974228,401.8316985171921,249.37202376821,444.6617415965263,491.39307802721515,462.71507922556,484.1009762339129,458.9869757538317,237.63940100573367,426.2345050126867,428.23972663676807,457.41991802874435,449.7295047018192,446.606641234888,470.1523159072358,480.460829768312,469.90285790677467,476.33200455338556,446.505101995546,479.7341428560032,480.4045374203017,277.19619433471945,414.8223653119731,369.8126861375311,330.54148060563415,476.9956311447239,402.14293762023965,499.4837057940848,444.67972235489185,447.590637938198,329.0883662631307,470.9975966161156,475.6559369027824,371.39987221614757,370.19130298195404,399.6512887440392,445.17054362325695,432.48264607723166,320.2581014390622,334.4865107200414,399.5148977606685,453.37665046375633,426.6271761265375,247.66140357239925,351.7035188709086,441.20544405858357,399.610004837167,479.3910746615821,458.47827326214514,439.69542705652276,483.21452986711125,450.95848417014,389.0342116583279,428.8159611924157,403.38822324020947,336.89884934775034,310.8367745706553,257.98169125154413,432.28231633491157,422.08290945986164,258.26159805678265,61.526232252510624,271.2586637620612,443.76405650159387,341.54927281378747,432.8718666577188,472.5722631190913,330.79650397800856,474.26978275702595,484.41174970514606,484.8461549436661,483.7537736946192,407.80476954208996,455.23584994195147,449.45524870706214,484.1368605615752,403.00337304392514,465.216993743903,470.11691008348083,417.2138798578107,448.36504269272217,479.80948378419725,390.2976182988019,437.8627549514134,431.2014235095146,319.5625543191868,404.7325757177729,391.107496337838,383.5948221502253,382.52829541073527,449.915948523547,478.31780267096883,369.81970468190843,484.0103638520502,430.0480676201229,308.2467997505207,469.074651338662,181.51441878338963,404.64132926249766,352.6177826948738,198.58145076713973,381.15044984064366,343.0421309619583,406.09600217903494,364.60997569186424,168.873301480482,483.9965328936817,451.11137883558723,286.7899230106988,345.6560581841949,376.280949069441,455.14956352476804,439.9750990619974,466.321380205053,451.6923537184896,419.4319408651247,431.64089290673553,448.88390968399995,440.10822095079726,421.24645265192606,333.8659392943138,484.33817668239504,479.65482360267526,485.81461738597596,376.388449671829,467.0966995473217,465.11471356252764,484.4657469999198,464.10969913167537,486.6588397782695,375.49416309576804,406.6967771668967,361.46933629248616,377.7754186169259,465.6852041579456,404.3563762651335,418.88029632584033,422.30108953634976,327.10129148478165,445.1212841514171,404.8612698943025,431.4129308949103,368.2506312839173,467.17692821289654,429.67388920756576,371.3969398879254,475.72303636256254,380.6546436278985,454.34143011525555,419.57819460169964,433.3601042284166,266.376083942933,451.1516518450493,484.23243062207786,429.1652088614893,433.5192005097892,334.59739819086997,436.9167019779112,426.76434303713023,373.13122851398384,416.1573199177331,368.84119628391505,472.2979277400564,474.569996316524,435.63053212067155,357.75488549577346,369.8196707203482,274.78855367826
9,10,361.18211703972975,279.80007659312463,394.31846311751536,478.63966884368193,419.73112079240207,392.29001625125983,465.1596302728582,434.375202935332,457.5872710511446,388.50896587637664,225.29902980249537,382.5602139695302,230.24069804663569,302.85559799728486,411.5329393492601,426.0528490012698,478.4488328568696,449.3625925526957,404.62504518268406,404.51935872340755,387.70953979829113,369.21788750707884,421.4182572214672,492.3797209189242,152.19814022705253,396.99380356190284,472.81773317041467,336.9957992154869,438.3107239065258,337.3616113554747,360.0353377981305,471.8126626999334,478.0914480974228,401.8316985171921,249.37202376821,444.6617415965263,491.39307802721515,462.71507922556,484.1009762339129,458.9869757538317,237.63940100573367,426.2345050126867,428.23972663676807,457.41991802874435,449.7295047018192,446.606641234888,470.1523159072358,480.460829768312,469.90285790677467,476.33200455338556,446.505101995546,479.7341428560032,480.4045374203017,277.19619433471945,414.8223653119731,369.8126861375311,330.54148060563415,476.9956311447239,402.14293762023965,499.4837057940848,444.67972235489185,447.590637938198,329.0883662631307,470.9975966161156,475.6559369027824,371.39987221614757,370.19130298195404,399.6512887440392,445.17054362325695,432.48264607723166,320.2581014390622,334.4865107200414,399.5148977606685,453.37665046375633,426.6271761265375,247.66140357239925,351.7035188709086,441.20544405858357,399.610004837167,479.3910746615821,458.47827326214514,439.69542705652276,483.21452986711125,450.95848417014,389.0342116583279,428.8159611924157,403.38822324020947,336.89884934775034,310.8367745706553,257.98169125154413,432.28231633491157,422.08290945986164,258.26159805678265,61.526232252510624,271.2586637620612,443.76405650159387,341.54927281378747,432.8718666577188,472.5722631190913,330.79650397800856,474.26978275702595,484.41174970514606,484.8461549436661,483.7537736946192,407.80476954208996,455.23584994195147,449.45524870706214,484.1368605615752,403.00337304392514,465.216993743903,470.11691008348083,417.2138798578107,448.36504269272217,479.80948378419725,390.2976182988019,437.8627549514134,431.2014235095146,319.5625543191868,404.7325757177729,391.107496337838,383.5948221502253,382.52829541073527,449.915948523547,478.31780267096883,369.81970468190843,484.0103638520502,430.0480676201229,308.2467997505207,469.074651338662,181.51441878338963,404.64132926249766,352.6177826948738,198.58145076713973,381.15044984064366,343.0421309619583,406.09600217903494,364.60997569186424,168.873301480482,483.9965328936817,451.11137883558723,286.7899230106988,345.6560581841949,376.280949069441,455.14956352476804,439.9750990619974,466.321380205053,451.6923537184896,419.4319408651247,431.64089290673553,448.88390968399995,440.10822095079726,421.24645265192606,333.8659392943138,484.33817668239504,479.65482360267526,485.81461738597596,376.388449671829,467.0966995473217,465.11471356252764,484.4657469999198,464.10969913167537,486.6588397782695,375.49416309576804,406.6967771668967,361.46933629248616,377.7754186169259,465.6852041579456,404.3563762651335,418.88029632584033,422.30108953634976,327.10129148478165,445.1212841514171,404.8612698943025,431.4129308949103,368.2506312839173,467.17692821289654,429.67388920756576,371.3969398879254,475.72303636256254,380.6546436278985,454.34143011525555,419.57819460169964,433.3601042284166,266.376083942933,451.1516518450493,484.23243062207786,429.1652088614893,433.5192005097892,334.59739819086997,436.9167019779112,426.76434303713023,373.13122851398384,416.1573199177331,368.84119628391505,472.2979277400564,474.569996316524,435.63053212067155,357.75488549577346,369.8196707203482,274.78855367826
9,11,361.18211703972975,279.80007659312463,394.31846311751536,478.63966884368193,419.73112079240207,392.29001625125983,465.1596302728582,434.375202935332,457.5872710511446,388.50896587637664,225.29902980249537,382.5602139695302,230.24069804663569,302.85559799728486,411.5329393492601,426.0528490012698,478.4488328568696,449.3625925526957,404.62504518268406,404.51935872340755,387.70953979829113,369.21788750707884,421.4182572214672,492.3797209189242,152.19814022705253,396.99380356190284,472.81773317041467,336.9957992154869,438.3107239065258,337.3616113554747,360.0353377981305,471.8126626999334,478.0914480974228,401.8316985171921,249.37202376821,444.6617415965263,491.39307802721515,462.71507922556,484.1009762339129,458.9869757538317,237.63940100573367,426.2345050126867,428.23972663676807,457.41991802874435,449.7295047018192,446.606641234888,470.1523159072358,480.460829768312,469.90285790677467,476.33200455338556,446.505101995546,479.7341428560032,480.4045374203017,277.19619433471945,414.8223653119731,369.8126861375311,330.54148060563415,476.9956311447239,402.14293762023965,499.4837057940848,444.67972235489185,447.590637938198,329.0883662631307,470.9975966161156,475.6559369027824,371.39987221614757,370.19130298195404,399.6512887440392,445.17054362325695,432.48264607723166,320.2581014390622,334.4865107200414,399.5148977606685,453.37665046375633,426.6271761265375,247.66140357239925,351.7035188709086,441.20544405858357,399.610004837167,479.3910746615821,458.47827326214514,439.69542705652276,483.21452986711125,450.95848417014,389.0342116583279,428.8159611924157,403.38822324020947,336.89884934775034,310.8367745706553,257.98169125154413,432.28231633491157,422.08290945986164,258.26159805678265,61.526232252510624,271.2586637620612,443.76405650159387,341.54927281378747,432.8718666577188,472.5722631190913,330.79650397800856,474.26978275702595,484.41174970514606,484.8461549436661,483.7537736946192,407.80476954208996,455.23584994195147,449.45524870706214,484.1368605615752,403.00337304392514,465.216993743903,470.11691008348083,417.2138798578107,448.36504269272217,479.80948378419725,390.2976182988019,437.8627549514134,431.2014235095146,319.5625543191868,404.7325757177729,391.107496337838,383.5948221502253,382.52829541073527,449.915948523547,478.31780267096883,369.81970468190843,484.0103638520502,430.0480676201229,308.2467997505207,469.074651338662,181.51441878338963,404.64132926249766,352.6177826948738,198.58145076713973,381.15044984064366,343.0421309619583,406.09600217903494,364.60997569186424,168.873301480482,483.9965328936817,451.11137883558723,286.7899230106988,345.6560581841949,376.280949069441,455.14956352476804,439.9750990619974,466.321380205053,451.6923537184896,419.4319408651247,431.64089290673553,448.88390968399995,440.10822095079726,421.24645265192606,333.8659392943138,484.33817668239504,479.65482360267526,485.81461738597596,376.388449671829,467.0966995473217,465.11471356252764,484.4657469999198,464.10969913167537,486.6588397782695,375.49416309576804,406.6967771668967,361.46933629248616,377.7754186169259,465.6852041579456,404.3563762651335,418.88029632584033,422.30108953634976,327.10129148478165,445.1212841514171,404.8612698943025,431.4129308949103,368.2506312839173,467.17692821289654,429.67388920756576,371.3969398879254,475.72303636256254,380.6546436278985,454.34143011525555,419.57819460169964,433.3601042284166,266.376083942933,451.1516518450493,484.23243062207786,429.1652088614893,433.5192005097892,334.59739819086997,436.9167019779112,426.76434303713023,373.13122851398384,416.1573199177331,368.84119628391505,472.2979277400564,474.569996316524,435.63053212067155,357.75488549577346,369.8196707203482,274.78855367826
9,12,361.18211703972975,279.80007659312463,394.31846311751536,478.63966884368193,419.73112079240207,392.29001625125983,465.1596302728582,434.375202935332,457.5872710511446,388.50896587637664,225.29902980249537,382.5602139695302,230.24069804663569,302.85559799728486,411.5329393492601,426.0528490012698,478.4488328568696,449.3625925526957,404.62504518268406,404.51935872340755,387.70953979829113,369.21788750707884,421.4182572214672,492.3797209189242,152.19814022705253,396.99380356190284,472.81773317041467,336.9957992154869,438.3107239065258,337.3616113554747,360.0353377981305,471.8126626999334,478.0914480974228,401.8316985171921,249.37202376821,444.6617415965263,491.39307802721515,462.71507922556,484.1009762339129,458.9869757538317,237.63940100573367,426.2345050126867,428.23972663676807,457.41991802874435,449.7295047018192,446.606641234888,470.1523159072358,480.460829768312,469.90285790677467,476.33200455338556,446.505101995546,479.7341428560032,480.4045374203017,277.19619433471945,414.8223653119731,369.8126861375311,330.54148060563415,476.9956311447239,402.14293762023965,499.4837057940848,444.67972235489185,447.590637938198,329.0883662631307,470.9975966161156,475.6559369027824,371.39987221614757,370.19130298195404,399.6512887440392,445.17054362325695,432.48264607723166,320.2581014390622,334.4865107200414,399.5148977606685,453.37665046375633,426.6271761265375,247.66140357239925,351.7035188709086,441.20544405858357,399.610004837167,479.3910746615821,458.47827326214514,439.69542705652276,483.21452986711125,450.95848417014,389.0342116583279,428.8159611924157,403.38822324020947,336.89884934775034,310.8367745706553,257.98169125154413,432.28231633491157,422.08290945986164,258.26159805678265,61.526232252510624,271.2586637620612,443.76405650159387,341.54927281378747,432.8718666577188,472.5722631190913,330.79650397800856,474.26978275702595,484.41174970514606,484.8461549436661,483.7537736946192,407.80476954208996,455.23584994195147,449.45524870706214,484.1368605615752,403.00337304392514,465.216993743903,470.11691008348083,417.2138798578107,448.36504269272217,479.80948378419725,390.2976182988019,437.8627549514134,431.2014235095146,319.5625543191868,404.7325757177729,391.107496337838,383.5948221502253,382.52829541073527,449.915948523547,478.31780267096883,369.81970468190843,484.0103638520502,430.0480676201229,308.2467997505207,469.074651338662,181.51441878338963,404.64132926249766,352.6177826948738,198.58145076713973,381.15044984064366,343.0421309619583,406.09600217903494,364.60997569186424,168.873301480482,483.9965328936817,451.11137883558723,286.7899230106988,345.6560581841949,376.280949069441,455.14956352476804,439.9750990619974,466.321380205053,451.6923537184896,419.4319408651247,431.64089290673553,448.88390968399995,440.10822095079726,421.24645265192606,333.8659392943138,484.33817668239504,479.65482360267526,485.81461738597596,376.388449671829,467.0966995473217,465.11471356252764,484.4657469999198,464.10969913167537,486.6588397782695,375.49416309576804,406.6967771668967,361.46933629248616,377.7754186169259,465.6852041579456,404.3563762651335,418.88029632584033,422.30108953634976,327.10129148478165,445.1212841514171,404.8612698943025,431.4129308949103,368.2506312839173,467.17692821289654,429.67388920756576,371.3969398879254,475.72303636256254,380.6546436278985,454.34143011525555,419.57819460169964,433.3601042284166,266.376083942933,451.1516518450493,484.23243062207786,429.1652088614893,433.5192005097892,334.59739819086997,436.9167019779112,426.76434303713023,373.13122851398384,416.1573199177331,368.84119628391505,472.2979277400564,474.569996316524,435.63053212067155,357.75488549577346,369.8196707203482,274.78855367826
9,13,361.18211703972975,279.80007659312463,394.31846311751536,478.63966884368193,419.73112079240207,392.29001625125983,465.1596302728582,434.375202935332,457.5872710511446,388.50896587637664,225.29902980249537,382.5602139695302,230.24069804663569,302.85559799728486,411.5329393492601,426.0528490012698,478.4488328568696,449.3625925526957,404.62504518268406,404.51935872340755,387.70953979829113,369.21788750707884,421.4182572214672,492.3797209189242,152.19814022705253,396.99380356190284,472.81773317041467,336.9957992154869,438.3107239065258,337.3616113554747,360.0353377981305,471.8126626999334,478.0914480974228,401.8316985171921,249.37202376821,444.6617415965263,491.39307802721515,462.71507922556,484.1009762339129,458.9869757538317,237.63940100573367,426.2345050126867,428.23972663676807,457.41991802874435,449.7295047018192,446.606641234888,470.1523159072358,480.460829768312,469.90285790677467,476.33200455338556,446.505101995546,479.7341428560032,480.4045374203017,277.19619433471945,414.8223653119731,369.8126861375311,330.54148060563415,476.9956311447239,402.14293762023965,499.4837057940848,444.67972235489185,447.590637938198,329.0883662631307,470.9975966161156,475.6559369027824,371.39987221614757,370.19130298195404,399.6512887440392,445.17054362325695,432.48264607723166,320.2581014390622,334.4865107200414,399.5148977606685,453.37665046375633,426.6271761265375,247.66140357239925,351.7035188709086,441.20544405858357,399.610004837167,479.3910746615821,458.47827326214514,439.69542705652276,483.21452986711125,450.95848417014,389.0342116583279,428.8159611924157,403.38822324020947,336.89884934775034,310.8367745706553,257.98169125154413,432.28231633491157,422.08290945986164,258.26159805678265,61.526232252510624,271.2586637620612,443.76405650159387,341.54927281378747,432.8718666577188,472.5722631190913,330.79650397800856,474.26978275702595,484.41174970514606,484.8461549436661,483.7537736946192,407.80476954208996,455.23584994195147,449.45524870706214,484.1368605615752,403.00337304392514,465.216993743903,470.11691008348083,417.2138798578107,448.36504269272217,479.80948378419725,390.2976182988019,437.8627549514134,431.2014235095146,319.5625543191868,404.7325757177729,391.107496337838,383.5948221502253,382.52829541073527,449.915948523547,478.31780267096883,369.81970468190843,484.0103638520502,430.0480676201229,308.2467997505207,469.074651338662,181.51441878338963,404.64132926249766,352.6177826948738,198.58145076713973,381.15044984064366,343.0421309619583,406.09600217903494,364.60997569186424,168.873301480482,483.9965328936817,451.11137883558723,286.7899230106988,345.6560581841949,376.280949069441,455.14956352476804,439.9750990619974,466.321380205053,451.6923537184896,419.4319408651247,431.64089290673553,448.88390968399995,440.10822095079726,421.24645265192606,333.8659392943138,484.33817668239504,479.65482360267526,485.81461738597596,376.388449671829,467.0966995473217,465.11471356252764,484.4657469999198,464.10969913167537,486.6588397782695,375.49416309576804,406.6967771668967,361.46933629248616,377.7754186169259,465.6852041579456,404.3563762651335,418.88029632584033,422.30108953634976,327.10129148478165,445.1212841514171,404.8612698943025,431.4129308949103,368.2506312839173,467.17692821289654,429.67388920756576,371.3969398879254,475.72303636256254,380.6546436278985,454.34143011525555,419.57819460169964,433.3601042284166,266.376083942933,451.1516518450493,484.23243062207786,429.1652088614893,433.5192005097892,334.59739819086997,436.9167019779112,426.76434303713023,373.13122851398384,416.1573199177331,368.84119628391505,472.2979277400564,474.569996316524,435.63053212067155,357.75488549577346,369.8196707203482,274.78855367826
9,14,361.18211703972975,279.80007659312463,394.31846311751536,478.63966884368193,419.73112079240207,392.29001625125983,465.1596302728582,434.375202935332,457.5872710511446,388.50896587637664,225.29902980249537,382.5602139695302,230.24069804663569,302.85559799728486,411.5329393492601,426.0528490012698,478.4488328568696,449.3625925526957,404.62504518268406,404.51935872340755,387.70953979829113,369.21788750707884,421.4182572214672,492.3797209189242,152.19814022705253,396.99380356190284,472.81773317041467,336.9957992154869,438.3107239065258,337.3616113554747,360.0353377981305,471.8126626999334,478.0914480974228,401.8316985171921,249.37202376821,444.6617415965263,491.39307802721515,462.71507922556,484.1009762339129,458.9869757538317,237.63940100573367,426.2345050126867,428.23972663676807,457.41991802874435,449.7295047018192,446.606641234888,470.1523159072358,480.460829768312,469.90285790677467,476.33200455338556,446.505101995546,479.7341428560032,480.4045374203017,277.19619433471945,414.8223653119731,369.8126861375311,330.54148060563415,476.9956311447239,402.14293762023965,499.4837057940848,444.67972235489185,447.590637938198,329.0883662631307,470.9975966161156,475.6559369027824,371.39987221614757,370.19130298195404,399.6512887440392,445.17054362325695,432.48264607723166,320.2581014390622,334.4865107200414,399.5148977606685,453.37665046375633,426.6271761265375,247.66140357239925,351.7035188709086,441.20544405858357,399.610004837167,479.3910746615821,458.47827326214514,439.69542705652276,483.21452986711125,450.95848417014,389.0342116583279,428.8159611924157,403.38822324020947,336.89884934775034,310.8367745706553,257.98169125154413,432.28231633491157,422.08290945986164,258.26159805678265,61.526232252510624,271.2586637620612,443.76405650159387,341.54927281378747,432.8718666577188,472.5722631190913,330.79650397800856,474.26978275702595,484.41174970514606,484.8461549436661,483.7537736946192,407.80476954208996,455.23584994195147,449.45524870706214,484.1368605615752,403.00337304392514,465.216993743903,470.11691008348083,417.2138798578107,448.36504269272217,479.80948378419725,390.2976182988019,437.8627549514134,431.2014235095146,319.5625543191868,404.7325757177729,391.107496337838,383.5948221502253,382.52829541073527,449.915948523547,478.31780267096883,369.81970468190843,484.0103638520502,430.0480676201229,308.2467997505207,469.074651338662,181.51441878338963,404.64132926249766,352.6177826948738,198.58145076713973,381.15044984064366,343.0421309619583,406.09600217903494,364.60997569186424,168.873301480482,483.9965328936817,451.11137883558723,286.7899230106988,345.6560581841949,376.280949069441,455.14956352476804,439.9750990619974,466.321380205053,451.6923537184896,419.4319408651247,431.64089290673553,448.88390968399995,440.10822095079726,421.24645265192606,333.8659392943138,484.33817668239504,479.65482360267526,485.81461738597596,376.388449671829,467.0966995473217,465.11471356252764,484.4657469999198,464.10969913167537,486.6588397782695,375.49416309576804,406.6967771668967,361.46933629248616,377.7754186169259,465.6852041579456,404.3563762651335,418.88029632584033,422.30108953634976,327.10129148478165,445.1212841514171,404.8612698943025,431.4129308949103,368.2506312839173,467.17692821289654,429.67388920756576,371.3969398879254,475.72303636256254,380.6546436278985,454.34143011525555,419.57819460169964,433.3601042284166,266.376083942933,451.1516518450493,484.23243062207786,429.1652088614893,433.5192005097892,334.59739819086997,436.9167019779112,426.76434303713023,373.13122851398384,416.1573199177331,368.84119628391505,472.2979277400564,474.569996316524,435.63053212067155,357.75488549577346,369.8196707203482,274.78855367826
9,15,361.18211703972975,279.80007659312463,394.31846311751536,478.63966884368193,419.73112079240207,392.29001625125983,465.1596302728582,434.375202935332,457.5872710511446,388.50896587637664,225.29902980249537,382.5602139695302,230.24069804663569,302.85559799728486,411.5329393492601,426.0528490012698,478.4488328568696,449.3625925526957,404.62504518268406,404.51935872340755,387.70953979829113,369.21788750707884,421.4182572214672,492.3797209189242,152.19814022705253,396.99380356190284,472.81773317041467,336.9957992154869,438.3107239065258,337.3616113554747,360.0353377981305,471.8126626999334,478.0914480974228,401.8316985171921,249.37202376821,444.6617415965263,491.39307802721515,462.71507922556,484.1009762339129,458.9869757538317,237.63940100573367,426.2345050126867,428.23972663676807,457.41991802874435,449.7295047018192,446.606641234888,470.1523159072358,480.460829768312,469.90285790677467,476.33200455338556,446.505101995546,479.7341428560032,480.4045374203017,277.19619433471945,414.8223653119731,369.8126861375311,330.54148060563415,476.9956311447239,402.14293762023965,499.4837057940848,444.67972235489185,447.590637938198,329.0883662631307,470.9975966161156,475.6559369027824,371.39987221614757,370.19130298195404,399.6512887440392,445.17054362325695,432.48264607723166,320.2581014390622,334.4865107200414,399.5148977606685,453.37665046375633,426.6271761265375,247.66140357239925,351.7035188709086,441.20544405858357,399.610004837167,479.3910746615821,458.47827326214514,439.69542705652276,483.21452986711125,450.95848417014,389.0342116583279,428.8159611924157,403.38822324020947,336.89884934775034,310.8367745706553,257.98169125154413,432.28231633491157,422.08290945986164,258.26159805678265,61.526232252510624,271.2586637620612,443.76405650159387,341.54927281378747,432.8718666577188,472.5722631190913,330.79650397800856,474.26978275702595,484.41174970514606,484.8461549436661,483.7537736946192,407.80476954208996,455.23584994195147,449.45524870706214,484.1368605615752,403.00337304392514,465.216993743903,470.11691008348083,417.2138798578107,448.36504269272217,479.80948378419725,390.2976182988019,437.8627549514134,431.2014235095146,319.5625543191868,404.7325757177729,391.107496337838,383.5948221502253,382.52829541073527,449.915948523547,478.31780267096883,369.81970468190843,484.0103638520502,430.0480676201229,308.2467997505207,469.074651338662,181.51441878338963,404.64132926249766,352.6177826948738,198.58145076713973,381.15044984064366,343.0421309619583,406.09600217903494,364.60997569186424,168.873301480482,483.9965328936817,451.11137883558723,286.7899230106988,345.6560581841949,376.280949069441,455.14956352476804,439.9750990619974,466.321380205053,451.6923537184896,419.4319408651247,431.64089290673553,448.88390968399995,440.10822095079726,421.24645265192606,333.8659392943138,484.33817668239504,479.65482360267526,485.81461738597596,376.388449671829,467.0966995473217,465.11471356252764,484.4657469999198,464.10969913167537,486.6588397782695,375.49416309576804,406.6967771668967,361.46933629248616,377.7754186169259,465.6852041579456,404.3563762651335,418.88029632584033,422.30108953634976,327.10129148478165,445.1212841514171,404.8612698943025,431.4129308949103,368.2506312839173,467.17692821289654,429.67388920756576,371.3969398879254,475.72303636256254,380.6546436278985,454.34143011525555,419.57819460169964,433.3601042284166,266.376083942933,451.1516518450493,484.23243062207786,429.1652088614893,433.5192005097892,334.59739819086997,436.9167019779112,426.76434303713023,373.13122851398384,416.1573199177331,368.84119628391505,472.2979277400564,474.569996316524,435.63053212067155,357.75488549577346,369.8196707203482,274.78855367826
9,16,361.18211703972975,279.80007659312463,394.31846311751536,478.63966884368193,419.73112079240207,392.29001625125983,465.1596302728582,434.375202935332,457.5872710511446,388.50896587637664,225.29902980249537,382.5602139695302,230.24069804663569,302.85559799728486,411.5329393492601,426.0528490012698,478.4488328568696,449.3625925526957,404.62504518268406,404.51935872340755,387.70953979829113,369.21788750707884,421.4182572214672,492.3797209189242,152.19814022705253,396.99380356190284,472.81773317041467,336.9957992154869,438.3107239065258,337.3616113554747,360.0353377981305,471.8126626999334,478.0914480974228,401.8316985171921,249.37202376821,444.6617415965263,491.39307802721515,462.71507922556,484.1009762339129,458.9869757538317,237.63940100573367,426.2345050126867,428.23972663676807,457.41991802874435,449.7295047018192,446.606641234888,470.1523159072358,480.460829768312,469.90285790677467,476.33200455338556,446.505101995546,479.7341428560032,480.4045374203017,277.19619433471945,414.8223653119731,369.8126861375311,330.54148060563415,476.9956311447239,402.14293762023965,499.4837057940848,444.67972235489185,447.590637938198,329.0883662631307,470.9975966161156,475.6559369027824,371.39987221614757,370.19130298195404,399.6512887440392,445.17054362325695,432.48264607723166,320.2581014390622,334.4865107200414,399.5148977606685,453.37665046375633,426.6271761265375,247.66140357239925,351.7035188709086,441.20544405858357,399.610004837167,479.3910746615821,458.47827326214514,439.69542705652276,483.21452986711125,450.95848417014,389.0342116583279,428.8159611924157,403.38822324020947,336.89884934775034,310.8367745706553,257.98169125154413,432.28231633491157,422.08290945986164,258.26159805678265,61.526232252510624,271.2586637620612,443.76405650159387,341.54927281378747,432.8718666577188,472.5722631190913,330.79650397800856,474.26978275702595,484.41174970514606,484.8461549436661,483.7537736946192,407.80476954208996,455.23584994195147,449.45524870706214,484.1368605615752,403.00337304392514,465.216993743903,470.11691008348083,417.2138798578107,448.36504269272217,479.80948378419725,390.2976182988019,437.8627549514134,431.2014235095146,319.5625543191868,404.7325757177729,391.107496337838,383.5948221502253,382.52829541073527,449.915948523547,478.31780267096883,369.81970468190843,484.0103638520502,430.0480676201229,308.2467997505207,469.074651338662,181.51441878338963,404.64132926249766,352.6177826948738,198.58145076713973,381.15044984064366,343.0421309619583,406.09600217903494,364.60997569186424,168.873301480482,483.9965328936817,451.11137883558723,286.7899230106988,345.6560581841949,376.280949069441,455.14956352476804,439.9750990619974,466.321380205053,451.6923537184896,419.4319408651247,431.64089290673553,448.88390968399995,440.10822095079726,421.24645265192606,333.8659392943138,484.33817668239504,479.65482360267526,485.81461738597596,376.388449671829,467.0966995473217,465.11471356252764,484.4657469999198,464.10969913167537,486.6588397782695,375.49416309576804,406.6967771668967,361.46933629248616,377.7754186169259,465.6852041579456,404.3563762651335,418.88029632584033,422.30108953634976,327.10129148478165,445.1212841514171,404.8612698943025,431.4129308949103,368.2506312839173,467.17692821289654,429.67388920756576,371.3969398879254,475.72303636256254,380.6546436278985,454.34143011525555,419.57819460169964,433.3601042284166,266.376083942933,451.1516518450493,484.23243062207786,429.1652088614893,433.5192005097892,334.59739819086997,436.9167019779112,426.76434303713023,373.13122851398384,416.1573199177331,368.84119628391505,472.2979277400564,474.569996316524,435.63053212067155,357.75488549577346,369.8196707203482,274.78855367826
9,17,361.18211703972975,279.80007659312463,394.31846311751536,478.63966884368193,419.73112079240207,392.29001625125983,465.1596302728582,434.375202935332,457.5872710511446,388.50896587637664,225.29902980249537,382.5602139695302,230.24069804663569,302.85559799728486,411.5329393492601,426.0528490012698,478.4488328568696,449.3625925526957,404.62504518268406,404.51935872340755,387.70953979829113,369.21788750707884,421.4182572214672,492.3797209189242,152.19814022705253,396.99380356190284,472.81773317041467,336.9957992154869,438.3107239065258,337.3616113554747,360.0353377981305,471.8126626999334,478.0914480974228,401.8316985171921,249.37202376821,444.6617415965263,491.39307802721515,462.71507922556,484.1009762339129,458.9869757538317,237.63940100573367,426.2345050126867,428.23972663676807,457.41991802874435,449.7295047018192,446.606641234888,470.1523159072358,480.460829768312,469.90285790677467,476.33200455338556,446.505101995546,479.7341428560032,480.4045374203017,277.19619433471945,414.8223653119731,369.8126861375311,330.54148060563415,476.9956311447239,402.14293762023965,499.4837057940848,444.67972235489185,447.590637938198,329.0883662631307,470.9975966161156,475.6559369027824,371.39987221614757,370.19130298195404,399.6512887440392,445.17054362325695,432.48264607723166,320.2581014390622,334.4865107200414,399.5148977606685,453.37665046375633,426.6271761265375,247.66140357239925,351.7035188709086,441.20544405858357,399.610004837167,479.3910746615821,458.47827326214514,439.69542705652276,483.21452986711125,450.95848417014,389.0342116583279,428.8159611924157,403.38822324020947,336.89884934775034,310.8367745706553,257.98169125154413,432.28231633491157,422.08290945986164,258.26159805678265,61.526232252510624,271.2586637620612,443.76405650159387,341.54927281378747,432.8718666577188,472.5722631190913,330.79650397800856,474.26978275702595,484.41174970514606,484.8461549436661,483.7537736946192,407.80476954208996,455.23584994195147,449.45524870706214,484.1368605615752,403.00337304392514,465.216993743903,470.11691008348083,417.2138798578107,448.36504269272217,479.80948378419725,390.2976182988019,437.8627549514134,431.2014235095146,319.5625543191868,404.7325757177729,391.107496337838,383.5948221502253,382.52829541073527,449.915948523547,478.31780267096883,369.81970468190843,484.0103638520502,430.0480676201229,308.2467997505207,469.074651338662,181.51441878338963,404.64132926249766,352.6177826948738,198.58145076713973,381.15044984064366,343.0421309619583,406.09600217903494,364.60997569186424,168.873301480482,483.9965328936817,451.11137883558723,286.7899230106988,345.6560581841949,376.280949069441,455.14956352476804,439.9750990619974,466.321380205053,451.6923537184896,419.4319408651247,431.64089290673553,448.88390968399995,440.10822095079726,421.24645265192606,333.8659392943138,484.33817668239504,479.65482360267526,485.81461738597596,376.388449671829,467.0966995473217,465.11471356252764,484.4657469999198,464.10969913167537,486.6588397782695,375.49416309576804,406.6967771668967,361.46933629248616,377.7754186169259,465.6852041579456,404.3563762651335,418.88029632584033,422.30108953634976,327.10129148478165,445.1212841514171,404.8612698943025,431.4129308949103,368.2506312839173,467.17692821289654,429.67388920756576,371.3969398879254,475.72303636256254,380.6546436278985,454.34143011525555,419.57819460169964,433.3601042284166,266.376083942933,451.1516518450493,484.23243062207786,429.1652088614893,433.5192005097892,334.59739819086997,436.9167019779112,426.76434303713023,373.13122851398384,416.1573199177331,368.84119628391505,472.2979277400564,474.569996316524,435.63053212067155,357.75488549577346,369.8196707203482,274.78855367826
9,18,361.18211703972975,279.80007659312463,394.31846311751536,478.63966884368193,419.73112079240207,392.29001625125983,465.1596302728582,434.375202935332,457.5872710511446,388.50896587637664,225.29902980249537,382.5602139695302,230.24069804663569,302.85559799728486,411.5329393492601,426.0528490012698,478.4488328568696,449.3625925526957,404.62504518268406,404.51935872340755,387.70953979829113,369.21788750707884,421.4182572214672,492.3797209189242,152.19814022705253,396.99380356190284,472.81773317041467,336.9957992154869,438.3107239065258,337.3616113554747,360.0353377981305,471.8126626999334,478.0914480974228,401.8316985171921,249.37202376821,444.6617415965263,491.39307802721515,462.71507922556,484.1009762339129,458.9869757538317,237.63940100573367,426.2345050126867,428.23972663676807,457.41991802874435,449.7295047018192,446.606641234888,470.1523159072358,480.460829768312,469.90285790677467,476.33200455338556,446.505101995546,479.7341428560032,480.4045374203017,277.19619433471945,414.8223653119731,369.8126861375311,330.54148060563415,476.9956311447239,402.14293762023965,499.4837057940848,444.67972235489185,447.590637938198,329.0883662631307,470.9975966161156,475.6559369027824,371.39987221614757,370.19130298195404,399.6512887440392,445.17054362325695,432.48264607723166,320.2581014390622,334.4865107200414,399.5148977606685,453.37665046375633,426.6271761265375,247.66140357239925,351.7035188709086,441.20544405858357,399.610004837167,479.3910746615821,458.47827326214514,439.69542705652276,483.21452986711125,450.95848417014,389.0342116583279,428.8159611924157,403.38822324020947,336.89884934775034,310.8367745706553,257.98169125154413,432.28231633491157,422.08290945986164,258.26159805678265,61.526232252510624,271.2586637620612,443.76405650159387,341.54927281378747,432.8718666577188,472.5722631190913,330.79650397800856,474.26978275702595,484.41174970514606,484.8461549436661,483.7537736946192,407.80476954208996,455.23584994195147,449.45524870706214,484.1368605615752,403.00337304392514,465.216993743903,470.11691008348083,417.2138798578107,448.36504269272217,479.80948378419725,390.2976182988019,437.8627549514134,431.2014235095146,319.5625543191868,404.7325757177729,391.107496337838,383.5948221502253,382.52829541073527,449.915948523547,478.31780267096883,369.81970468190843,484.0103638520502,430.0480676201229,308.2467997505207,469.074651338662,181.51441878338963,404.64132926249766,352.6177826948738,198.58145076713973,381.15044984064366,343.0421309619583,406.09600217903494,364.60997569186424,168.873301480482,483.9965328936817,451.11137883558723,286.7899230106988,345.6560581841949,376.280949069441,455.14956352476804,439.9750990619974,466.321380205053,451.6923537184896,419.4319408651247,431.64089290673553,448.88390968399995,440.10822095079726,421.24645265192606,333.8659392943138,484.33817668239504,479.65482360267526,485.81461738597596,376.388449671829,467.0966995473217,465.11471356252764,484.4657469999198,464.10969913167537,486.6588397782695,375.49416309576804,406.6967771668967,361.46933629248616,377.7754186169259,465.6852041579456,404.3563762651335,418.88029632584033,422.30108953634976,327.10129148478165,445.1212841514171,404.8612698943025,431.4129308949103,368.2506312839173,467.17692821289654,429.67388920756576,371.3969398879254,475.72303636256254,380.6546436278985,454.34143011525555,419.57819460169964,433.3601042284166,266.376083942933,451.1516518450493,484.23243062207786,429.1652088614893,433.5192005097892,334.59739819086997,436.9167019779112,426.76434303713023,373.13122851398384,416.1573199177331,368.84119628391505,472.2979277400564,474.569996316524,435.63053212067155,357.75488549577346,369.8196707203482,274.78855367826
9,19,361.18211703972975,279.80007659312463,394.31846311751536,478.63966884368193,419.73112079240207,392.29001625125983,465.1596302728582,434.375202935332,457.5872710511446,388.50896587637664,225.29902980249537,382.5602139695302,230.24069804663569,302.85559799728486,411.5329393492601,426.0528490012698,478.4488328568696,449.3625925526957,404.62504518268406,404.51935872340755,387.70953979829113,369.21788750707884,421.4182572214672,492.3797209189242,152.19814022705253,396.99380356190284,472.81773317041467,336.9957992154869,438.3107239065258,337.3616113554747,360.0353377981305,471.8126626999334,478.0914480974228,401.8316985171921,249.37202376821,444.6617415965263,491.39307802721515,462.71507922556,484.1009762339129,458.9869757538317,237.63940100573367,426.2345050126867,428.23972663676807,457.41991802874435,449.7295047018192,446.606641234888,470.1523159072358,480.460829768312,469.90285790677467,476.33200455338556,446.505101995546,479.7341428560032,480.4045374203017,277.19619433471945,414.8223653119731,369.8126861375311,330.54148060563415,476.9956311447239,402.14293762023965,499.4837057940848,444.67972235489185,447.590637938198,329.0883662631307,470.9975966161156,475.6559369027824,371.39987221614757,370.19130298195404,399.6512887440392,445.17054362325695,432.48264607723166,320.2581014390622,334.4865107200414,399.5148977606685,453.37665046375633,426.6271761265375,247.66140357239925,351.7035188709086,441.20544405858357,399.610004837167,479.3910746615821,458.47827326214514,439.69542705652276,483.21452986711125,450.95848417014,389.0342116583279,428.8159611924157,403.38822324020947,336.89884934775034,310.8367745706553,257.98169125154413,432.28231633491157,422.08290945986164,258.26159805678265,61.526232252510624,271.2586637620612,443.76405650159387,341.54927281378747,432.8718666577188,472.5722631190913,330.79650397800856,474.26978275702595,484.41174970514606,484.8461549436661,483.7537736946192,407.80476954208996,455.23584994195147,449.45524870706214,484.1368605615752,403.00337304392514,465.216993743903,470.11691008348083,417.2138798578107,448.36504269272217,479.80948378419725,390.2976182988019,437.8627549514134,431.2014235095146,319.5625543191868,404.7325757177729,391.107496337838,383.5948221502253,382.52829541073527,449.915948523547,478.31780267096883,369.81970468190843,484.0103638520502,430.0480676201229,308.2467997505207,469.074651338662,181.51441878338963,404.64132926249766,352.6177826948738,198.58145076713973,381.15044984064366,343.0421309619583,406.09600217903494,364.60997569186424,168.873301480482,483.9965328936817,451.11137883558723,286.7899230106988,345.6560581841949,376.280949069441,455.14956352476804,439.9750990619974,466.321380205053,451.6923537184896,419.4319408651247,431.64089290673553,448.88390968399995,440.10822095079726,421.24645265192606,333.8659392943138,484.33817668239504,479.65482360267526,485.81461738597596,376.388449671829,467.0966995473217,465.11471356252764,484.4657469999198,464.10969913167537,486.6588397782695,375.49416309576804,406.6967771668967,361.46933629248616,377.7754186169259,465.6852041579456,404.3563762651335,418.88029632584033,422.30108953634976,327.10129148478165,445.1212841514171,404.8612698943025,431.4129308949103,368.2506312839173,467.17692821289654,429.67388920756576,371.3969398879254,475.72303636256254,380.6546436278985,454.34143011525555,419.57819460169964,433.3601042284166,266.376083942933,451.1516518450493,484.23243062207786,429.1652088614893,433.5192005097892,334.59739819086997,436.9167019779112,426.76434303713023,373.13122851398384,416.1573199177331,368.84119628391505,472.2979277400564,474.569996316524,435.63053212067155,357.75488549577346,369.8196707203482,274.78855367826
9,20,361.18211703972975,279.80007659312463,394.31846311751536,478.63966884368193,419.73112079240207,392.29001625125983,465.1596302728582,434.375202935332,457.5872710511446,388.50896587637664,225.29902980249537,382.5602139695302,230.24069804663569,302.85559799728486,411.5329393492601,426.0528490012698,478.4488328568696,449.3625925526957,404.62504518268406,404.51935872340755,387.70953979829113,369.21788750707884,421.4182572214672,492.3797209189242,152.19814022705253,396.99380356190284,472.81773317041467,336.9957992154869,438.3107239065258,337.3616113554747,360.0353377981305,471.8126626999334,478.0914480974228,401.8316985171921,249.37202376821,444.6617415965263,491.39307802721515,462.71507922556,484.1009762339129,458.9869757538317,237.63940100573367,426.2345050126867,428.23972663676807,457.41991802874435,449.7295047018192,446.606641234888,470.1523159072358,480.460829768312,469.90285790677467,476.33200455338556,446.505101995546,479.7341428560032,480.4045374203017,277.19619433471945,414.8223653119731,369.8126861375311,330.54148060563415,476.9956311447239,402.14293762023965,499.4837057940848,444.67972235489185,447.590637938198,329.0883662631307,470.9975966161156,475.6559369027824,371.39987221614757,370.19130298195404,399.6512887440392,445.17054362325695,432.48264607723166,320.2581014390622,334.4865107200414,399.5148977606685,453.37665046375633,426.6271761265375,247.66140357239925,351.7035188709086,441.20544405858357,399.610004837167,479.3910746615821,458.47827326214514,439.69542705652276,483.21452986711125,450.95848417014,389.0342116583279,428.8159611924157,403.38822324020947,336.89884934775034,310.8367745706553,257.98169125154413,432.28231633491157,422.08290945986164,258.26159805678265,61.526232252510624,271.2586637620612,443.76405650159387,341.54927281378747,432.8718666577188,472.5722631190913,330.79650397800856,474.26978275702595,484.41174970514606,484.8461549436661,483.7537736946192,407.80476954208996,455.23584994195147,449.45524870706214,484.1368605615752,403.00337304392514,465.216993743903,470.11691008348083,417.2138798578107,448.36504269272217,479.80948378419725,390.2976182988019,437.8627549514134,431.2014235095146,319.5625543191868,404.7325757177729,391.107496337838,383.5948221502253,382.52829541073527,449.915948523547,478.31780267096883,369.81970468190843,484.0103638520502,430.0480676201229,308.2467997505207,469.074651338662,181.51441878338963,404.64132926249766,352.6177826948738,198.58145076713973,381.15044984064366,343.0421309619583,406.09600217903494,364.60997569186424,168.873301480482,483.9965328936817,451.11137883558723,286.7899230106988,345.6560581841949,376.280949069441,455.14956352476804,439.9750990619974,466.321380205053,451.6923537184896,419.4319408651247,431.64089290673553,448.88390968399995,440.10822095079726,421.24645265192606,333.8659392943138,484.33817668239504,479.65482360267526,485.81461738597596,376.388449671829,467.0966995473217,465.11471356252764,484.4657469999198,464.10969913167537,486.6588397782695,375.49416309576804,406.6967771668967,361.46933629248616,377.7754186169259,465.6852041579456,404.3563762651335,418.88029632584033,422.30108953634976,327.10129148478165,445.1212841514171,404.8612698943025,431.4129308949103,368.2506312839173,467.17692821289654,429.67388920756576,371.3969398879254,475.72303636256254,380.6546436278985,454.34143011525555,419.57819460169964,433.3601042284166,266.376083942933,451.1516518450493,484.23243062207786,429.1652088614893,433.5192005097892,334.59739819086997,436.9167019779112,426.76434303713023,373.13122851398384,416.1573199177331,368.84119628391505,472.2979277400564,474.569996316524,435.63053212067155,357.75488549577346,369.8196707203482,274.78855367826
9,21,361.18211703972975,279.80007659312463,394.31846311751536,478.63966884368193,419.73112079240207,392.29001625125983,465.1596302728582,434.375202935332,457.5872710511446,388.50896587637664,225.29902980249537,382.5602139695302,230.24069804663569,302.85559799728486,411.5329393492601,426.0528490012698,478.4488328568696,449.3625925526957,404.62504518268406,404.51935872340755,387.70953979829113,369.21788750707884,421.4182572214672,492.3797209189242,152.19814022705253,396.99380356190284,472.81773317041467,336.9957992154869,438.3107239065258,337.3616113554747,360.0353377981305,471.8126626999334,478.0914480974228,401.8316985171921,249.37202376821,444.6617415965263,491.39307802721515,462.71507922556,484.1009762339129,458.9869757538317,237.63940100573367,426.2345050126867,428.23972663676807,457.41991802874435,449.7295047018192,446.606641234888,470.1523159072358,480.460829768312,469.90285790677467,476.33200455338556,446.505101995546,479.7341428560032,480.4045374203017,277.19619433471945,414.8223653119731,369.8126861375311,330.54148060563415,476.9956311447239,402.14293762023965,499.4837057940848,444.67972235489185,447.590637938198,329.0883662631307,470.9975966161156,475.6559369027824,371.39987221614757,370.19130298195404,399.6512887440392,445.17054362325695,432.48264607723166,320.2581014390622,334.4865107200414,399.5148977606685,453.37665046375633,426.6271761265375,247.66140357239925,351.7035188709086,441.20544405858357,399.610004837167,479.3910746615821,458.47827326214514,439.69542705652276,483.21452986711125,450.95848417014,389.0342116583279,428.8159611924157,403.38822324020947,336.89884934775034,310.8367745706553,257.98169125154413,432.28231633491157,422.08290945986164,258.26159805678265,61.526232252510624,271.2586637620612,443.76405650159387,341.54927281378747,432.8718666577188,472.5722631190913,330.79650397800856,474.26978275702595,484.41174970514606,484.8461549436661,483.7537736946192,407.80476954208996,455.23584994195147,449.45524870706214,484.1368605615752,403.00337304392514,465.216993743903,470.11691008348083,417.2138798578107,448.36504269272217,479.80948378419725,390.2976182988019,437.8627549514134,431.2014235095146,319.5625543191868,404.7325757177729,391.107496337838,383.5948221502253,382.52829541073527,449.915948523547,478.31780267096883,369.81970468190843,484.0103638520502,430.0480676201229,308.2467997505207,469.074651338662,181.51441878338963,404.64132926249766,352.6177826948738,198.58145076713973,381.15044984064366,343.0421309619583,406.09600217903494,364.60997569186424,168.873301480482,483.9965328936817,451.11137883558723,286.7899230106988,345.6560581841949,376.280949069441,455.14956352476804,439.9750990619974,466.321380205053,451.6923537184896,419.4319408651247,431.64089290673553,448.88390968399995,440.10822095079726,421.24645265192606,333.8659392943138,484.33817668239504,479.65482360267526,485.81461738597596,376.388449671829,467.0966995473217,465.11471356252764,484.4657469999198,464.10969913167537,486.6588397782695,375.49416309576804,406.6967771668967,361.46933629248616,377.7754186169259,465.6852041579456,404.3563762651335,418.88029632584033,422.30108953634976,327.10129148478165,445.1212841514171,404.8612698943025,431.4129308949103,368.2506312839173,467.17692821289654,429.67388920756576,371.3969398879254,475.72303636256254,380.6546436278985,454.34143011525555,419.57819460169964,433.3601042284166,266.376083942933,451.1516518450493,484.23243062207786,429.1652088614893,433.5192005097892,334.59739819086997,436.9167019779112,426.76434303713023,373.13122851398384,416.1573199177331,368.84119628391505,472.2979277400564,474.569996316524,435.63053212067155,357.75488549577346,369.8196707203482,274.78855367826
9,22,361.18211703972975,279.80007659312463,394.31846311751536,478.63966884368193,419.73112079240207,392.29001625125983,465.1596302728582,434.375202935332,457.5872710511446,388.50896587637664,225.29902980249537,382.5602139695302,230.24069804663569,302.85559799728486,411.5329393492601,426.0528490012698,478.4488328568696,449.3625925526957,404.62504518268406,404.51935872340755,387.70953979829113,369.21788750707884,421.4182572214672,492.3797209189242,152.19814022705253,396.99380356190284,472.81773317041467,336.9957992154869,438.3107239065258,337.3616113554747,360.0353377981305,471.8126626999334,478.0914480974228,401.8316985171921,249.37202376821,444.6617415965263,491.39307802721515,462.71507922556,484.1009762339129,458.9869757538317,237.63940100573367,426.2345050126867,428.23972663676807,457.41991802874435,449.7295047018192,446.606641234888,470.1523159072358,480.460829768312,469.90285790677467,476.33200455338556,446.505101995546,479.7341428560032,480.4045374203017,277.19619433471945,414.8223653119731,369.8126861375311,330.54148060563415,476.9956311447239,402.14293762023965,499.4837057940848,444.67972235489185,447.590637938198,329.0883662631307,470.9975966161156,475.6559369027824,371.39987221614757,370.19130298195404,399.6512887440392,445.17054362325695,432.48264607723166,320.2581014390622,334.4865107200414,399.5148977606685,453.37665046375633,426.6271761265375,247.66140357239925,351.7035188709086,441.20544405858357,399.610004837167,479.3910746615821,458.47827326214514,439.69542705652276,483.21452986711125,450.95848417014,389.0342116583279,428.8159611924157,403.38822324020947,336.89884934775034,310.8367745706553,257.98169125154413,432.28231633491157,422.08290945986164,258.26159805678265,61.526232252510624,271.2586637620612,443.76405650159387,341.54927281378747,432.8718666577188,472.5722631190913,330.79650397800856,474.26978275702595,484.41174970514606,484.8461549436661,483.7537736946192,407.80476954208996,455.23584994195147,449.45524870706214,484.1368605615752,403.00337304392514,465.216993743903,470.11691008348083,417.2138798578107,448.36504269272217,479.80948378419725,390.2976182988019,437.8627549514134,431.2014235095146,319.5625543191868,404.7325757177729,391.107496337838,383.5948221502253,382.52829541073527,449.915948523547,478.31780267096883,369.81970468190843,484.0103638520502,430.0480676201229,308.2467997505207,469.074651338662,181.51441878338963,404.64132926249766,352.6177826948738,198.58145076713973,381.15044984064366,343.0421309619583,406.09600217903494,364.60997569186424,168.873301480482,483.9965328936817,451.11137883558723,286.7899230106988,345.6560581841949,376.280949069441,455.14956352476804,439.9750990619974,466.321380205053,451.6923537184896,419.4319408651247,431.64089290673553,448.88390968399995,440.10822095079726,421.24645265192606,333.8659392943138,484.33817668239504,479.65482360267526,485.81461738597596,376.388449671829,467.0966995473217,465.11471356252764,484.4657469999198,464.10969913167537,486.6588397782695,375.49416309576804,406.6967771668967,361.46933629248616,377.7754186169259,465.6852041579456,404.3563762651335,418.88029632584033,422.30108953634976,327.10129148478165,445.1212841514171,404.8612698943025,431.4129308949103,368.2506312839173,467.17692821289654,429.67388920756576,371.3969398879254,475.72303636256254,380.6546436278985,454.34143011525555,419.57819460169964,433.3601042284166,266.376083942933,451.1516518450493,484.23243062207786,429.1652088614893,433.5192005097892,334.59739819086997,436.9167019779112,426.76434303713023,373.13122851398384,416.1573199177331,368.84119628391505,472.2979277400564,474.569996316524,435.63053212067155,357.75488549577346,369.8196707203482,274.78855367826
9,23,361.18211703972975,279.80007659312463,394.31846311751536,478.63966884368193,419.73112079240207,392.29001625125983,465.1596302728582,434.375202935332,457.5872710511446,388.50896587637664,225.29902980249537,382.5602139695302,230.24069804663569,302.85559799728486,411.5329393492601,426.0528490012698,478.4488328568696,449.3625925526957,404.62504518268406,404.51935872340755,387.70953979829113,369.21788750707884,421.4182572214672,492.3797209189242,152.19814022705253,396.99380356190284,472.81773317041467,336.9957992154869,438.3107239065258,337.3616113554747,360.0353377981305,471.8126626999334,478.0914480974228,401.8316985171921,249.37202376821,444.6617415965263,491.39307802721515,462.71507922556,484.1009762339129,458.9869757538317,237.63940100573367,426.2345050126867,428.23972663676807,457.41991802874435,449.7295047018192,446.606641234888,470.1523159072358,480.460829768312,469.90285790677467,476.33200455338556,446.505101995546,479.7341428560032,480.4045374203017,277.19619433471945,414.8223653119731,369.8126861375311,330.54148060563415,476.9956311447239,402.14293762023965,499.4837057940848,444.67972235489185,447.590637938198,329.0883662631307,470.9975966161156,475.6559369027824,371.39987221614757,370.19130298195404,399.6512887440392,445.17054362325695,432.48264607723166,320.2581014390622,334.4865107200414,399.5148977606685,453.37665046375633,426.6271761265375,247.66140357239925,351.7035188709086,441.20544405858357,399.610004837167,479.3910746615821,458.47827326214514,439.69542705652276,483.21452986711125,450.95848417014,389.0342116583279,428.8159611924157,403.38822324020947,336.89884934775034,310.8367745706553,257.98169125154413,432.28231633491157,422.08290945986164,258.26159805678265,61.526232252510624,271.2586637620612,443.76405650159387,341.54927281378747,432.8718666577188,472.5722631190913,330.79650397800856,474.26978275702595,484.41174970514606,484.8461549436661,483.7537736946192,407.80476954208996,455.23584994195147,449.45524870706214,484.1368605615752,403.00337304392514,465.216993743903,470.11691008348083,417.2138798578107,448.36504269272217,479.80948378419725,390.2976182988019,437.8627549514134,431.2014235095146,319.5625543191868,404.7325757177729,391.107496337838,383.5948221502253,382.52829541073527,449.915948523547,478.31780267096883,369.81970468190843,484.0103638520502,430.0480676201229,308.2467997505207,469.074651338662,181.51441878338963,404.64132926249766,352.6177826948738,198.58145076713973,381.15044984064366,343.0421309619583,406.09600217903494,364.60997569186424,168.873301480482,483.9965328936817,451.11137883558723,286.7899230106988,345.6560581841949,376.280949069441,455.14956352476804,439.9750990619974,466.321380205053,451.6923537184896,419.4319408651247,431.64089290673553,448.88390968399995,440.10822095079726,421.24645265192606,333.8659392943138,484.33817668239504,479.65482360267526,485.81461738597596,376.388449671829,467.0966995473217,465.11471356252764,484.4657469999198,464.10969913167537,486.6588397782695,375.49416309576804,406.6967771668967,361.46933629248616,377.7754186169259,465.6852041579456,404.3563762651335,418.88029632584033,422.30108953634976,327.10129148478165,445.1212841514171,404.8612698943025,431.4129308949103,368.2506312839173,467.17692821289654,429.67388920756576,371.3969398879254,475.72303636256254,380.6546436278985,454.34143011525555,419.57819460169964,433.3601042284166,266.376083942933,451.1516518450493,484.23243062207786,429.1652088614893,433.5192005097892,334.59739819086997,436.9167019779112,426.76434303713023,373.13122851398384,416.1573199177331,368.84119628391505,472.2979277400564,474.569996316524,435.63053212067155,357.75488549577346,369.8196707203482,274.78855367826
9,24,361.18211703972975,279.80007659312463,394.31846311751536,478.63966884368193,419.73112079240207,392.29001625125983,465.1596302728582,434.375202935332,457.5872710511446,388.50896587637664,225.29902980249537,382.5602139695302,230.24069804663569,302.85559799728486,411.5329393492601,426.0528490012698,478.4488328568696,449.3625925526957,404.62504518268406,404.51935872340755,387.70953979829113,369.21788750707884,421.4182572214672,492.3797209189242,152.19814022705253,396.99380356190284,472.81773317041467,336.9957992154869,438.3107239065258,337.3616113554747,360.0353377981305,471.8126626999334,478.0914480974228,401.8316985171921,249.37202376821,444.6617415965263,491.39307802721515,462.71507922556,484.1009762339129,458.9869757538317,237.63940100573367,426.2345050126867,428.23972663676807,457.41991802874435,449.7295047018192,446.606641234888,470.1523159072358,480.460829768312,469.90285790677467,476.33200455338556,446.505101995546,479.7341428560032,480.4045374203017,277.19619433471945,414.8223653119731,369.8126861375311,330.54148060563415,476.9956311447239,402.14293762023965,499.4837057940848,444.67972235489185,447.590637938198,329.0883662631307,470.9975966161156,475.6559369027824,371.39987221614757,370.19130298195404,399.6512887440392,445.17054362325695,432.48264607723166,320.2581014390622,334.4865107200414,399.5148977606685,453.37665046375633,426.6271761265375,247.66140357239925,351.7035188709086,441.20544405858357,399.610004837167,479.3910746615821,458.47827326214514,439.69542705652276,483.21452986711125,450.95848417014,389.0342116583279,428.8159611924157,403.38822324020947,336.89884934775034,310.8367745706553,257.98169125154413,432.28231633491157,422.08290945986164,258.26159805678265,61.526232252510624,271.2586637620612,443.76405650159387,341.54927281378747,432.8718666577188,472.5722631190913,330.79650397800856,474.26978275702595,484.41174970514606,484.8461549436661,483.7537736946192,407.80476954208996,455.23584994195147,449.45524870706214,484.1368605615752,403.00337304392514,465.216993743903,470.11691008348083,417.2138798578107,448.36504269272217,479.80948378419725,390.2976182988019,437.8627549514134,431.2014235095146,319.5625543191868,404.7325757177729,391.107496337838,383.5948221502253,382.52829541073527,449.915948523547,478.31780267096883,369.81970468190843,484.0103638520502,430.0480676201229,308.2467997505207,469.074651338662,181.51441878338963,404.64132926249766,352.6177826948738,198.58145076713973,381.15044984064366,343.0421309619583,406.09600217903494,364.60997569186424,168.873301480482,483.9965328936817,451.11137883558723,286.7899230106988,345.6560581841949,376.280949069441,455.14956352476804,439.9750990619974,466.321380205053,451.6923537184896,419.4319408651247,431.64089290673553,448.88390968399995,440.10822095079726,421.24645265192606,333.8659392943138,484.33817668239504,479.65482360267526,485.81461738597596,376.388449671829,467.0966995473217,465.11471356252764,484.4657469999198,464.10969913167537,486.6588397782695,375.49416309576804,406.6967771668967,361.46933629248616,377.7754186169259,465.6852041579456,404.3563762651335,418.88029632584033,422.30108953634976,327.10129148478165,445.1212841514171,404.8612698943025,431.4129308949103,368.2506312839173,467.17692821289654,429.67388920756576,371.3969398879254,475.72303636256254,380.6546436278985,454.34143011525555,419.57819460169964,433.3601042284166,266.376083942933,451.1516518450493,484.23243062207786,429.1652088614893,433.5192005097892,334.59739819086997,436.9167019779112,426.76434303713023,373.13122851398384,416.1573199177331,368.84119628391505,472.2979277400564,474.569996316524,435.63053212067155,357.75488549577346,369.8196707203482,274.78855367826
9,25,361.18211703972975,279.80007659312463,394.31846311751536,478.63966884368193,419.73112079240207,392.29001625125983,465.1596302728582,434.375202935332,457.5872710511446,388.50896587637664,225.29902980249537,382.5602139695302,230.24069804663569,302.85559799728486,411.5329393492601,426.0528490012698,478.4488328568696,449.3625925526957,404.62504518268406,404.51935872340755,387.70953979829113,369.21788750707884,421.4182572214672,492.3797209189242,152.19814022705253,396.99380356190284,472.81773317041467,336.9957992154869,438.3107239065258,337.3616113554747,360.0353377981305,471.8126626999334,478.0914480974228,401.8316985171921,249.37202376821,444.6617415965263,491.39307802721515,462.71507922556,484.1009762339129,458.9869757538317,237.63940100573367,426.2345050126867,428.23972663676807,457.41991802874435,449.7295047018192,446.606641234888,470.1523159072358,480.460829768312,469.90285790677467,476.33200455338556,446.505101995546,479.7341428560032,480.4045374203017,277.19619433471945,414.8223653119731,369.8126861375311,330.54148060563415,476.9956311447239,402.14293762023965,499.4837057940848,444.67972235489185,447.590637938198,329.0883662631307,470.9975966161156,475.6559369027824,371.39987221614757,370.19130298195404,399.6512887440392,445.17054362325695,432.48264607723166,320.2581014390622,334.4865107200414,399.5148977606685,453.37665046375633,426.6271761265375,247.66140357239925,351.7035188709086,441.20544405858357,399.610004837167,479.3910746615821,458.47827326214514,439.69542705652276,483.21452986711125,450.95848417014,389.0342116583279,428.8159611924157,403.38822324020947,336.89884934775034,310.8367745706553,257.98169125154413,432.28231633491157,422.08290945986164,258.26159805678265,61.526232252510624,271.2586637620612,443.76405650159387,341.54927281378747,432.8718666577188,472.5722631190913,330.79650397800856,474.26978275702595,484.41174970514606,484.8461549436661,483.7537736946192,407.80476954208996,455.23584994195147,449.45524870706214,484.1368605615752,403.00337304392514,465.216993743903,470.11691008348083,417.2138798578107,448.36504269272217,479.80948378419725,390.2976182988019,437.8627549514134,431.2014235095146,319.5625543191868,404.7325757177729,391.107496337838,383.5948221502253,382.52829541073527,449.915948523547,478.31780267096883,369.81970468190843,484.0103638520502,430.0480676201229,308.2467997505207,469.074651338662,181.51441878338963,404.64132926249766,352.6177826948738,198.58145076713973,381.15044984064366,343.0421309619583,406.09600217903494,364.60997569186424,168.873301480482,483.9965328936817,451.11137883558723,286.7899230106988,345.6560581841949,376.280949069441,455.14956352476804,439.9750990619974,466.321380205053,451.6923537184896,419.4319408651247,431.64089290673553,448.88390968399995,440.10822095079726,421.24645265192606,333.8659392943138,484.33817668239504,479.65482360267526,485.81461738597596,376.388449671829,467.0966995473217,465.11471356252764,484.4657469999198,464.10969913167537,486.6588397782695,375.49416309576804,406.6967771668967,361.46933629248616,377.7754186169259,465.6852041579456,404.3563762651335,418.88029632584033,422.30108953634976,327.10129148478165,445.1212841514171,404.8612698943025,431.4129308949103,368.2506312839173,467.17692821289654,429.67388920756576,371.3969398879254,475.72303636256254,380.6546436278985,454.34143011525555,419.57819460169964,433.3601042284166,266.376083942933,451.1516518450493,484.23243062207786,429.1652088614893,433.5192005097892,334.59739819086997,436.9167019779112,426.76434303713023,373.13122851398384,416.1573199177331,368.84119628391505,472.2979277400564,474.569996316524,435.63053212067155,357.75488549577346,369.8196707203482,274.78855367826
9,26,361.18211703972975,279.80007659312463,394.31846311751536,478.63966884368193,419.73112079240207,392.29001625125983,465.1596302728582,434.375202935332,457.5872710511446,388.50896587637664,225.29902980249537,382.5602139695302,230.24069804663569,302.85559799728486,411.5329393492601,426.0528490012698,478.4488328568696,449.3625925526957,404.62504518268406,404.51935872340755,387.70953979829113,369.21788750707884,421.4182572214672,492.3797209189242,152.19814022705253,396.99380356190284,472.81773317041467,336.9957992154869,438.3107239065258,337.3616113554747,360.0353377981305,471.8126626999334,478.0914480974228,401.8316985171921,249.37202376821,444.6617415965263,491.39307802721515,462.71507922556,484.1009762339129,458.9869757538317,237.63940100573367,426.2345050126867,428.23972663676807,457.41991802874435,449.7295047018192,446.606641234888,470.1523159072358,480.460829768312,469.90285790677467,476.33200455338556,446.505101995546,479.7341428560032,480.4045374203017,277.19619433471945,414.8223653119731,369.8126861375311,330.54148060563415,476.9956311447239,402.14293762023965,499.4837057940848,444.67972235489185,447.590637938198,329.0883662631307,470.9975966161156,475.6559369027824,371.39987221614757,370.19130298195404,399.6512887440392,445.17054362325695,432.48264607723166,320.2581014390622,334.4865107200414,399.5148977606685,453.37665046375633,426.6271761265375,247.66140357239925,351.7035188709086,441.20544405858357,399.610004837167,479.3910746615821,458.47827326214514,439.69542705652276,483.21452986711125,450.95848417014,389.0342116583279,428.8159611924157,403.38822324020947,336.89884934775034,310.8367745706553,257.98169125154413,432.28231633491157,422.08290945986164,258.26159805678265,61.526232252510624,271.2586637620612,443.76405650159387,341.54927281378747,432.8718666577188,472.5722631190913,330.79650397800856,474.26978275702595,484.41174970514606,484.8461549436661,483.7537736946192,407.80476954208996,455.23584994195147,449.45524870706214,484.1368605615752,403.00337304392514,465.216993743903,470.11691008348083,417.2138798578107,448.36504269272217,479.80948378419725,390.2976182988019,437.8627549514134,431.2014235095146,319.5625543191868,404.7325757177729,391.107496337838,383.5948221502253,382.52829541073527,449.915948523547,478.31780267096883,369.81970468190843,484.0103638520502,430.0480676201229,308.2467997505207,469.074651338662,181.51441878338963,404.64132926249766,352.6177826948738,198.58145076713973,381.15044984064366,343.0421309619583,406.09600217903494,364.60997569186424,168.873301480482,483.9965328936817,451.11137883558723,286.7899230106988,345.6560581841949,376.280949069441,455.14956352476804,439.9750990619974,466.321380205053,451.6923537184896,419.4319408651247,431.64089290673553,448.88390968399995,440.10822095079726,421.24645265192606,333.8659392943138,484.33817668239504,479.65482360267526,485.81461738597596,376.388449671829,467.0966995473217,465.11471356252764,484.4657469999198,464.10969913167537,486.6588397782695,375.49416309576804,406.6967771668967,361.46933629248616,377.7754186169259,465.6852041579456,404.3563762651335,418.88029632584033,422.30108953634976,327.10129148478165,445.1212841514171,404.8612698943025,431.4129308949103,368.2506312839173,467.17692821289654,429.67388920756576,371.3969398879254,475.72303636256254,380.6546436278985,454.34143011525555,419.57819460169964,433.3601042284166,266.376083942933,451.1516518450493,484.23243062207786,429.1652088614893,433.5192005097892,334.59739819086997,436.9167019779112,426.76434303713023,373.13122851398384,416.1573199177331,368.84119628391505,472.2979277400564,474.569996316524,435.63053212067155,357.75488549577346,369.8196707203482,274.78855367826
9,27,361.18211703972975,279.80007659312463,394.31846311751536,478.63966884368193,419.73112079240207,392.29001625125983,465.1596302728582,434.375202935332,457.5872710511446,388.50896587637664,225.29902980249537,382.5602139695302,230.24069804663569,302.85559799728486,411.5329393492601,426.0528490012698,478.4488328568696,449.3625925526957,404.62504518268406,404.51935872340755,387.70953979829113,369.21788750707884,421.4182572214672,492.3797209189242,152.19814022705253,396.99380356190284,472.81773317041467,336.9957992154869,438.3107239065258,337.3616113554747,360.0353377981305,471.8126626999334,478.0914480974228,401.8316985171921,249.37202376821,444.6617415965263,491.39307802721515,462.71507922556,484.1009762339129,458.9869757538317,237.63940100573367,426.2345050126867,428.23972663676807,457.41991802874435,449.7295047018192,446.606641234888,470.1523159072358,480.460829768312,469.90285790677467,476.33200455338556,446.505101995546,479.7341428560032,480.4045374203017,277.19619433471945,414.8223653119731,369.8126861375311,330.54148060563415,476.9956311447239,402.14293762023965,499.4837057940848,444.67972235489185,447.590637938198,329.0883662631307,470.9975966161156,475.6559369027824,371.39987221614757,370.19130298195404,399.6512887440392,445.17054362325695,432.48264607723166,320.2581014390622,334.4865107200414,399.5148977606685,453.37665046375633,426.6271761265375,247.66140357239925,351.7035188709086,441.20544405858357,399.610004837167,479.3910746615821,458.47827326214514,439.69542705652276,483.21452986711125,450.95848417014,389.0342116583279,428.8159611924157,403.38822324020947,336.89884934775034,310.8367745706553,257.98169125154413,432.28231633491157,422.08290945986164,258.26159805678265,61.526232252510624,271.2586637620612,443.76405650159387,341.54927281378747,432.8718666577188,472.5722631190913,330.79650397800856,474.26978275702595,484.41174970514606,484.8461549436661,483.7537736946192,407.80476954208996,455.23584994195147,449.45524870706214,484.1368605615752,403.00337304392514,465.216993743903,470.11691008348083,417.2138798578107,448.36504269272217,479.80948378419725,390.2976182988019,437.8627549514134,431.2014235095146,319.5625543191868,404.7325757177729,391.107496337838,383.5948221502253,382.52829541073527,449.915948523547,478.31780267096883,369.81970468190843,484.0103638520502,430.0480676201229,308.2467997505207,469.074651338662,181.51441878338963,404.64132926249766,352.6177826948738,198.58145076713973,381.15044984064366,343.0421309619583,406.09600217903494,364.60997569186424,168.873301480482,483.9965328936817,451.11137883558723,286.7899230106988,345.6560581841949,376.280949069441,455.14956352476804,439.9750990619974,466.321380205053,451.6923537184896,419.4319408651247,431.64089290673553,448.88390968399995,440.10822095079726,421.24645265192606,333.8659392943138,484.33817668239504,479.65482360267526,485.81461738597596,376.388449671829,467.0966995473217,465.11471356252764,484.4657469999198,464.10969913167537,486.6588397782695,375.49416309576804,406.6967771668967,361.46933629248616,377.7754186169259,465.6852041579456,404.3563762651335,418.88029632584033,422.30108953634976,327.10129148478165,445.1212841514171,404.8612698943025,431.4129308949103,368.2506312839173,467.17692821289654,429.67388920756576,371.3969398879254,475.72303636256254,380.6546436278985,454.34143011525555,419.57819460169964,433.3601042284166,266.376083942933,451.1516518450493,484.23243062207786,429.1652088614893,433.5192005097892,334.59739819086997,436.9167019779112,426.76434303713023,373.13122851398384,416.1573199177331,368.84119628391505,472.2979277400564,474.569996316524,435.63053212067155,357.75488549577346,369.8196707203482,274.78855367826
9,28,361.18211703972975,279.80007659312463,394.31846311751536,478.63966884368193,419.73112079240207,392.29001625125983,465.1596302728582,434.375202935332,457.5872710511446,388.50896587637664,225.29902980249537,382.5602139695302,230.24069804663569,302.85559799728486,411.5329393492601,426.0528490012698,478.4488328568696,449.3625925526957,404.62504518268406,404.51935872340755,387.70953979829113,369.21788750707884,421.4182572214672,492.3797209189242,152.19814022705253,396.99380356190284,472.81773317041467,336.9957992154869,438.3107239065258,337.3616113554747,360.0353377981305,471.8126626999334,478.0914480974228,401.8316985171921,249.37202376821,444.6617415965263,491.39307802721515,462.71507922556,484.1009762339129,458.9869757538317,237.63940100573367,426.2345050126867,428.23972663676807,457.41991802874435,449.7295047018192,446.606641234888,470.1523159072358,480.460829768312,469.90285790677467,476.33200455338556,446.505101995546,479.7341428560032,480.4045374203017,277.19619433471945,414.8223653119731,369.8126861375311,330.54148060563415,476.9956311447239,402.14293762023965,499.4837057940848,444.67972235489185,447.590637938198,329.0883662631307,470.9975966161156,475.6559369027824,371.39987221614757,370.19130298195404,399.6512887440392,445.17054362325695,432.48264607723166,320.2581014390622,334.4865107200414,399.5148977606685,453.37665046375633,426.6271761265375,247.66140357239925,351.7035188709086,441.20544405858357,399.610004837167,479.3910746615821,458.47827326214514,439.69542705652276,483.21452986711125,450.95848417014,389.0342116583279,428.8159611924157,403.38822324020947,336.89884934775034,310.8367745706553,257.98169125154413,432.28231633491157,422.08290945986164,258.26159805678265,61.526232252510624,271.2586637620612,443.76405650159387,341.54927281378747,432.8718666577188,472.5722631190913,330.79650397800856,474.26978275702595,484.41174970514606,484.8461549436661,483.7537736946192,407.80476954208996,455.23584994195147,449.45524870706214,484.1368605615752,403.00337304392514,465.216993743903,470.11691008348083,417.2138798578107,448.36504269272217,479.80948378419725,390.2976182988019,437.8627549514134,431.2014235095146,319.5625543191868,404.7325757177729,391.107496337838,383.5948221502253,382.52829541073527,449.915948523547,478.31780267096883,369.81970468190843,484.0103638520502,430.0480676201229,308.2467997505207,469.074651338662,181.51441878338963,404.64132926249766,352.6177826948738,198.58145076713973,381.15044984064366,343.0421309619583,406.09600217903494,364.60997569186424,168.873301480482,483.9965328936817,451.11137883558723,286.7899230106988,345.6560581841949,376.280949069441,455.14956352476804,439.9750990619974,466.321380205053,451.6923537184896,419.4319408651247,431.64089290673553,448.88390968399995,440.10822095079726,421.24645265192606,333.8659392943138,484.33817668239504,479.65482360267526,485.81461738597596,376.388449671829,467.0966995473217,465.11471356252764,484.4657469999198,464.10969913167537,486.6588397782695,375.49416309576804,406.6967771668967,361.46933629248616,377.7754186169259,465.6852041579456,404.3563762651335,418.88029632584033,422.30108953634976,327.10129148478165,445.1212841514171,404.8612698943025,431.4129308949103,368.2506312839173,467.17692821289654,429.67388920756576,371.3969398879254,475.72303636256254,380.6546436278985,454.34143011525555,419.57819460169964,433.3601042284166,266.376083942933,451.1516518450493,484.23243062207786,429.1652088614893,433.5192005097892,334.59739819086997,436.9167019779112,426.76434303713023,373.13122851398384,416.1573199177331,368.84119628391505,472.2979277400564,474.569996316524,435.63053212067155,357.75488549577346,369.8196707203482,274.78855367826
9,29,361.18211703972975,279.80007659312463,394.31846311751536,478.63966884368193,419.73112079240207,392.29001625125983,465.1596302728582,434.375202935332,457.5872710511446,388.50896587637664,225.29902980249537,382.5602139695302,230.24069804663569,302.85559799728486,411.5329393492601,426.0528490012698,478.4488328568696,449.3625925526957,404.62504518268406,404.51935872340755,387.70953979829113,369.21788750707884,421.4182572214672,492.3797209189242,152.19814022705253,396.99380356190284,472.81773317041467,336.9957992154869,438.3107239065258,337.3616113554747,360.0353377981305,471.8126626999334,478.0914480974228,401.8316985171921,249.37202376821,444.6617415965263,491.39307802721515,462.71507922556,484.1009762339129,458.9869757538317,237.63940100573367,426.2345050126867,428.23972663676807,457.41991802874435,449.7295047018192,446.606641234888,470.1523159072358,480.460829768312,469.90285790677467,476.33200455338556,446.505101995546,479.7341428560032,480.4045374203017,277.19619433471945,414.8223653119731,369.8126861375311,330.54148060563415,476.9956311447239,402.14293762023965,499.4837057940848,444.67972235489185,447.590637938198,329.0883662631307,470.9975966161156,475.6559369027824,371.39987221614757,370.19130298195404,399.6512887440392,445.17054362325695,432.48264607723166,320.2581014390622,334.4865107200414,399.5148977606685,453.37665046375633,426.6271761265375,247.66140357239925,351.7035188709086,441.20544405858357,399.610004837167,479.3910746615821,458.47827326214514,439.69542705652276,483.21452986711125,450.95848417014,389.0342116583279,428.8159611924157,403.38822324020947,336.89884934775034,310.8367745706553,257.98169125154413,432.28231633491157,422.08290945986164,258.26159805678265,61.526232252510624,271.2586637620612,443.76405650159387,341.54927281378747,432.8718666577188,472.5722631190913,330.79650397800856,474.26978275702595,484.41174970514606,484.8461549436661,483.7537736946192,407.80476954208996,455.23584994195147,449.45524870706214,484.1368605615752,403.00337304392514,465.216993743903,470.11691008348083,417.2138798578107,448.36504269272217,479.80948378419725,390.2976182988019,437.8627549514134,431.2014235095146,319.5625543191868,404.7325757177729,391.107496337838,383.5948221502253,382.52829541073527,449.915948523547,478.31780267096883,369.81970468190843,484.0103638520502,430.0480676201229,308.2467997505207,469.074651338662,181.51441878338963,404.64132926249766,352.6177826948738,198.58145076713973,381.15044984064366,343.0421309619583,406.09600217903494,364.60997569186424,168.873301480482,483.9965328936817,451.11137883558723,286.7899230106988,345.6560581841949,376.280949069441,455.14956352476804,439.9750990619974,466.321380205053,451.6923537184896,419.4319408651247,431.64089290673553,448.88390968399995,440.10822095079726,421.24645265192606,333.8659392943138,484.33817668239504,479.65482360267526,485.81461738597596,376.388449671829,467.0966995473217,465.11471356252764,484.4657469999198,464.10969913167537,486.6588397782695,375.49416309576804,406.6967771668967,361.46933629248616,377.7754186169259,465.6852041579456,404.3563762651335,418.88029632584033,422.30108953634976,327.10129148478165,445.1212841514171,404.8612698943025,431.4129308949103,368.2506312839173,467.17692821289654,429.67388920756576,371.3969398879254,475.72303636256254,380.6546436278985,454.34143011525555,419.57819460169964,433.3601042284166,266.376083942933,451.1516518450493,484.23243062207786,429.1652088614893,433.5192005097892,334.59739819086997,436.9167019779112,426.76434303713023,373.13122851398384,416.1573199177331,368.84119628391505,472.2979277400564,474.569996316524,435.63053212067155,357.75488549577346,369.8196707203482,274.78855367826
9,30,361.18211703972975,279.80007659312463,394.31846311751536,478.63966884368193,419.73112079240207,392.29001625125983,465.1596302728582,434.375202935332,457.5872710511446,388.50896587637664,225.29902980249537,382.5602139695302,230.24069804663569,302.85559799728486,411.5329393492601,426.0528490012698,478.4488328568696,449.3625925526957,404.62504518268406,404.51935872340755,387.70953979829113,369.21788750707884,421.4182572214672,492.3797209189242,152.19814022705253,396.99380356190284,472.81773317041467,336.9957992154869,438.3107239065258,337.3616113554747,360.0353377981305,471.8126626999334,478.0914480974228,401.8316985171921,249.37202376821,444.6617415965263,491.39307802721515,462.71507922556,484.1009762339129,458.9869757538317,237.63940100573367,426.2345050126867,428.23972663676807,457.41991802874435,449.7295047018192,446.606641234888,470.1523159072358,480.460829768312,469.90285790677467,476.33200455338556,446.505101995546,479.7341428560032,480.4045374203017,277.19619433471945,414.8223653119731,369.8126861375311,330.54148060563415,476.9956311447239,402.14293762023965,499.4837057940848,444.67972235489185,447.590637938198,329.0883662631307,470.9975966161156,475.6559369027824,371.39987221614757,370.19130298195404,399.6512887440392,445.17054362325695,432.48264607723166,320.2581014390622,334.4865107200414,399.5148977606685,453.37665046375633,426.6271761265375,247.66140357239925,351.7035188709086,441.20544405858357,399.610004837167,479.3910746615821,458.47827326214514,439.69542705652276,483.21452986711125,450.95848417014,389.0342116583279,428.8159611924157,403.38822324020947,336.89884934775034,310.8367745706553,257.98169125154413,432.28231633491157,422.08290945986164,258.26159805678265,61.526232252510624,271.2586637620612,443.76405650159387,341.54927281378747,432.8718666577188,472.5722631190913,330.79650397800856,474.26978275702595,484.41174970514606,484.8461549436661,483.7537736946192,407.80476954208996,455.23584994195147,449.45524870706214,484.1368605615752,403.00337304392514,465.216993743903,470.11691008348083,417.2138798578107,448.36504269272217,479.80948378419725,390.2976182988019,437.8627549514134,431.2014235095146,319.5625543191868,404.7325757177729,391.107496337838,383.5948221502253,382.52829541073527,449.915948523547,478.31780267096883,369.81970468190843,484.0103638520502,430.0480676201229,308.2467997505207,469.074651338662,181.51441878338963,404.64132926249766,352.6177826948738,198.58145076713973,381.15044984064366,343.0421309619583,406.09600217903494,364.60997569186424,168.873301480482,483.9965328936817,451.11137883558723,286.7899230106988,345.6560581841949,376.280949069441,455.14956352476804,439.9750990619974,466.321380205053,451.6923537184896,419.4319408651247,431.64089290673553,448.88390968399995,440.10822095079726,421.24645265192606,333.8659392943138,484.33817668239504,479.65482360267526,485.81461738597596,376.388449671829,467.0966995473217,465.11471356252764,484.4657469999198,464.10969913167537,486.6588397782695,375.49416309576804,406.6967771668967,361.46933629248616,377.7754186169259,465.6852041579456,404.3563762651335,418.88029632584033,422.30108953634976,327.10129148478165,445.1212841514171,404.8612698943025,431.4129308949103,368.2506312839173,467.17692821289654,429.67388920756576,371.3969398879254,475.72303636256254,380.6546436278985,454.34143011525555,419.57819460169964,433.3601042284166,266.376083942933,451.1516518450493,484.23243062207786,429.1652088614893,433.5192005097892,334.59739819086997,436.9167019779112,426.76434303713023,373.13122851398384,416.1573199177331,368.84119628391505,472.2979277400564,474.569996316524,435.63053212067155,357.75488549577346,369.8196707203482,274.78855367826
9,31,361.18211703972975,279.80007659312463,394.31846311751536,478.63966884368193,419.73112079240207,392.29001625125983,465.1596302728582,434.375202935332,457.5872710511446,388.50896587637664,225.29902980249537,382.5602139695302,230.24069804663569,302.85559799728486,411.5329393492601,426.0528490012698,478.4488328568696,449.3625925526957,404.62504518268406,404.51935872340755,387.70953979829113,369.21788750707884,421.4182572214672,492.3797209189242,152.19814022705253,396.99380356190284,472.81773317041467,336.9957992154869,438.3107239065258,337.3616113554747,360.0353377981305,471.8126626999334,478.0914480974228,401.8316985171921,249.37202376821,444.6617415965263,491.39307802721515,462.71507922556,484.1009762339129,458.9869757538317,237.63940100573367,426.2345050126867,428.23972663676807,457.41991802874435,449.7295047018192,446.606641234888,470.1523159072358,480.460829768312,469.90285790677467,476.33200455338556,446.505101995546,479.7341428560032,480.4045374203017,277.19619433471945,414.8223653119731,369.8126861375311,330.54148060563415,476.9956311447239,402.14293762023965,499.4837057940848,444.67972235489185,447.590637938198,329.0883662631307,470.9975966161156,475.6559369027824,371.39987221614757,370.19130298195404,399.6512887440392,445.17054362325695,432.48264607723166,320.2581014390622,334.4865107200414,399.5148977606685,453.37665046375633,426.6271761265375,247.66140357239925,351.7035188709086,441.20544405858357,399.610004837167,479.3910746615821,458.47827326214514,439.69542705652276,483.21452986711125,450.95848417014,389.0342116583279,428.8159611924157,403.38822324020947,336.89884934775034,310.8367745706553,257.98169125154413,432.28231633491157,422.08290945986164,258.26159805678265,61.526232252510624,271.2586637620612,443.76405650159387,341.54927281378747,432.8718666577188,472.5722631190913,330.79650397800856,474.26978275702595,484.41174970514606,484.8461549436661,483.7537736946192,407.80476954208996,455.23584994195147,449.45524870706214,484.1368605615752,403.00337304392514,465.216993743903,470.11691008348083,417.2138798578107,448.36504269272217,479.80948378419725,390.2976182988019,437.8627549514134,431.2014235095146,319.5625543191868,404.7325757177729,391.107496337838,383.5948221502253,382.52829541073527,449.915948523547,478.31780267096883,369.81970468190843,484.0103638520502,430.0480676201229,308.2467997505207,469.074651338662,181.51441878338963,404.64132926249766,352.6177826948738,198.58145076713973,381.15044984064366,343.0421309619583,406.09600217903494,364.60997569186424,168.873301480482,483.9965328936817,451.11137883558723,286.7899230106988,345.6560581841949,376.280949069441,455.14956352476804,439.9750990619974,466.321380205053,451.6923537184896,419.4319408651247,431.64089290673553,448.88390968399995,440.10822095079726,421.24645265192606,333.8659392943138,484.33817668239504,479.65482360267526,485.81461738597596,376.388449671829,467.0966995473217,465.11471356252764,484.4657469999198,464.10969913167537,486.6588397782695,375.49416309576804,406.6967771668967,361.46933629248616,377.7754186169259,465.6852041579456,404.3563762651335,418.88029632584033,422.30108953634976,327.10129148478165,445.1212841514171,404.8612698943025,431.4129308949103,368.2506312839173,467.17692821289654,429.67388920756576,371.3969398879254,475.72303636256254,380.6546436278985,454.34143011525555,419.57819460169964,433.3601042284166,266.376083942933,451.1516518450493,484.23243062207786,429.1652088614893,433.5192005097892,334.59739819086997,436.9167019779112,426.76434303713023,373.13122851398384,416.1573199177331,368.84119628391505,472.2979277400564,474.569996316524,435.63053212067155,357.75488549577346,369.8196707203482,274.78855367826
9,32,361.18211703972975,279.80007659312463,394.31846311751536,478.63966884368193,419.73112079240207,392.29001625125983,465.1596302728582,434.375202935332,457.5872710511446,388.50896587637664,225.29902980249537,382.5602139695302,230.24069804663569,302.85559799728486,411.5329393492601,426.0528490012698,478.4488328568696,449.3625925526957,404.62504518268406,404.51935872340755,387.70953979829113,369.21788750707884,421.4182572214672,492.3797209189242,152.19814022705253,396.99380356190284,472.81773317041467,336.9957992154869,438.3107239065258,337.3616113554747,360.0353377981305,471.8126626999334,478.0914480974228,401.8316985171921,249.37202376821,444.6617415965263,491.39307802721515,462.71507922556,484.1009762339129,458.9869757538317,237.63940100573367,426.2345050126867,428.23972663676807,457.41991802874435,449.7295047018192,446.606641234888,470.1523159072358,480.460829768312,469.90285790677467,476.33200455338556,446.505101995546,479.7341428560032,480.4045374203017,277.19619433471945,414.8223653119731,369.8126861375311,330.54148060563415,476.9956311447239,402.14293762023965,499.4837057940848,444.67972235489185,447.590637938198,329.0883662631307,470.9975966161156,475.6559369027824,371.39987221614757,370.19130298195404,399.6512887440392,445.17054362325695,432.48264607723166,320.2581014390622,334.4865107200414,399.5148977606685,453.37665046375633,426.6271761265375,247.66140357239925,351.7035188709086,441.20544405858357,399.610004837167,479.3910746615821,458.47827326214514,439.69542705652276,483.21452986711125,450.95848417014,389.0342116583279,428.8159611924157,403.38822324020947,336.89884934775034,310.8367745706553,257.98169125154413,432.28231633491157,422.08290945986164,258.26159805678265,61.526232252510624,271.2586637620612,443.76405650159387,341.54927281378747,432.8718666577188,472.5722631190913,330.79650397800856,474.26978275702595,484.41174970514606,484.8461549436661,483.7537736946192,407.80476954208996,455.23584994195147,449.45524870706214,484.1368605615752,403.00337304392514,465.216993743903,470.11691008348083,417.2138798578107,448.36504269272217,479.80948378419725,390.2976182988019,437.8627549514134,431.2014235095146,319.5625543191868,404.7325757177729,391.107496337838,383.5948221502253,382.52829541073527,449.915948523547,478.31780267096883,369.81970468190843,484.0103638520502,430.0480676201229,308.2467997505207,469.074651338662,181.51441878338963,404.64132926249766,352.6177826948738,198.58145076713973,381.15044984064366,343.0421309619583,406.09600217903494,364.60997569186424,168.873301480482,483.9965328936817,451.11137883558723,286.7899230106988,345.6560581841949,376.280949069441,455.14956352476804,439.9750990619974,466.321380205053,451.6923537184896,419.4319408651247,431.64089290673553,448.88390968399995,440.10822095079726,421.24645265192606,333.8659392943138,484.33817668239504,479.65482360267526,485.81461738597596,376.388449671829,467.0966995473217,465.11471356252764,484.4657469999198,464.10969913167537,486.6588397782695,375.49416309576804,406.6967771668967,361.46933629248616,377.7754186169259,465.6852041579456,404.3563762651335,418.88029632584033,422.30108953634976,327.10129148478165,445.1212841514171,404.8612698943025,431.4129308949103,368.2506312839173,467.17692821289654,429.67388920756576,371.3969398879254,475.72303636256254,380.6546436278985,454.34143011525555,419.57819460169964,433.3601042284166,266.376083942933,451.1516518450493,484.23243062207786,429.1652088614893,433.5192005097892,334.59739819086997,436.9167019779112,426.76434303713023,373.13122851398384,416.1573199177331,368.84119628391505,472.2979277400564,474.569996316524,435.63053212067155,357.75488549577346,369.8196707203482,274.78855367826
9,33,361.18211703972975,279.80007659312463,394.31846311751536,478.63966884368193,419.73112079240207,392.29001625125983,465.1596302728582,434.375202935332,457.5872710511446,388.50896587637664,225.29902980249537,382.5602139695302,230.24069804663569,302.85559799728486,411.5329393492601,426.0528490012698,478.4488328568696,449.3625925526957,404.62504518268406,404.51935872340755,387.70953979829113,369.21788750707884,421.4182572214672,492.3797209189242,152.19814022705253,396.99380356190284,472.81773317041467,336.9957992154869,438.3107239065258,337.3616113554747,360.0353377981305,471.8126626999334,478.0914480974228,401.8316985171921,249.37202376821,444.6617415965263,491.39307802721515,462.71507922556,484.1009762339129,458.9869757538317,237.63940100573367,426.2345050126867,428.23972663676807,457.41991802874435,449.7295047018192,446.606641234888,470.1523159072358,480.460829768312,469.90285790677467,476.33200455338556,446.505101995546,479.7341428560032,480.4045374203017,277.19619433471945,414.8223653119731,369.8126861375311,330.54148060563415,476.9956311447239,402.14293762023965,499.4837057940848,444.67972235489185,447.590637938198,329.0883662631307,470.9975966161156,475.6559369027824,371.39987221614757,370.19130298195404,399.6512887440392,445.17054362325695,432.48264607723166,320.2581014390622,334.4865107200414,399.5148977606685,453.37665046375633,426.6271761265375,247.66140357239925,351.7035188709086,441.20544405858357,399.610004837167,479.3910746615821,458.47827326214514,439.69542705652276,483.21452986711125,450.95848417014,389.0342116583279,428.8159611924157,403.38822324020947,336.89884934775034,310.8367745706553,257.98169125154413,432.28231633491157,422.08290945986164,258.26159805678265,61.526232252510624,271.2586637620612,443.76405650159387,341.54927281378747,432.8718666577188,472.5722631190913,330.79650397800856,474.26978275702595,484.41174970514606,484.8461549436661,483.7537736946192,407.80476954208996,455.23584994195147,449.45524870706214,484.1368605615752,403.00337304392514,465.216993743903,470.11691008348083,417.2138798578107,448.36504269272217,479.80948378419725,390.2976182988019,437.8627549514134,431.2014235095146,319.5625543191868,404.7325757177729,391.107496337838,383.5948221502253,382.52829541073527,449.915948523547,478.31780267096883,369.81970468190843,484.0103638520502,430.0480676201229,308.2467997505207,469.074651338662,181.51441878338963,404.64132926249766,352.6177826948738,198.58145076713973,381.15044984064366,343.0421309619583,406.09600217903494,364.60997569186424,168.873301480482,483.9965328936817,451.11137883558723,286.7899230106988,345.6560581841949,376.280949069441,455.14956352476804,439.9750990619974,466.321380205053,451.6923537184896,419.4319408651247,431.64089290673553,448.88390968399995,440.10822095079726,421.24645265192606,333.8659392943138,484.33817668239504,479.65482360267526,485.81461738597596,376.388449671829,467.0966995473217,465.11471356252764,484.4657469999198,464.10969913167537,486.6588397782695,375.49416309576804,406.6967771668967,361.46933629248616,377.7754186169259,465.6852041579456,404.3563762651335,418.88029632584033,422.30108953634976,327.10129148478165,445.1212841514171,404.8612698943025,431.4129308949103,368.2506312839173,467.17692821289654,429.67388920756576,371.3969398879254,475.72303636256254,380.6546436278985,454.34143011525555,419.57819460169964,433.3601042284166,266.376083942933,451.1516518450493,484.23243062207786,429.1652088614893,433.5192005097892,334.59739819086997,436.9167019779112,426.76434303713023,373.13122851398384,416.1573199177331,368.84119628391505,472.2979277400564,474.569996316524,435.63053212067155,357.75488549577346,369.8196707203482,274.78855367826
9,34,361.18211703972975,279.80007659312463,394.31846311751536,478.63966884368193,419.73112079240207,392.29001625125983,465.1596302728582,434.375202935332,457.5872710511446,388.50896587637664,225.29902980249537,382.5602139695302,230.24069804663569,302.85559799728486,411.5329393492601,426.0528490012698,478.4488328568696,449.3625925526957,404.62504518268406,404.51935872340755,387.70953979829113,369.21788750707884,421.4182572214672,492.3797209189242,152.19814022705253,396.99380356190284,472.81773317041467,336.9957992154869,438.3107239065258,337.3616113554747,360.0353377981305,471.8126626999334,478.0914480974228,401.8316985171921,249.37202376821,444.6617415965263,491.39307802721515,462.71507922556,484.1009762339129,458.9869757538317,237.63940100573367,426.2345050126867,428.23972663676807,457.41991802874435,449.7295047018192,446.606641234888,470.1523159072358,480.460829768312,469.90285790677467,476.33200455338556,446.505101995546,479.7341428560032,480.4045374203017,277.19619433471945,414.8223653119731,369.8126861375311,330.54148060563415,476.9956311447239,402.14293762023965,499.4837057940848,444.67972235489185,447.590637938198,329.0883662631307,470.9975966161156,475.6559369027824,371.39987221614757,370.19130298195404,399.6512887440392,445.17054362325695,432.48264607723166,320.2581014390622,334.4865107200414,399.5148977606685,453.37665046375633,426.6271761265375,247.66140357239925,351.7035188709086,441.20544405858357,399.610004837167,479.3910746615821,458.47827326214514,439.69542705652276,483.21452986711125,450.95848417014,389.0342116583279,428.8159611924157,403.38822324020947,336.89884934775034,310.8367745706553,257.98169125154413,432.28231633491157,422.08290945986164,258.26159805678265,61.526232252510624,271.2586637620612,443.76405650159387,341.54927281378747,432.8718666577188,472.5722631190913,330.79650397800856,474.26978275702595,484.41174970514606,484.8461549436661,483.7537736946192,407.80476954208996,455.23584994195147,449.45524870706214,484.1368605615752,403.00337304392514,465.216993743903,470.11691008348083,417.2138798578107,448.36504269272217,479.80948378419725,390.2976182988019,437.8627549514134,431.2014235095146,319.5625543191868,404.7325757177729,391.107496337838,383.5948221502253,382.52829541073527,449.915948523547,478.31780267096883,369.81970468190843,484.0103638520502,430.0480676201229,308.2467997505207,469.074651338662,181.51441878338963,404.64132926249766,352.6177826948738,198.58145076713973,381.15044984064366,343.0421309619583,406.09600217903494,364.60997569186424,168.873301480482,483.9965328936817,451.11137883558723,286.7899230106988,345.6560581841949,376.280949069441,455.14956352476804,439.9750990619974,466.321380205053,451.6923537184896,419.4319408651247,431.64089290673553,448.88390968399995,440.10822095079726,421.24645265192606,333.8659392943138,484.33817668239504,479.65482360267526,485.81461738597596,376.388449671829,467.0966995473217,465.11471356252764,484.4657469999198,464.10969913167537,486.6588397782695,375.49416309576804,406.6967771668967,361.46933629248616,377.7754186169259,465.6852041579456,404.3563762651335,418.88029632584033,422.30108953634976,327.10129148478165,445.1212841514171,404.8612698943025,431.4129308949103,368.2506312839173,467.17692821289654,429.67388920756576,371.3969398879254,475.72303636256254,380.6546436278985,454.34143011525555,419.57819460169964,433.3601042284166,266.376083942933,451.1516518450493,484.23243062207786,429.1652088614893,433.5192005097892,334.59739819086997,436.9167019779112,426.76434303713023,373.13122851398384,416.1573199177331,368.84119628391505,472.2979277400564,474.569996316524,435.63053212067155,357.75488549577346,369.8196707203482,274.78855367826
9,35,361.18211703972975,279.80007659312463,394.31846311751536,478.63966884368193,419.73112079240207,392.29001625125983,465.1596302728582,434.375202935332,457.5872710511446,388.50896587637664,225.29902980249537,382.5602139695302,230.24069804663569,302.85559799728486,411.5329393492601,426.0528490012698,478.4488328568696,449.3625925526957,404.62504518268406,404.51935872340755,387.70953979829113,369.21788750707884,421.4182572214672,492.3797209189242,152.19814022705253,396.99380356190284,472.81773317041467,336.9957992154869,438.3107239065258,337.3616113554747,360.0353377981305,471.8126626999334,478.0914480974228,401.8316985171921,249.37202376821,444.6617415965263,491.39307802721515,462.71507922556,484.1009762339129,458.9869757538317,237.63940100573367,426.2345050126867,428.23972663676807,457.41991802874435,449.7295047018192,446.606641234888,470.1523159072358,480.460829768312,469.90285790677467,476.33200455338556,446.505101995546,479.7341428560032,480.4045374203017,277.19619433471945,414.8223653119731,369.8126861375311,330.54148060563415,476.9956311447239,402.14293762023965,499.4837057940848,444.67972235489185,447.590637938198,329.0883662631307,470.9975966161156,475.6559369027824,371.39987221614757,370.19130298195404,399.6512887440392,445.17054362325695,432.48264607723166,320.2581014390622,334.4865107200414,399.5148977606685,453.37665046375633,426.6271761265375,247.66140357239925,351.7035188709086,441.20544405858357,399.610004837167,479.3910746615821,458.47827326214514,439.69542705652276,483.21452986711125,450.95848417014,389.0342116583279,428.8159611924157,403.38822324020947,336.89884934775034,310.8367745706553,257.98169125154413,432.28231633491157,422.08290945986164,258.26159805678265,61.526232252510624,271.2586637620612,443.76405650159387,341.54927281378747,432.8718666577188,472.5722631190913,330.79650397800856,474.26978275702595,484.41174970514606,484.8461549436661,483.7537736946192,407.80476954208996,455.23584994195147,449.45524870706214,484.1368605615752,403.00337304392514,465.216993743903,470.11691008348083,417.2138798578107,448.36504269272217,479.80948378419725,390.2976182988019,437.8627549514134,431.2014235095146,319.5625543191868,404.7325757177729,391.107496337838,383.5948221502253,382.52829541073527,449.915948523547,478.31780267096883,369.81970468190843,484.0103638520502,430.0480676201229,308.2467997505207,469.074651338662,181.51441878338963,404.64132926249766,352.6177826948738,198.58145076713973,381.15044984064366,343.0421309619583,406.09600217903494,364.60997569186424,168.873301480482,483.9965328936817,451.11137883558723,286.7899230106988,345.6560581841949,376.280949069441,455.14956352476804,439.9750990619974,466.321380205053,451.6923537184896,419.4319408651247,431.64089290673553,448.88390968399995,440.10822095079726,421.24645265192606,333.8659392943138,484.33817668239504,479.65482360267526,485.81461738597596,376.388449671829,467.0966995473217,465.11471356252764,484.4657469999198,464.10969913167537,486.6588397782695,375.49416309576804,406.6967771668967,361.46933629248616,377.7754186169259,465.6852041579456,404.3563762651335,418.88029632584033,422.30108953634976,327.10129148478165,445.1212841514171,404.8612698943025,431.4129308949103,368.2506312839173,467.17692821289654,429.67388920756576,371.3969398879254,475.72303636256254,380.6546436278985,454.34143011525555,419.57819460169964,433.3601042284166,266.376083942933,451.1516518450493,484.23243062207786,429.1652088614893,433.5192005097892,334.59739819086997,436.9167019779112,426.76434303713023,373.13122851398384,416.1573199177331,368.84119628391505,472.2979277400564,474.569996316524,435.63053212067155,357.75488549577346,369.8196707203482,274.78855367826
9,36,361.18211703972975,279.80007659312463,394.31846311751536,478.63966884368193,419.73112079240207,392.29001625125983,465.1596302728582,434.375202935332,457.5872710511446,388.50896587637664,225.29902980249537,382.5602139695302,230.24069804663569,302.85559799728486,411.5329393492601,426.0528490012698,478.4488328568696,449.3625925526957,404.62504518268406,404.51935872340755,387.70953979829113,369.21788750707884,421.4182572214672,492.3797209189242,152.19814022705253,396.99380356190284,472.81773317041467,336.9957992154869,438.3107239065258,337.3616113554747,360.0353377981305,471.8126626999334,478.0914480974228,401.8316985171921,249.37202376821,444.6617415965263,491.39307802721515,462.71507922556,484.1009762339129,458.9869757538317,237.63940100573367,426.2345050126867,428.23972663676807,457.41991802874435,449.7295047018192,446.606641234888,470.1523159072358,480.460829768312,469.90285790677467,476.33200455338556,446.505101995546,479.7341428560032,480.4045374203017,277.19619433471945,414.8223653119731,369.8126861375311,330.54148060563415,476.9956311447239,402.14293762023965,499.4837057940848,444.67972235489185,447.590637938198,329.0883662631307,470.9975966161156,475.6559369027824,371.39987221614757,370.19130298195404,399.6512887440392,445.17054362325695,432.48264607723166,320.2581014390622,334.4865107200414,399.5148977606685,453.37665046375633,426.6271761265375,247.66140357239925,351.7035188709086,441.20544405858357,399.610004837167,479.3910746615821,458.47827326214514,439.69542705652276,483.21452986711125,450.95848417014,389.0342116583279,428.8159611924157,403.38822324020947,336.89884934775034,310.8367745706553,257.98169125154413,432.28231633491157,422.08290945986164,258.26159805678265,61.526232252510624,271.2586637620612,443.76405650159387,341.54927281378747,432.8718666577188,472.5722631190913,330.79650397800856,474.26978275702595,484.41174970514606,484.8461549436661,483.7537736946192,407.80476954208996,455.23584994195147,449.45524870706214,484.1368605615752,403.00337304392514,465.216993743903,470.11691008348083,417.2138798578107,448.36504269272217,479.80948378419725,390.2976182988019,437.8627549514134,431.2014235095146,319.5625543191868,404.7325757177729,391.107496337838,383.5948221502253,382.52829541073527,449.915948523547,478.31780267096883,369.81970468190843,484.0103638520502,430.0480676201229,308.2467997505207,469.074651338662,181.51441878338963,404.64132926249766,352.6177826948738,198.58145076713973,381.15044984064366,343.0421309619583,406.09600217903494,364.60997569186424,168.873301480482,483.9965328936817,451.11137883558723,286.7899230106988,345.6560581841949,376.280949069441,455.14956352476804,439.9750990619974,466.321380205053,451.6923537184896,419.4319408651247,431.64089290673553,448.88390968399995,440.10822095079726,421.24645265192606,333.8659392943138,484.33817668239504,479.65482360267526,485.81461738597596,376.388449671829,467.0966995473217,465.11471356252764,484.4657469999198,464.10969913167537,486.6588397782695,375.49416309576804,406.6967771668967,361.46933629248616,377.7754186169259,465.6852041579456,404.3563762651335,418.88029632584033,422.30108953634976,327.10129148478165,445.1212841514171,404.8612698943025,431.4129308949103,368.2506312839173,467.17692821289654,429.67388920756576,371.3969398879254,475.72303636256254,380.6546436278985,454.34143011525555,419.57819460169964,433.3601042284166,266.376083942933,451.1516518450493,484.23243062207786,429.1652088614893,433.5192005097892,334.59739819086997,436.9167019779112,426.76434303713023,373.13122851398384,416.1573199177331,368.84119628391505,472.2979277400564,474.569996316524,435.63053212067155,357.75488549577346,369.8196707203482,274.78855367826
9,37,361.18211703972975,279.80007659312463,394.31846311751536,478.63966884368193,419.73112079240207,392.29001625125983,465.1596302728582,434.375202935332,457.5872710511446,388.50896587637664,225.29902980249537,382.5602139695302,230.24069804663569,302.85559799728486,411.5329393492601,426.0528490012698,478.4488328568696,449.3625925526957,404.62504518268406,404.51935872340755,387.70953979829113,369.21788750707884,421.4182572214672,492.3797209189242,152.19814022705253,396.99380356190284,472.81773317041467,336.9957992154869,438.3107239065258,337.3616113554747,360.0353377981305,471.8126626999334,478.0914480974228,401.8316985171921,249.37202376821,444.6617415965263,491.39307802721515,462.71507922556,484.1009762339129,458.9869757538317,237.63940100573367,426.2345050126867,428.23972663676807,457.41991802874435,449.7295047018192,446.606641234888,470.1523159072358,480.460829768312,469.90285790677467,476.33200455338556,446.505101995546,479.7341428560032,480.4045374203017,277.19619433471945,414.8223653119731,369.8126861375311,330.54148060563415,476.9956311447239,402.14293762023965,499.4837057940848,444.67972235489185,447.590637938198,329.0883662631307,470.9975966161156,475.6559369027824,371.39987221614757,370.19130298195404,399.6512887440392,445.17054362325695,432.48264607723166,320.2581014390622,334.4865107200414,399.5148977606685,453.37665046375633,426.6271761265375,247.66140357239925,351.7035188709086,441.20544405858357,399.610004837167,479.3910746615821,458.47827326214514,439.69542705652276,483.21452986711125,450.95848417014,389.0342116583279,428.8159611924157,403.38822324020947,336.89884934775034,310.8367745706553,257.98169125154413,432.28231633491157,422.08290945986164,258.26159805678265,61.526232252510624,271.2586637620612,443.76405650159387,341.54927281378747,432.8718666577188,472.5722631190913,330.79650397800856,474.26978275702595,484.41174970514606,484.8461549436661,483.7537736946192,407.80476954208996,455.23584994195147,449.45524870706214,484.1368605615752,403.00337304392514,465.216993743903,470.11691008348083,417.2138798578107,448.36504269272217,479.80948378419725,390.2976182988019,437.8627549514134,431.2014235095146,319.5625543191868,404.7325757177729,391.107496337838,383.5948221502253,382.52829541073527,449.915948523547,478.31780267096883,369.81970468190843,484.0103638520502,430.0480676201229,308.2467997505207,469.074651338662,181.51441878338963,404.64132926249766,352.6177826948738,198.58145076713973,381.15044984064366,343.0421309619583,406.09600217903494,364.60997569186424,168.873301480482,483.9965328936817,451.11137883558723,286.7899230106988,345.6560581841949,376.280949069441,455.14956352476804,439.9750990619974,466.321380205053,451.6923537184896,419.4319408651247,431.64089290673553,448.88390968399995,440.10822095079726,421.24645265192606,333.8659392943138,484.33817668239504,479.65482360267526,485.81461738597596,376.388449671829,467.0966995473217,465.11471356252764,484.4657469999198,464.10969913167537,486.6588397782695,375.49416309576804,406.6967771668967,361.46933629248616,377.7754186169259,465.6852041579456,404.3563762651335,418.88029632584033,422.30108953634976,327.10129148478165,445.1212841514171,404.8612698943025,431.4129308949103,368.2506312839173,467.17692821289654,429.67388920756576,371.3969398879254,475.72303636256254,380.6546436278985,454.34143011525555,419.57819460169964,433.3601042284166,266.376083942933,451.1516518450493,484.23243062207786,429.1652088614893,433.5192005097892,334.59739819086997,436.9167019779112,426.76434303713023,373.13122851398384,416.1573199177331,368.84119628391505,472.2979277400564,474.569996316524,435.63053212067155,357.75488549577346,369.8196707203482,274.78855367826
9,38,361.18211703972975,279.80007659312463,394.31846311751536,478.63966884368193,419.73112079240207,392.29001625125983,465.1596302728582,434.375202935332,457.5872710511446,388.50896587637664,225.29902980249537,382.5602139695302,230.24069804663569,302.85559799728486,411.5329393492601,426.0528490012698,478.4488328568696,449.3625925526957,404.62504518268406,404.51935872340755,387.70953979829113,369.21788750707884,421.4182572214672,492.3797209189242,152.19814022705253,396.99380356190284,472.81773317041467,336.9957992154869,438.3107239065258,337.3616113554747,360.0353377981305,471.8126626999334,478.0914480974228,401.8316985171921,249.37202376821,444.6617415965263,491.39307802721515,462.71507922556,484.1009762339129,458.9869757538317,237.63940100573367,426.2345050126867,428.23972663676807,457.41991802874435,449.7295047018192,446.606641234888,470.1523159072358,480.460829768312,469.90285790677467,476.33200455338556,446.505101995546,479.7341428560032,480.4045374203017,277.19619433471945,414.8223653119731,369.8126861375311,330.54148060563415,476.9956311447239,402.14293762023965,499.4837057940848,444.67972235489185,447.590637938198,329.0883662631307,470.9975966161156,475.6559369027824,371.39987221614757,370.19130298195404,399.6512887440392,445.17054362325695,432.48264607723166,320.2581014390622,334.4865107200414,399.5148977606685,453.37665046375633,426.6271761265375,247.66140357239925,351.7035188709086,441.20544405858357,399.610004837167,479.3910746615821,458.47827326214514,439.69542705652276,483.21452986711125,450.95848417014,389.0342116583279,428.8159611924157,403.38822324020947,336.89884934775034,310.8367745706553,257.98169125154413,432.28231633491157,422.08290945986164,258.26159805678265,61.526232252510624,271.2586637620612,443.76405650159387,341.54927281378747,432.8718666577188,472.5722631190913,330.79650397800856,474.26978275702595,484.41174970514606,484.8461549436661,483.7537736946192,407.80476954208996,455.23584994195147,449.45524870706214,484.1368605615752,403.00337304392514,465.216993743903,470.11691008348083,417.2138798578107,448.36504269272217,479.80948378419725,390.2976182988019,437.8627549514134,431.2014235095146,319.5625543191868,404.7325757177729,391.107496337838,383.5948221502253,382.52829541073527,449.915948523547,478.31780267096883,369.81970468190843,484.0103638520502,430.0480676201229,308.2467997505207,469.074651338662,181.51441878338963,404.64132926249766,352.6177826948738,198.58145076713973,381.15044984064366,343.0421309619583,406.09600217903494,364.60997569186424,168.873301480482,483.9965328936817,451.11137883558723,286.7899230106988,345.6560581841949,376.280949069441,455.14956352476804,439.9750990619974,466.321380205053,451.6923537184896,419.4319408651247,431.64089290673553,448.88390968399995,440.10822095079726,421.24645265192606,333.8659392943138,484.33817668239504,479.65482360267526,485.81461738597596,376.388449671829,467.0966995473217,465.11471356252764,484.4657469999198,464.10969913167537,486.6588397782695,375.49416309576804,406.6967771668967,361.46933629248616,377.7754186169259,465.6852041579456,404.3563762651335,418.88029632584033,422.30108953634976,327.10129148478165,445.1212841514171,404.8612698943025,431.4129308949103,368.2506312839173,467.17692821289654,429.67388920756576,371.3969398879254,475.72303636256254,380.6546436278985,454.34143011525555,419.57819460169964,433.3601042284166,266.376083942933,451.1516518450493,484.23243062207786,429.1652088614893,433.5192005097892,334.59739819086997,436.9167019779112,426.76434303713023,373.13122851398384,416.1573199177331,368.84119628391505,472.2979277400564,474.569996316524,435.63053212067155,357.75488549577346,369.8196707203482,274.78855367826
9,39,361.18211703972975,279.80007659312463,394.31846311751536,478.63966884368193,419.73112079240207,392.29001625125983,465.1596302728582,434.375202935332,457.5872710511446,388.50896587637664,225.29902980249537,382.5602139695302,230.24069804663569,302.85559799728486,411.5329393492601,426.0528490012698,478.4488328568696,449.3625925526957,404.62504518268406,404.51935872340755,387.70953979829113,369.21788750707884,421.4182572214672,492.3797209189242,152.19814022705253,396.99380356190284,472.81773317041467,336.9957992154869,438.3107239065258,337.3616113554747,360.0353377981305,471.8126626999334,478.0914480974228,401.8316985171921,249.37202376821,444.6617415965263,491.39307802721515,462.71507922556,484.1009762339129,458.9869757538317,237.63940100573367,426.2345050126867,428.23972663676807,457.41991802874435,449.7295047018192,446.606641234888,470.1523159072358,480.460829768312,469.90285790677467,476.33200455338556,446.505101995546,479.7341428560032,480.4045374203017,277.19619433471945,414.8223653119731,369.8126861375311,330.54148060563415,476.9956311447239,402.14293762023965,499.4837057940848,444.67972235489185,447.590637938198,329.0883662631307,470.9975966161156,475.6559369027824,371.39987221614757,370.19130298195404,399.6512887440392,445.17054362325695,432.48264607723166,320.2581014390622,334.4865107200414,399.5148977606685,453.37665046375633,426.6271761265375,247.66140357239925,351.7035188709086,441.20544405858357,399.610004837167,479.3910746615821,458.47827326214514,439.69542705652276,483.21452986711125,450.95848417014,389.0342116583279,428.8159611924157,403.38822324020947,336.89884934775034,310.8367745706553,257.98169125154413,432.28231633491157,422.08290945986164,258.26159805678265,61.526232252510624,271.2586637620612,443.76405650159387,341.54927281378747,432.8718666577188,472.5722631190913,330.79650397800856,474.26978275702595,484.41174970514606,484.8461549436661,483.7537736946192,407.80476954208996,455.23584994195147,449.45524870706214,484.1368605615752,403.00337304392514,465.216993743903,470.11691008348083,417.2138798578107,448.36504269272217,479.80948378419725,390.2976182988019,437.8627549514134,431.2014235095146,319.5625543191868,404.7325757177729,391.107496337838,383.5948221502253,382.52829541073527,449.915948523547,478.31780267096883,369.81970468190843,484.0103638520502,430.0480676201229,308.2467997505207,469.074651338662,181.51441878338963,404.64132926249766,352.6177826948738,198.58145076713973,381.15044984064366,343.0421309619583,406.09600217903494,364.60997569186424,168.873301480482,483.9965328936817,451.11137883558723,286.7899230106988,345.6560581841949,376.280949069441,455.14956352476804,439.9750990619974,466.321380205053,451.6923537184896,419.4319408651247,431.64089290673553,448.88390968399995,440.10822095079726,421.24645265192606,333.8659392943138,484.33817668239504,479.65482360267526,485.81461738597596,376.388449671829,467.0966995473217,465.11471356252764,484.4657469999198,464.10969913167537,486.6588397782695,375.49416309576804,406.6967771668967,361.46933629248616,377.7754186169259,465.6852041579456,404.3563762651335,418.88029632584033,422.30108953634976,327.10129148478165,445.1212841514171,404.8612698943025,431.4129308949103,368.2506312839173,467.17692821289654,429.67388920756576,371.3969398879254,475.72303636256254,380.6546436278985,454.34143011525555,419.57819460169964,433.3601042284166,266.376083942933,451.1516518450493,484.23243062207786,429.1652088614893,433.5192005097892,334.59739819086997,436.9167019779112,426.76434303713023,373.13122851398384,416.1573199177331,368.84119628391505,472.2979277400564,474.569996316524,435.63053212067155,357.75488549577346,369.8196707203482,274.78855367826
